0.0668896 0.0370233
0.133779 0.0889269
0.200669 0.129047
0.267559 0.141752
0.334448 0.143754
0.401338 0.250395
0.468227 0.266713
0.535117 0.323043
0.602007 0.37149
0.668896 0.357698
0.735786 0.360963
0.802676 0.429388
0.869565 0.477996
0.936455 0.409393
1.00334 0.439846
1.07023 0.49476
1.13712 0.587854
1.20401 0.641252
1.2709 0.654873
1.33779 0.63516
1.40468 0.62029
1.47157 0.590337
1.53846 0.585077
1.60535 0.621422
1.67224 0.590817
1.73913 0.606788
1.80602 0.611731
1.87291 0.717887
1.9398 0.712842
2.00669 0.63626
2.07358 0.69956
2.14047 0.689744
2.20736 0.69027
2.27425 0.671408
2.34114 0.689012
2.40803 0.477808
2.47492 0.703936
2.54181 0.562243
2.6087 0.62615
2.67559 0.663823
2.74247 0.539403
2.80936 0.649616
2.87625 0.556972
2.94314 0.502349
3.01003 0.452135
3.07692 0.565532
3.14381 0.512856
3.2107 0.369373
3.27759 0.530391
3.34448 0.551684
3.41137 0.60455
3.47826 0.53769
3.54515 0.57877
3.61204 0.471321
3.67893 0.422142
3.74582 0.403721
3.81271 0.558354
3.8796 0.362105
3.94649 0.472082
4.01338 0.341796
4.08027 0.434234
4.14716 0.439655
4.21405 0.486187
4.28094 0.265992
4.34783 0.338692
4.41472 0.398708
4.48161 0.272989
4.54849 0.320903
4.61538 0.292479
4.68227 0.351582
4.74916 0.283689
4.81605 0.272876
4.88294 0.274745
4.94983 0.226466
5.01672 0.232317
5.08361 0.244484
5.1505 0.259744
5.21739 0.151929
5.28428 0.233562
5.35117 0.178258
5.41806 0.239177
5.48495 0.202364
5.55184 0.254845
5.61873 0.160604
5.68562 0.225321
5.75251 0.189118
5.8194 0.144504
5.88629 0.218619
5.95318 0.169689
6.02007 0.232294
6.08696 0.114528
6.15385 0.0818566
6.22074 0.127119
6.28763 0.188696
6.35452 0.171514
6.4214 0.0938237
6.48829 0.124001
6.55518 0.142861
6.62207 0.124427
6.68896 0.125285
6.75585 0.104461
6.82274 0.121338
6.88963 0.125769
6.95652 0.123993
7.02341 0.090509
7.0903 0.145347
7.15719 0.155324
7.22408 0.0961985
7.29097 0.114542
7.35786 0.0751352
7.42475 0.0599045
7.49164 0.108993
7.55853 0.071713
7.62542 0.044339
7.69231 0.0646674
7.7592 0.0548193
7.82609 0.0540661
7.89298 0.0739911
7.95987 0.0526369
8.02676 0.10851
8.09365 0.0349848
8.16054 0.0948841
8.22742 0.0477552
8.29431 0.0383504
8.3612 0.0345413
8.42809 0.0572418
8.49498 0.0986688
8.56187 0.0553585
8.62876 0.0550756
8.69565 0.0545345
8.76254 0.0577242
8.82943 0.0464993
8.89632 0.0388657
8.96321 0.0772168
9.0301 0.0209009
9.09699 0.0331762
9.16388 0.0257601
9.23077 0.0666947
9.29766 0.0253356
9.36455 0.0228089
9.43144 0.0332488
9.49833 0.0243468
9.56522 0.0762741
9.63211 0.0213171
9.699 0.0395821
9.76589 0.0206732
9.83278 0.0404073
9.89967 0.0224814
9.96656 0.0517358
10.0334 0.0535893
10.1003 0.028839
10.1672 0.0303583
10.2341 0.0711116
10.301 0.0297666
10.3679 0.0495526
10.4348 0.0107457
10.5017 0.0122327
10.5686 0.0445285
10.6355 0.032823
10.7023 0.0291255
10.7692 0.0140089
10.8361 0.0209064
10.903 0.019746
10.9699 0.0104498
11.0368 0.0713253
11.1037 0.0212161
11.1706 0.0142868
11.2375 0.0183081
11.3043 0.0185423
11.3712 0.00524788
11.4381 0.00688173
11.505 0.0188889
11.5719 0.00624705
11.6388 0.0137576
11.7057 0.0084321
11.7726 0.0140352
11.8395 0.0225697
11.9064 0.0112865
11.9732 0.00780686
12.0401 0.0208328
12.107 0.00802696
12.1739 0.0192008
12.2408 0.00275713
12.3077 0.0111175
12.3746 0.00837002
12.4415 0.00189675
12.5084 0.00672686
12.5753 0.00634286
12.6421 0.0270739
12.709 0.0141793
12.7759 0.00786102
12.8428 0.027363
12.9097 0.00884337
12.9766 0.00749104
13.0435 0.00531074
13.1104 0.00349099
13.1773 0.00659604
13.2441 0.0147406
13.311 0.0230984
13.3779 0.00172355
13.4448 0.00158355
13.5117 0.00255589
13.5786 0.00223648
13.6455 0.00315776
13.7124 0.00127613
13.7793 0.00571398
13.8462 0.00541639
13.913 0.00438012
13.9799 0.0132321
14.0468 0.0094229
14.1137 0.00692662
14.1806 0.00207845
14.2475 0.00374996
14.3144 0.00490757
14.3813 0.00128916
14.4482 0.00174871
14.5151 0.00475158
14.5819 0.00255929
14.6488 0.0244304
14.7157 0.0111555
14.7826 0.0021272
14.8495 0.0041329
14.9164 0.00353363
14.9833 0.00404803
15.0502 0.00124656
15.1171 0.000654349
15.1839 0.00229868
15.2508 0.00197691
15.3177 0.00688968
15.3846 0.00471452
15.4515 0.0164351
15.5184 0.00253162
15.5853 0.00577707
15.6522 0.0131192
15.7191 0.00749354
15.786 0.00389762
15.8528 0.00503749
15.9197 0.00351468
15.9866 0.000867566
16.0535 0.0285596
16.1204 0.00165751
16.1873 0.000718392
16.2542 0.000742863
16.3211 0.00871775
16.388 0.00158507
16.4548 0.00567175
16.5217 0.00202741
16.5886 0.00355413
16.6555 0.00268196
16.7224 0.00967349
16.7893 0.00276903
16.8562 0.000484339
16.9231 0.000154789
16.99 0.00050728
17.0569 0.00573915
17.1237 0.00868753
17.1906 0.0011291
17.2575 0.000269443
17.3244 0.00113572
17.3913 0.00207492
17.4582 0.0112686
17.5251 0.000529546
17.592 0.00118999
17.6589 0.00335487
17.7258 0.00615468
17.7926 0.00170312
17.8595 0.00316283
17.9264 0.0012259
17.9933 0.00583294
18.0602 0.00662556
18.1271 0.00564096
18.194 0.0112946
18.2609 0.000248777
18.3278 0.000892296
18.3946 0.000185527
18.4615 0.000102029
18.5284 0.0026163
18.5953 0.00329354
18.6622 0.00228829
18.7291 0.000424456
18.796 0.000642064
18.8629 0.001836
18.9298 0.00121381
18.9967 0.000260503
19.0635 0.0002465
19.1304 0.000579217
19.1973 0.00150575
19.2642 0.00274392
19.3311 0.0020161
19.398 0.000331041
19.4649 0.00037277
19.5318 0.000347043
19.5987 0.00209348
19.6656 0.000393438
19.7324 0.000931658
19.7993 0.000360893
19.8662 0.000515678
19.9331 0.000113326
20 0.000110902
