0 0 0 0
0.0668896 0.0257963 0.0252099 0.000586423
0.133779 0.0561513 0.0548604 0.00129085
0.200669 0.0730794 0.0711451 0.0019343
0.267559 0.134693 0.132403 0.00228926
0.334448 0.126843 0.123386 0.00345734
0.401338 0.149674 0.146509 0.00316417
0.468227 0.172295 0.168084 0.00421089
0.535117 0.17682 0.172251 0.00456954
0.602007 0.205633 0.200269 0.00536373
0.668896 0.227085 0.222016 0.00506879
0.735786 0.255966 0.250914 0.00505265
0.802676 0.23659 0.231413 0.00517679
0.869565 0.276996 0.270985 0.00601138
0.936455 0.291261 0.285519 0.00574177
1.00334 0.359961 0.354053 0.00590743
1.07023 0.324814 0.319406 0.00540799
1.13712 0.354083 0.348928 0.00515492
1.20401 0.388942 0.383561 0.00538055
1.2709 0.303442 0.297865 0.00557727
1.33779 0.38388 0.379324 0.00455526
1.40468 0.378773 0.374395 0.00437877
1.47157 0.45461 0.449794 0.00481642
1.53846 0.394436 0.39027 0.00416669
1.60535 0.285965 0.281436 0.00452971
1.67224 0.366669 0.362916 0.00375335
1.73913 0.39786 0.393796 0.00406442
1.80602 0.422895 0.418899 0.00399634
1.87291 0.356745 0.353447 0.00329816
1.9398 0.484706 0.481719 0.00298772
2.00669 0.330956 0.328232 0.00272399
2.07358 0.349021 0.346576 0.00244511
2.14047 0.298461 0.296084 0.00237706
2.20736 0.302623 0.300631 0.00199181
2.27425 0.338749 0.336739 0.00201072
2.34114 0.32749 0.325632 0.0018578
2.40803 0.419054 0.417546 0.00150789
2.47492 0.32444 0.323066 0.00137389
2.54181 0.38825 0.387014 0.00123612
2.6087 0.251734 0.250558 0.00117633
2.67559 0.380762 0.379756 0.00100647
2.74247 0.489375 0.48832 0.00105586
2.80936 0.386622 0.385814 0.000807398
2.87625 0.340735 0.340012 0.000722567
2.94314 0.251983 0.251431 0.000551284
3.01003 0.278161 0.277637 0.000523399
3.07692 0.320283 0.319718 0.00056497
3.14381 0.302453 0.302052 0.000401702
3.2107 0.288028 0.287628 0.000399621
3.27759 0.321962 0.321611 0.000351169
3.34448 0.258665 0.258417 0.000248088
3.41137 0.289545 0.289286 0.000259569
3.47826 0.280732 0.280508 0.000224474
3.54515 0.26337 0.263194 0.000175182
3.61204 0.204308 0.204139 0.000168451
3.67893 0.173182 0.17302 0.000162532
3.74582 0.274894 0.274771 0.000122412
3.81271 0.223726 0.223626 0.000100214
3.8796 0.139204 0.139113 9.0512e-05
3.94649 0.162535 0.162452 8.31758e-05
4.01338 0.213558 0.213494 6.35114e-05
4.08027 0.144276 0.144216 5.92207e-05
4.14716 0.141288 0.141238 4.95197e-05
4.21405 0.138145 0.138099 4.57002e-05
4.28094 0.250364 0.250321 4.35923e-05
4.34783 0.160416 0.160384 3.15988e-05
4.41472 0.238501 0.238466 3.43169e-05
4.48161 0.289737 0.289716 2.1143e-05
4.54849 0.185075 0.185057 1.74785e-05
4.61538 0.147442 0.147424 1.75243e-05
4.68227 0.229527 0.229511 1.52972e-05
4.74916 0.18069 0.180679 1.12168e-05
4.81605 0.16234 0.16233 1.02839e-05
4.88294 0.0831959 0.0831873 8.51345e-06
4.94983 0.152122 0.152116 6.6245e-06
5.01672 0.157612 0.157606 5.92757e-06
5.08361 0.0854805 0.0854756 4.93779e-06
5.1505 0.14654 0.146535 4.65461e-06
5.21739 0.170519 0.170515 4.00251e-06
5.28428 0.13845 0.138446 3.48611e-06
5.35117 0.10125 0.101247 3.01766e-06
5.41806 0.103901 0.103899 2.10318e-06
5.48495 0.084695 0.084693 1.99521e-06
5.55184 0.108449 0.108447 1.87776e-06
5.61873 0.149867 0.149866 1.09391e-06
5.68562 0.0893183 0.0893172 1.10725e-06
5.75251 0.072266 0.0722648 1.18609e-06
5.8194 0.0616955 0.0616947 8.08334e-07
5.88629 0.0480101 0.0480093 8.4421e-07
5.95318 0.0943987 0.0943982 4.9361e-07
6.02007 0.0409026 0.0409021 4.63533e-07
6.08696 0.0418776 0.0418772 4.50776e-07
6.15385 0.0853278 0.0853274 3.562e-07
6.22074 0.0779519 0.0779516 2.96106e-07
6.28763 0.0520148 0.0520145 2.80753e-07
6.35452 0.0606106 0.0606105 1.80409e-07
6.4214 0.0631732 0.063173 1.81392e-07
6.48829 0.0544438 0.0544437 1.31386e-07
6.55518 0.054493 0.0544929 1.07544e-07
6.62207 0.0445823 0.0445822 9.8163e-08
6.68896 0.0369132 0.0369132 8.43676e-08
6.75585 0.0412755 0.0412754 8.02479e-08
6.82274 0.0490888 0.0490888 5.33007e-08
6.88963 0.049041 0.049041 4.93709e-08
6.95652 0.071397 0.071397 4.80422e-08
7.02341 0.0872954 0.0872953 3.2462e-08
7.0903 0.0613145 0.0613145 3.23715e-08
7.15719 0.0655433 0.0655432 1.69719e-08
7.22408 0.0471104 0.0471103 1.91574e-08
7.29097 0.0260504 0.0260504 1.60743e-08
7.35786 0.0432985 0.0432985 1.33782e-08
7.42475 0.0283266 0.0283266 1.13273e-08
7.49164 0.0768001 0.0768001 9.31748e-09
7.55853 0.0731025 0.0731025 7.24897e-09
7.62542 0.0265291 0.0265291 6.79777e-09
7.69231 0.0656501 0.0656501 4.95436e-09
7.7592 0.0531357 0.0531357 4.17272e-09
7.82609 0.0365881 0.0365881 4.39032e-09
7.89298 0.0144708 0.0144708 3.54962e-09
7.95987 0.028945 0.028945 2.44294e-09
8.02676 0.0370324 0.0370324 2.01367e-09
8.09365 0.0367848 0.0367848 1.86969e-09
8.16054 0.0235713 0.0235713 1.35014e-09
8.22742 0.0207428 0.0207428 1.22029e-09
8.29431 0.108098 0.108098 1.20628e-09
8.3612 0.0258261 0.0258261 8.72871e-10
8.42809 0.019646 0.019646 6.79785e-10
8.49498 0.0262271 0.0262271 5.6086e-10
8.56187 0.0200843 0.0200843 4.49118e-10
8.62876 0.014152 0.014152 4.48039e-10
8.69565 0.0206536 0.0206536 3.17118e-10
8.76254 0.016245 0.016245 3.30406e-10
8.82943 0.0353316 0.0353316 2.41014e-10
8.89632 0.0128579 0.0128579 1.37899e-10
8.96321 0.0233151 0.0233151 1.29752e-10
9.0301 0.0498093 0.0498093 1.28399e-10
9.09699 0.02009 0.02009 1.0155e-10
9.16388 0.0107357 0.0107357 7.81462e-11
9.23077 0.0448191 0.0448191 7.66257e-11
9.29766 0.0257619 0.0257619 5.64157e-11
9.36455 0.0162639 0.0162639 4.77772e-11
9.43144 0.0172061 0.0172061 3.78625e-11
9.49833 0.0240048 0.0240048 3.33476e-11
9.56522 0.0153044 0.0153044 3.24822e-11
9.63211 0.00443693 0.00443693 2.16007e-11
9.699 0.0249354 0.0249354 1.82173e-11
9.76589 0.0374613 0.0374613 1.60611e-11
9.83278 0.0154886 0.0154886 1.28626e-11
9.89967 0.0168044 0.0168044 1.08986e-11
9.96656 0.00554972 0.00554972 8.83167e-12
10.0334 0.0173392 0.0173392 7.32966e-12
10.1003 0.00727417 0.00727417 7.59743e-12
10.1672 0.0110629 0.0110629 5.52901e-12
10.2341 0.0154718 0.0154718 4.4535e-12
10.301 0.00374304 0.00374304 3.56992e-12
10.3679 0.0144505 0.0144505 2.53864e-12
10.4348 0.0152823 0.0152823 2.36084e-12
10.5017 0.0143942 0.0143942 2.24459e-12
10.5686 0.00657944 0.00657944 1.72642e-12
10.6355 0.00855197 0.00855197 1.19014e-12
10.7023 0.0427503 0.0427503 1.10033e-12
10.7692 0.0103883 0.0103883 9.17738e-13
10.8361 0.0108338 0.0108338 7.05111e-13
10.903 0.00401189 0.00401189 4.76665e-13
10.9699 0.00478046 0.00478046 5.14161e-13
11.0368 0.010811 0.010811 4.04028e-13
11.1037 0.00760471 0.00760471 3.96249e-13
11.1706 0.0477652 0.0477652 2.2275e-13
11.2375 0.012637 0.012637 2.04185e-13
11.3043 0.0023344 0.0023344 1.99986e-13
11.3712 0.0166286 0.0166286 1.2823e-13
11.4381 0.00599459 0.00599459 1.53165e-13
11.505 0.00243885 0.00243885 1.05517e-13
11.5719 0.00494942 0.00494942 9.36632e-14
11.6388 0.0135807 0.0135807 7.92792e-14
11.7057 0.00124335 0.00124335 5.55791e-14
11.7726 0.00417943 0.00417943 3.92227e-14
11.8395 0.0100607 0.0100607 4.18941e-14
11.9064 0.00910699 0.00910699 2.83664e-14
11.9732 0.00365456 0.00365456 2.23445e-14
12.0401 0.0135962 0.0135962 1.83548e-14
12.107 0.010707 0.010707 1.87204e-14
12.1739 0.0168535 0.0168535 1.43313e-14
12.2408 0.00496929 0.00496929 1.29588e-14
12.3077 0.00487961 0.00487961 8.80054e-15
12.3746 0.00381383 0.00381383 7.43456e-15
12.4415 0.00506155 0.00506155 8.58943e-15
12.5084 0.00159556 0.00159556 4.89372e-15
12.5753 0.00223443 0.00223443 4.66157e-15
12.6421 0.00241721 0.00241721 4.06859e-15
12.709 0.00122302 0.00122302 3.28642e-15
12.7759 0.00377428 0.00377428 2.59501e-15
12.8428 0.00227106 0.00227106 2.15994e-15
12.9097 0.0123057 0.0123057 1.64509e-15
12.9766 0.00473071 0.00473071 1.16182e-15
13.0435 0.000918698 0.000918698 1.17204e-15
13.1104 0.00112181 0.00112181 1.01707e-15
13.1773 0.00477311 0.00477311 6.92333e-16
13.2441 0.008964 0.008964 6.14038e-16
13.311 0.00221431 0.00221431 6.26065e-16
13.3779 0.0086654 0.0086654 4.3331e-16
13.4448 0.00260398 0.00260398 4.41658e-16
13.5117 0.00530087 0.00530087 2.66667e-16
13.5786 0.00359823 0.00359823 2.29412e-16
13.6455 0.00331598 0.00331598 1.92961e-16
13.7124 0.00186812 0.00186812 1.48526e-16
13.7793 0.00597722 0.00597722 1.33459e-16
13.8462 0.00489335 0.00489335 1.22203e-16
13.913 0.00143711 0.00143711 1.04583e-16
13.9799 0.0136992 0.0136992 6.53119e-17
14.0468 0.00125742 0.00125742 5.66811e-17
14.1137 0.00162943 0.00162943 6.12254e-17
14.1806 0.00193651 0.00193651 2.83335e-17
14.2475 0.000803318 0.000803318 2.32815e-17
14.3144 0.0086076 0.0086076 2.47789e-17
14.3813 0.00486361 0.00486361 2.26522e-17
14.4482 0.000762305 0.000762305 2.15379e-17
14.5151 0.00677595 0.00677595 1.48726e-17
14.5819 0.00170447 0.00170447 1.69107e-17
14.6488 0.00195895 0.00195895 9.88952e-18
14.7157 0.00743811 0.00743811 8.81475e-18
14.7826 0.000641471 0.000641471 6.92392e-18
14.8495 0.000698862 0.000698862 5.35909e-18
14.9164 0.000598483 0.000598483 4.51793e-18
14.9833 0.000310204 0.000310204 3.38787e-18
15.0502 0.00396292 0.00396292 2.83842e-18
15.1171 0.0020144 0.0020144 1.9516e-18
15.1839 0.000639444 0.000639444 1.74705e-18
15.2508 0.00196035 0.00196035 1.6092e-18
15.3177 0.00365482 0.00365482 1.3208e-18
15.3846 0.0101425 0.0101425 1.14621e-18
15.4515 0.00400516 0.00400516 7.62526e-19
15.5184 7.91277e-05 7.91277e-05 9.18671e-19
15.5853 0.00722655 0.00722655 7.19262e-19
15.6522 0.00043849 0.00043849 4.47187e-19
15.7191 0.0019885 0.0019885 4.04174e-19
15.786 0.000240447 0.000240447 3.76963e-19
15.8528 0.00055041 0.00055041 2.54509e-19
15.9197 0.0181208 0.0181208 2.59298e-19
15.9866 0.0184977 0.0184977 1.50954e-19
16.0535 0.000644833 0.000644833 1.38541e-19
16.1204 0.000606139 0.000606139 1.22875e-19
16.1873 0.000719994 0.000719994 8.0925e-20
16.2542 0.00255021 0.00255021 8.46121e-20
16.3211 0.000663978 0.000663978 8.69349e-20
16.388 0.000387829 0.000387829 7.74498e-20
16.4548 0.000276444 0.000276444 3.76346e-20
16.5217 0.00281095 0.00281095 3.0522e-20
16.5886 0.000952021 0.000952021 2.17109e-20
16.6555 0.000311224 0.000311224 2.317e-20
16.7224 0.00568851 0.00568851 1.74187e-20
16.7893 0.000265169 0.000265169 1.55131e-20
16.8562 0.00144143 0.00144143 1.40408e-20
16.9231 0.000525665 0.000525665 1.08593e-20
16.99 0.00232974 0.00232974 9.62491e-21
17.0569 0.000583326 0.000583326 9.09357e-21
17.1237 0.00766569 0.00766569 4.85314e-21
17.1906 0.00329826 0.00329826 5.53435e-21
17.2575 0.0024517 0.0024517 4.83578e-21
17.3244 0.000442604 0.000442604 3.33e-21
17.3913 1.5313e-05 1.5313e-05 2.38356e-21
17.4582 0.000658551 0.000658551 1.91148e-21
17.5251 0.00190142 0.00190142 1.84374e-21
17.592 0.00390171 0.00390171 1.19225e-21
17.6589 0.000471503 0.000471503 1.24557e-21
17.7258 0.000126866 0.000126866 1.18309e-21
17.7926 0.000119619 0.000119619 6.66806e-22
17.8595 0.000354283 0.000354283 5.99667e-22
17.9264 0.00128411 0.00128411 5.00694e-22
17.9933 0.00085747 0.00085747 3.00786e-22
18.0602 0.00020811 0.00020811 3.88343e-22
18.1271 9.28056e-05 9.28056e-05 3.31214e-22
18.194 0.000355751 0.000355751 1.98256e-22
18.2609 9.84153e-05 9.84153e-05 2.20051e-22
18.3278 0.000345891 0.000345891 1.34741e-22
18.3946 0.000134256 0.000134256 1.48033e-22
18.4615 0.00122723 0.00122723 1.08897e-22
18.5284 0.00320385 0.00320385 8.52774e-23
18.5953 0.000236214 0.000236214 6.01308e-23
18.6622 0.000196062 0.000196062 5.39313e-23
18.7291 0.00323243 0.00323243 4.51798e-23
18.796 0.000824455 0.000824455 3.05461e-23
18.8629 2.25226e-05 2.25226e-05 2.58727e-23
18.9298 0.000220529 0.000220529 2.45812e-23
18.9967 0.000250231 0.000250231 2.64371e-23
19.0635 2.08284e-05 2.08284e-05 1.58815e-23
19.1304 9.8728e-05 9.8728e-05 1.30882e-23
19.1973 0.000955722 0.000955722 1.14825e-23
19.2642 7.95524e-05 7.95524e-05 8.92115e-24
19.3311 0.00124226 0.00124226 9.09193e-24
19.398 0.00111994 0.00111994 5.69981e-24
19.4649 1.76418e-06 1.76418e-06 4.05602e-24
19.5318 6.58589e-05 6.58589e-05 4.11535e-24
19.5987 5.65534e-05 5.65534e-05 3.78805e-24
19.6656 0.000286571 0.000286571 3.26276e-24
19.7324 2.7146e-05 2.7146e-05 1.74118e-24
19.7993 0.0028542 0.0028542 2.40699e-24
19.8662 0.00131463 0.00131463 1.39319e-24
19.9331 0.000369393 0.000369393 9.97714e-25
20 0.00193969 0.00193969 1.20294e-24
