0 0 0 0
0.0668896 0.00675083 0.00340789 0.00334294
0.133779 0.0147853 0.00775812 0.00702722
0.200669 0.0199738 0.0107079 0.00926593
0.267559 0.0279225 0.0146614 0.0132611
0.334448 0.0359607 0.0202169 0.0157438
0.401338 0.0408393 0.0231052 0.0177341
0.468227 0.0509789 0.0299746 0.0210043
0.535117 0.0615222 0.0331371 0.0283851
0.602007 0.0632461 0.0355943 0.0276518
0.668896 0.0615623 0.0360433 0.0255191
0.735786 0.065076 0.0339728 0.0311032
0.802676 0.0720351 0.040392 0.0316431
0.869565 0.0769016 0.0437396 0.033162
0.936455 0.0754378 0.0435967 0.0318411
1.00334 0.0801279 0.0466182 0.0335097
1.07023 0.0893048 0.0545006 0.0348042
1.13712 0.080698 0.0501218 0.0305762
1.20401 0.0820015 0.0498671 0.0321344
1.2709 0.0864233 0.0534249 0.0329984
1.33779 0.086439 0.0514334 0.0350056
1.40468 0.0873946 0.0555674 0.0318271
1.47157 0.0988292 0.0619603 0.036869
1.53846 0.0846775 0.0495284 0.0351492
1.60535 0.0867597 0.0554239 0.0313358
1.67224 0.081511 0.051553 0.0299581
1.73913 0.0872653 0.0559425 0.0313228
1.80602 0.085645 0.054697 0.030948
1.87291 0.0691744 0.0448888 0.0242856
1.9398 0.0860346 0.0587495 0.0272851
2.00669 0.076064 0.0522768 0.0237872
2.07358 0.0694838 0.0461598 0.023324
2.14047 0.068988 0.0490359 0.0199521
2.20736 0.0745789 0.0551563 0.0194225
2.27425 0.0673559 0.0466217 0.0207343
2.34114 0.0635696 0.0466793 0.0168903
2.40803 0.0598807 0.042864 0.0170168
2.47492 0.0558137 0.0411429 0.0146707
2.54181 0.0569582 0.0427128 0.0142454
2.6087 0.0538119 0.0419862 0.0118257
2.67559 0.0611601 0.0459383 0.0152218
2.74247 0.0484616 0.0365198 0.0119418
2.80936 0.0457925 0.0355162 0.0102763
2.87625 0.0446127 0.035532 0.00908067
2.94314 0.0401967 0.0321157 0.00808106
3.01003 0.0417533 0.0332883 0.00846498
3.07692 0.0377949 0.030582 0.00721288
3.14381 0.0350009 0.0290055 0.00599542
3.2107 0.0381402 0.0310134 0.00712677
3.27759 0.0284476 0.023118 0.00532965
3.34448 0.0309588 0.0261421 0.00481676
3.41137 0.0247407 0.0208985 0.00384225
3.47826 0.0267284 0.0219038 0.00482459
3.54515 0.0247115 0.0213036 0.00340783
3.61204 0.0233867 0.0206215 0.00276524
3.67893 0.0230626 0.0201672 0.00289536
3.74582 0.0193552 0.0169781 0.00237711
3.81271 0.0231956 0.0203874 0.00280814
3.8796 0.0191875 0.0170562 0.00213124
3.94649 0.0192466 0.0169996 0.00224704
4.01338 0.0178942 0.0162753 0.00161887
4.08027 0.0160191 0.0141476 0.00187155
4.14716 0.0170258 0.0153469 0.00167889
4.21405 0.0139871 0.0126265 0.00136066
4.28094 0.0127419 0.011595 0.00114691
4.34783 0.0132161 0.0119032 0.00131297
4.41472 0.0118798 0.0109161 0.000963678
4.48161 0.0122515 0.0113418 0.000909659
4.54849 0.0108024 0.00997986 0.000822499
4.61538 0.00853695 0.00787621 0.000660747
4.68227 0.00973902 0.00908977 0.000649256
4.74916 0.00938837 0.00884493 0.000543434
4.81605 0.00846447 0.00787855 0.000585923
4.88294 0.00779814 0.00737534 0.000422796
4.94983 0.00716568 0.00678824 0.000377445
5.01672 0.00709384 0.00671037 0.000383464
5.08361 0.00692849 0.00662667 0.000301826
5.1505 0.00692786 0.00663696 0.000290894
5.21739 0.00598161 0.00575655 0.000225059
5.28428 0.00568807 0.00546197 0.000226105
5.35117 0.00527629 0.00506955 0.000206739
5.41806 0.00527985 0.00509934 0.000180517
5.48495 0.00514225 0.00497083 0.000171411
5.55184 0.00469175 0.00451802 0.000173735
5.61873 0.00324887 0.00313064 0.000118232
5.68562 0.0033245 0.0032194 0.000105104
5.75251 0.00333175 0.00321779 0.000113954
5.8194 0.0033883 0.00329072 9.75767e-05
5.88629 0.00359335 0.00353284 6.05043e-05
5.95318 0.0024817 0.0024163 6.54044e-05
6.02007 0.00260978 0.00255915 5.06291e-05
6.08696 0.0025797 0.00252862 5.10792e-05
6.15385 0.00234068 0.00228862 5.20639e-05
6.22074 0.00231882 0.0022781 4.07192e-05
6.28763 0.00201111 0.00196904 4.2066e-05
6.35452 0.00173716 0.0017005 3.66638e-05
6.4214 0.00212128 0.00208312 3.8158e-05
6.48829 0.0015691 0.00154407 2.50301e-05
6.55518 0.00161707 0.00159155 2.55212e-05
6.62207 0.00182142 0.00180037 2.10519e-05
6.68896 0.00136045 0.00134494 1.55097e-05
6.75585 0.0013035 0.00128746 1.60384e-05
6.82274 0.00124916 0.00123581 1.3344e-05
6.88963 0.00114657 0.00113311 1.34665e-05
6.95652 0.00106428 0.00105387 1.04034e-05
7.02341 0.00107903 0.00106952 9.51098e-06
7.0903 0.000964239 0.000956486 7.7532e-06
7.15719 0.000984256 0.000976131 8.12448e-06
7.22408 0.0009159 0.000908562 7.3376e-06
7.29097 0.000765488 0.000760192 5.29667e-06
7.35786 0.000859243 0.000853863 5.37935e-06
7.42475 0.000689316 0.000685244 4.07192e-06
7.49164 0.000775202 0.00077134 3.86186e-06
7.55853 0.000761351 0.000757107 4.24344e-06
7.62542 0.000647801 0.000643838 3.96292e-06
7.69231 0.000538142 0.000535162 2.98046e-06
7.7592 0.000459904 0.000457321 2.58356e-06
7.82609 0.000515314 0.000513369 1.94522e-06
7.89298 0.000422933 0.000420545 2.38841e-06
7.95987 0.000477964 0.000476061 1.90232e-06
8.02676 0.00036893 0.000367555 1.37525e-06
8.09365 0.000354097 0.000352779 1.3178e-06
8.16054 0.000400223 0.000398876 1.34728e-06
8.22742 0.000340014 0.000339048 9.66392e-07
8.29431 0.000335105 0.000334187 9.18422e-07
8.3612 0.000294338 0.000293362 9.76388e-07
8.42809 0.000280975 0.000280262 7.12754e-07
8.49498 0.000239208 0.000238412 7.95053e-07
8.56187 0.000277497 0.000276976 5.20597e-07
8.62876 0.000253567 0.000253112 4.55026e-07
8.69565 0.000235353 0.00023489 4.63375e-07
8.76254 0.000216485 0.000216042 4.4319e-07
8.82943 0.000221074 0.000220696 3.78725e-07
8.89632 0.000153063 0.000152649 4.13493e-07
8.96321 0.000197971 0.000197699 2.7174e-07
9.0301 0.000188148 0.000187947 2.01019e-07
9.09699 0.000156734 0.000156493 2.4091e-07
9.16388 0.000129733 0.000129568 1.65751e-07
9.23077 0.000138114 0.000137972 1.41704e-07
9.29766 0.000127856 0.000127722 1.34107e-07
9.36455 0.000135262 0.000135154 1.08507e-07
9.43144 9.80845e-05 9.79837e-05 1.00799e-07
9.49833 9.5826e-05 9.57452e-05 8.08534e-08
9.56522 0.000102247 0.000102181 6.6066e-08
9.63211 0.00011105 0.000110977 7.31741e-08
9.699 9.75905e-05 9.75432e-05 4.7312e-08
9.76589 8.06501e-05 8.05946e-05 5.55158e-08
9.83278 9.61794e-05 9.61369e-05 4.24759e-08
9.89967 5.53424e-05 5.52931e-05 4.92872e-08
9.96656 9.24378e-05 9.23937e-05 4.41412e-08
10.0334 6.95541e-05 6.95245e-05 2.95291e-08
10.1003 7.34942e-05 7.347e-05 2.41925e-08
10.1672 6.16692e-05 6.16434e-05 2.57695e-08
10.2341 4.71149e-05 4.70848e-05 3.00933e-08
10.301 4.82775e-05 4.82581e-05 1.94025e-08
10.3679 6.83335e-05 6.83185e-05 1.50225e-08
10.4348 4.57932e-05 4.57784e-05 1.48451e-08
10.5017 4.59038e-05 4.58914e-05 1.23756e-08
10.5686 4.88059e-05 4.87929e-05 1.29895e-08
10.6355 3.50794e-05 3.50703e-05 9.12536e-09
10.7023 4.44422e-05 4.44323e-05 9.84831e-09
10.7692 3.19438e-05 3.19373e-05 6.47805e-09
10.8361 3.50666e-05 3.50587e-05 7.89465e-09
10.903 3.02029e-05 3.01978e-05 5.1157e-09
10.9699 2.69376e-05 2.69314e-05 6.24823e-09
11.0368 2.43289e-05 2.43254e-05 3.53451e-09
11.1037 2.58658e-05 2.58624e-05 3.40986e-09
11.1706 2.36796e-05 2.36755e-05 4.10121e-09
11.2375 2.83118e-05 2.83093e-05 2.51174e-09
11.3043 2.35361e-05 2.35339e-05 2.16632e-09
11.3712 1.87376e-05 1.87358e-05 1.82587e-09
11.4381 1.85675e-05 1.85659e-05 1.63679e-09
11.505 1.56953e-05 1.56933e-05 1.91127e-09
11.5719 1.55867e-05 1.55852e-05 1.4753e-09
11.6388 1.8847e-05 1.88458e-05 1.22548e-09
11.7057 1.49526e-05 1.49516e-05 1.00288e-09
11.7726 1.40867e-05 1.40859e-05 8.03432e-10
11.8395 1.10426e-05 1.10417e-05 8.77405e-10
11.9064 1.20398e-05 1.20389e-05 8.39e-10
11.9732 1.68813e-05 1.68806e-05 6.75644e-10
12.0401 9.48273e-06 9.48203e-06 6.95792e-10
12.107 1.02493e-05 1.02489e-05 3.94959e-10
12.1739 8.99114e-06 8.99072e-06 4.28808e-10
12.2408 9.09857e-06 9.0982e-06 3.7129e-10
12.3077 9.19078e-06 9.19036e-06 4.23805e-10
12.3746 9.49637e-06 9.49593e-06 4.43416e-10
12.4415 8.15863e-06 8.15838e-06 2.53197e-10
12.5084 1.16475e-05 1.16473e-05 2.02821e-10
12.5753 7.36073e-06 7.36051e-06 2.27661e-10
12.6421 6.13524e-06 6.13507e-06 1.7297e-10
12.709 6.15758e-06 6.15741e-06 1.72686e-10
12.7759 8.07101e-06 8.07087e-06 1.4019e-10
12.8428 5.8192e-06 5.81905e-06 1.42716e-10
12.9097 4.61835e-06 4.61822e-06 1.24187e-10
12.9766 5.72209e-06 5.72197e-06 1.14299e-10
13.0435 5.32966e-06 5.32954e-06 1.24531e-10
13.1104 4.16191e-06 4.16184e-06 7.45829e-11
13.1773 4.55739e-06 4.55732e-06 6.67855e-11
13.2441 4.23554e-06 4.23549e-06 4.66951e-11
13.311 4.53062e-06 4.53058e-06 3.75812e-11
13.3779 3.27988e-06 3.27984e-06 4.5644e-11
13.4448 2.46574e-06 2.4657e-06 3.64309e-11
13.5117 3.41879e-06 3.41877e-06 2.33739e-11
13.5786 2.99525e-06 2.99522e-06 3.38798e-11
13.6455 3.81983e-06 3.81981e-06 2.6841e-11
13.7124 2.26919e-06 2.26917e-06 2.51577e-11
13.7793 3.0724e-06 3.07238e-06 1.68251e-11
13.8462 2.50633e-06 2.50632e-06 1.66378e-11
13.913 2.39433e-06 2.39432e-06 1.37734e-11
13.9799 2.49265e-06 2.49263e-06 1.43113e-11
14.0468 2.33168e-06 2.33167e-06 1.28152e-11
14.1137 1.95007e-06 1.95006e-06 9.1767e-12
14.1806 1.61825e-06 1.61824e-06 8.86801e-12
14.2475 1.90489e-06 1.90488e-06 7.9027e-12
14.3144 1.94331e-06 1.9433e-06 6.92814e-12
14.3813 1.50426e-06 1.50425e-06 6.38824e-12
14.4482 1.67419e-06 1.67419e-06 3.52488e-12
14.5151 1.24086e-06 1.24086e-06 3.3621e-12
14.5819 1.46918e-06 1.46917e-06 2.76255e-12
14.6488 1.21857e-06 1.21857e-06 3.26632e-12
14.7157 1.28466e-06 1.28466e-06 3.43054e-12
14.7826 1.18286e-06 1.18286e-06 3.20098e-12
14.8495 1.0554e-06 1.0554e-06 2.2248e-12
14.9164 1.08018e-06 1.08018e-06 1.77004e-12
14.9833 7.11955e-07 7.11953e-07 1.97251e-12
15.0502 9.02464e-07 9.02463e-07 1.65835e-12
15.1171 8.96086e-07 8.96085e-07 9.02624e-13
15.1839 8.79181e-07 8.7918e-07 1.16745e-12
15.2508 7.43471e-07 7.43471e-07 7.84203e-13
15.3177 6.14365e-07 6.14364e-07 8.33017e-13
15.3846 7.21521e-07 7.2152e-07 7.51576e-13
15.4515 6.61059e-07 6.61059e-07 7.60606e-13
15.5184 7.02903e-07 7.02902e-07 5.57725e-13
15.5853 4.80897e-07 4.80897e-07 4.26113e-13
15.6522 6.79723e-07 6.79722e-07 5.06422e-13
15.7191 4.9286e-07 4.92859e-07 3.70377e-13
15.786 5.14666e-07 5.14666e-07 3.43608e-13
15.8528 6.03945e-07 6.03944e-07 3.27214e-13
15.9197 3.99623e-07 3.99623e-07 2.04205e-13
15.9866 3.71399e-07 3.71399e-07 2.71969e-13
16.0535 3.92199e-07 3.92199e-07 1.60167e-13
16.1204 3.66818e-07 3.66818e-07 1.95939e-13
16.1873 3.36901e-07 3.36901e-07 1.39719e-13
16.2542 4.37662e-07 4.37662e-07 1.64145e-13
16.3211 3.38679e-07 3.38679e-07 1.56548e-13
16.388 2.68822e-07 2.68822e-07 1.15959e-13
16.4548 3.05238e-07 3.05238e-07 8.14306e-14
16.5217 2.48591e-07 2.48591e-07 6.78138e-14
16.5886 2.45998e-07 2.45998e-07 7.15367e-14
16.6555 2.25201e-07 2.25201e-07 6.6159e-14
16.7224 2.57373e-07 2.57373e-07 5.5814e-14
16.7893 2.40524e-07 2.40524e-07 4.21995e-14
16.8562 2.23732e-07 2.23732e-07 3.74775e-14
16.9231 1.75016e-07 1.75016e-07 3.56808e-14
16.99 2.02429e-07 2.02429e-07 3.73283e-14
17.0569 1.52151e-07 1.52151e-07 3.06345e-14
17.1237 1.38118e-07 1.38118e-07 2.72405e-14
17.1906 1.40208e-07 1.40208e-07 1.62835e-14
17.2575 1.82495e-07 1.82495e-07 1.51232e-14
17.3244 1.79323e-07 1.79323e-07 1.83759e-14
17.3913 1.38137e-07 1.38137e-07 1.14283e-14
17.4582 9.73488e-08 9.73488e-08 9.32901e-15
17.5251 1.06001e-07 1.06001e-07 8.14828e-15
17.592 1.3809e-07 1.3809e-07 1.24528e-14
17.6589 1.13241e-07 1.13241e-07 8.06455e-15
17.7258 1.09783e-07 1.09783e-07 8.21781e-15
17.7926 8.30492e-08 8.30492e-08 7.3654e-15
17.8595 1.05313e-07 1.05313e-07 5.34981e-15
17.9264 8.78811e-08 8.78811e-08 3.5434e-15
17.9933 9.25581e-08 9.25581e-08 3.88153e-15
18.0602 6.85216e-08 6.85216e-08 3.15795e-15
18.1271 6.60821e-08 6.60821e-08 2.52586e-15
18.194 1.0486e-07 1.0486e-07 1.86951e-15
18.2609 6.46715e-08 6.46714e-08 1.94528e-15
18.3278 8.1729e-08 8.1729e-08 1.59946e-15
18.3946 3.925e-08 3.925e-08 2.09912e-15
18.4615 5.18993e-08 5.18993e-08 1.49137e-15
18.5284 7.24665e-08 7.24665e-08 8.77017e-16
18.5953 6.04566e-08 6.04566e-08 1.14253e-15
18.6622 5.34936e-08 5.34936e-08 1.36727e-15
18.7291 4.86017e-08 4.86017e-08 7.34768e-16
18.796 4.66222e-08 4.66222e-08 8.23445e-16
18.8629 5.09825e-08 5.09825e-08 5.87362e-16
18.9298 3.42079e-08 3.42079e-08 4.98332e-16
18.9967 4.5396e-08 4.5396e-08 5.51771e-16
19.0635 3.9679e-08 3.9679e-08 4.09239e-16
19.1304 3.46633e-08 3.46633e-08 2.9893e-16
19.1973 3.13028e-08 3.13028e-08 4.1744e-16
19.2642 2.84509e-08 2.84509e-08 2.92184e-16
19.3311 2.1225e-08 2.1225e-08 1.47216e-16
19.398 2.28587e-08 2.28587e-08 1.99638e-16
19.4649 2.98037e-08 2.98037e-08 1.34726e-16
19.5318 2.5989e-08 2.5989e-08 9.7729e-17
19.5987 2.48376e-08 2.48376e-08 1.56373e-16
19.6656 3.11463e-08 3.11463e-08 1.29486e-16
19.7324 2.32212e-08 2.32212e-08 1.43751e-16
19.7993 2.73795e-08 2.73795e-08 1.40039e-16
19.8662 1.83385e-08 1.83385e-08 7.21273e-17
19.9331 1.78816e-08 1.78816e-08 7.8195e-17
20 1.78698e-08 1.78698e-08 6.48569e-17
