0 0 0 0
0.0668896 0.0379677 0.032382 0.00558572
0.133779 0.0899026 0.0790507 0.0108519
0.200669 0.128969 0.11038 0.0185897
0.267559 0.169128 0.147029 0.0220984
0.334448 0.220768 0.193373 0.0273951
0.401338 0.268843 0.238704 0.0301389
0.468227 0.285973 0.252893 0.0330799
0.535117 0.30872 0.274007 0.0347134
0.602007 0.407722 0.368989 0.0387322
0.668896 0.342787 0.297541 0.0452457
0.735786 0.414812 0.368731 0.0460816
0.802676 0.396293 0.347786 0.048507
0.869565 0.495323 0.438308 0.0570152
0.936455 0.4826 0.428499 0.0541012
1.00334 0.513202 0.456948 0.0562546
1.07023 0.554754 0.49691 0.0578444
1.13712 0.598977 0.544649 0.0543278
1.20401 0.474914 0.407092 0.067822
1.2709 0.697382 0.643367 0.0540147
1.33779 0.604833 0.548726 0.0561067
1.40468 0.536076 0.48536 0.050716
1.47157 0.661733 0.61166 0.050073
1.53846 0.693252 0.634108 0.0591438
1.60535 0.633618 0.583953 0.0496644
1.67224 0.659656 0.610604 0.0490519
1.73913 0.539059 0.490398 0.0486608
1.80602 0.692056 0.646603 0.0454528
1.87291 0.773534 0.731045 0.0424886
1.9398 0.61805 0.575592 0.0424582
2.00669 0.80096 0.76276 0.0382005
2.07358 0.555217 0.516766 0.0384516
2.14047 0.504013 0.464682 0.039331
2.20736 0.555628 0.51927 0.0363579
2.27425 0.674525 0.644418 0.0301072
2.34114 0.56607 0.538387 0.0276833
2.40803 0.711687 0.686642 0.025045
2.47492 0.666062 0.638595 0.0274661
2.54181 0.649277 0.624147 0.0251306
2.6087 0.445332 0.425471 0.0198619
2.67559 0.647595 0.628439 0.0191564
2.74247 0.646242 0.628452 0.0177901
2.80936 0.604497 0.587824 0.0166729
2.87625 0.606733 0.591228 0.0155055
2.94314 0.592802 0.579759 0.0130427
3.01003 0.477493 0.460801 0.0166915
3.07692 0.476139 0.463856 0.0122833
3.14381 0.504537 0.492871 0.0116664
3.2107 0.580521 0.570475 0.0100453
3.27759 0.506539 0.496498 0.0100413
3.34448 0.428503 0.420357 0.00814569
3.41137 0.437001 0.428276 0.00872572
3.47826 0.377256 0.370042 0.0072138
3.54515 0.512082 0.50593 0.00615142
3.61204 0.484848 0.478029 0.00681898
3.67893 0.398068 0.392779 0.00528949
3.74582 0.347721 0.342786 0.00493497
3.81271 0.337336 0.332687 0.00464903
3.8796 0.544627 0.540651 0.00397586
3.94649 0.423737 0.420321 0.00341562
4.01338 0.299588 0.295993 0.00359435
4.08027 0.286131 0.283431 0.0027008
4.14716 0.340931 0.338482 0.00244943
4.21405 0.26653 0.264113 0.00241778
4.28094 0.410008 0.407682 0.00232655
4.34783 0.379083 0.377308 0.00177432
4.41472 0.422985 0.421494 0.00149114
4.48161 0.276916 0.275208 0.0017082
4.54849 0.29919 0.297801 0.001389
4.61538 0.246799 0.24545 0.00134884
4.68227 0.238222 0.237211 0.00101091
4.74916 0.232525 0.231525 0.00100003
4.81605 0.18005 0.179189 0.000860801
4.88294 0.179677 0.179004 0.000672686
4.94983 0.199981 0.199225 0.000755601
5.01672 0.223069 0.222317 0.000751981
5.08361 0.244593 0.244101 0.000491505
5.1505 0.186526 0.186043 0.0004823
5.21739 0.20142 0.200973 0.000446804
5.28428 0.366148 0.365757 0.000391543
5.35117 0.226802 0.226488 0.000313737
5.41806 0.185816 0.185545 0.000270512
5.48495 0.131967 0.131683 0.000283975
5.55184 0.210444 0.210216 0.000227575
5.61873 0.243791 0.243543 0.000248396
5.68562 0.217404 0.217223 0.000181053
5.75251 0.0902779 0.0900765 0.000201381
5.8194 0.0926566 0.0925333 0.000123275
5.88629 0.11067 0.110529 0.000140097
5.95318 0.171757 0.171607 0.000149707
6.02007 0.279706 0.279586 0.000119992
6.08696 0.145547 0.14547 7.66389e-05
6.15385 0.139528 0.139432 9.60749e-05
6.22074 0.0834727 0.0833908 8.18638e-05
6.28763 0.104265 0.104187 7.86325e-05
6.35452 0.196564 0.196501 6.27925e-05
6.4214 0.170683 0.17064 4.29247e-05
6.48829 0.123297 0.123243 5.36001e-05
6.55518 0.273819 0.273783 3.60436e-05
6.62207 0.122876 0.122841 3.47941e-05
6.68896 0.146896 0.146868 2.80431e-05
6.75585 0.254096 0.254068 2.79467e-05
6.82274 0.0780839 0.078059 2.48204e-05
6.88963 0.147903 0.14788 2.29069e-05
6.95652 0.146136 0.146121 1.53549e-05
7.02341 0.236605 0.236587 1.78116e-05
7.0903 0.0692591 0.069245 1.40891e-05
7.15719 0.0956562 0.095645 1.12034e-05
7.22408 0.0473776 0.0473648 1.27545e-05
7.29097 0.117716 0.117704 1.21238e-05
7.35786 0.0655175 0.0655088 8.63063e-06
7.42475 0.100807 0.100799 8.18467e-06
7.49164 0.102381 0.102374 6.92577e-06
7.55853 0.0838286 0.0838223 6.31829e-06
7.62542 0.0473137 0.0473081 5.57845e-06
7.69231 0.0673133 0.0673085 4.81797e-06
7.7592 0.0470244 0.0470203 4.10366e-06
7.82609 0.0491716 0.0491677 3.84652e-06
7.89298 0.03408 0.0340775 2.51184e-06
7.95987 0.0585054 0.0585033 2.0343e-06
8.02676 0.0520024 0.0520002 2.16994e-06
8.09365 0.0535255 0.0535232 2.30258e-06
8.16054 0.0597478 0.0597461 1.75752e-06
8.22742 0.0514587 0.0514571 1.58463e-06
8.29431 0.0283048 0.0283032 1.60298e-06
8.3612 0.0590083 0.0590072 1.12793e-06
8.42809 0.0633308 0.0633297 1.13638e-06
8.49498 0.031578 0.0315771 8.80937e-07
8.56187 0.0618375 0.0618367 7.99219e-07
8.62876 0.0450563 0.0450555 7.67311e-07
8.69565 0.0319637 0.0319631 6.06526e-07
8.76254 0.0365578 0.0365573 4.82896e-07
8.82943 0.0471995 0.0471991 4.42304e-07
8.89632 0.0463999 0.0463995 3.86031e-07
8.96321 0.024367 0.0243666 3.94213e-07
9.0301 0.0316421 0.0316418 2.93292e-07
9.09699 0.048376 0.0483757 3.03234e-07
9.16388 0.0252835 0.0252833 2.10311e-07
9.23077 0.0281156 0.0281154 2.4805e-07
9.29766 0.0386335 0.0386333 1.99934e-07
9.36455 0.0300292 0.0300291 1.62509e-07
9.43144 0.0194338 0.0194337 1.35342e-07
9.49833 0.028074 0.0280739 1.27855e-07
9.56522 0.0271023 0.0271022 1.11398e-07
9.63211 0.0327231 0.032723 9.91386e-08
9.699 0.0582204 0.0582203 9.43998e-08
9.76589 0.0413729 0.0413729 7.28281e-08
9.83278 0.0322321 0.0322321 5.71985e-08
9.89967 0.0698097 0.0698096 4.9132e-08
9.96656 0.0135007 0.0135007 4.9911e-08
10.0334 0.0415946 0.0415945 4.79631e-08
10.1003 0.0255054 0.0255054 3.72804e-08
10.1672 0.017735 0.0177349 3.16061e-08
10.2341 0.0231466 0.0231466 2.60093e-08
10.301 0.069449 0.069449 2.29393e-08
10.3679 0.0116259 0.0116259 2.44985e-08
10.4348 0.0413992 0.0413992 2.07405e-08
10.5017 0.0263154 0.0263154 1.76113e-08
10.5686 0.0205797 0.0205797 1.42639e-08
10.6355 0.0474989 0.0474989 1.1658e-08
10.7023 0.0644423 0.0644423 1.17043e-08
10.7692 0.0188049 0.0188049 1.25016e-08
10.8361 0.0220524 0.0220524 7.92763e-09
10.903 0.0151583 0.0151583 7.76261e-09
10.9699 0.0406749 0.0406749 5.24594e-09
11.0368 0.0349947 0.0349947 5.35545e-09
11.1037 0.012391 0.012391 5.69323e-09
11.1706 0.0125481 0.0125481 5.03662e-09
11.2375 0.00756562 0.00756561 4.97581e-09
11.3043 0.0383378 0.0383378 3.04833e-09
11.3712 0.0140427 0.0140427 2.98965e-09
11.4381 0.0296244 0.0296244 2.96166e-09
11.505 0.0317544 0.0317544 2.1868e-09
11.5719 0.0155094 0.0155094 2.14942e-09
11.6388 0.0120791 0.0120791 2.04056e-09
11.7057 0.0068083 0.0068083 1.59664e-09
11.7726 0.0137306 0.0137306 1.15039e-09
11.8395 0.00970781 0.00970781 1.10933e-09
11.9064 0.0208613 0.0208613 1.03696e-09
11.9732 0.0289658 0.0289658 8.8579e-10
12.0401 0.0117891 0.0117891 7.95592e-10
12.107 0.116504 0.116504 7.27101e-10
12.1739 0.00849426 0.00849426 4.86915e-10
12.2408 0.00509823 0.00509823 5.13119e-10
12.3077 0.00507877 0.00507877 4.09933e-10
12.3746 0.00343397 0.00343397 4.07181e-10
12.4415 0.00262998 0.00262998 3.20319e-10
12.5084 0.00596291 0.00596291 3.03095e-10
12.5753 0.00872554 0.00872554 2.30654e-10
12.6421 0.0076312 0.0076312 1.92935e-10
12.709 0.0331647 0.0331647 1.827e-10
12.7759 0.0055647 0.0055647 1.60324e-10
12.8428 0.0601472 0.0601472 1.27271e-10
12.9097 0.0186535 0.0186535 1.37341e-10
12.9766 0.00692248 0.00692248 1.23327e-10
13.0435 0.0134268 0.0134268 8.16739e-11
13.1104 0.0064524 0.0064524 1.01165e-10
13.1773 0.00568835 0.00568835 7.70614e-11
13.2441 0.00407156 0.00407156 6.4969e-11
13.311 0.0268528 0.0268528 5.63672e-11
13.3779 0.0106565 0.0106565 4.3604e-11
13.4448 0.0109836 0.0109836 2.8958e-11
13.5117 0.00643276 0.00643276 4.59931e-11
13.5786 0.00466021 0.00466021 2.59454e-11
13.6455 0.00866492 0.00866492 3.16643e-11
13.7124 0.00281648 0.00281648 2.35409e-11
13.7793 0.00328436 0.00328436 1.97745e-11
13.8462 0.00820927 0.00820927 2.05168e-11
13.913 0.0085213 0.0085213 1.25464e-11
13.9799 0.00315879 0.00315879 1.14866e-11
14.0468 0.00264638 0.00264638 1.12054e-11
14.1137 0.0134372 0.0134372 1.08795e-11
14.1806 0.00638837 0.00638837 1.07644e-11
14.2475 0.00806663 0.00806663 1.00414e-11
14.3144 0.00390158 0.00390158 7.05824e-12
14.3813 0.00635855 0.00635855 6.80032e-12
14.4482 0.00185089 0.00185089 5.98321e-12
14.5151 0.00129623 0.00129623 3.54169e-12
14.5819 0.00591111 0.00591111 4.65034e-12
14.6488 0.00125025 0.00125025 3.53523e-12
14.7157 0.00169327 0.00169327 2.7545e-12
14.7826 0.0031037 0.0031037 2.5982e-12
14.8495 0.0176059 0.0176059 2.54793e-12
14.9164 0.00525976 0.00525976 2.28988e-12
14.9833 0.00185125 0.00185125 2.1004e-12
15.0502 0.00226342 0.00226342 1.63448e-12
15.1171 0.00353678 0.00353678 1.49471e-12
15.1839 0.00775663 0.00775663 1.09196e-12
15.2508 0.00813084 0.00813084 9.47602e-13
15.3177 0.00132622 0.00132622 8.07648e-13
15.3846 0.00562126 0.00562126 6.74999e-13
15.4515 0.00225494 0.00225494 6.01466e-13
15.5184 0.00131085 0.00131085 5.78637e-13
15.5853 0.00911302 0.00911302 4.06993e-13
15.6522 0.0042888 0.0042888 3.94916e-13
15.7191 0.00401351 0.00401351 3.29076e-13
15.786 0.00225403 0.00225403 1.96491e-13
15.8528 0.0100385 0.0100385 2.0477e-13
15.9197 0.000439234 0.000439234 2.67556e-13
15.9866 0.00563192 0.00563192 2.46286e-13
16.0535 0.00102958 0.00102958 1.71302e-13
16.1204 0.0046531 0.0046531 1.52672e-13
16.1873 0.0100725 0.0100725 1.59582e-13
16.2542 0.00618965 0.00618965 1.05385e-13
16.3211 0.0018561 0.0018561 1.03496e-13
16.388 0.000921729 0.000921729 9.82183e-14
16.4548 0.00103359 0.00103359 8.86311e-14
16.5217 0.00502072 0.00502072 9.26548e-14
16.5886 0.00169326 0.00169326 5.03235e-14
16.6555 0.00188815 0.00188815 4.42822e-14
16.7224 0.00127039 0.00127039 4.27203e-14
16.7893 0.000959738 0.000959738 4.72637e-14
16.8562 0.00058895 0.00058895 3.82481e-14
16.9231 0.00119075 0.00119075 2.62072e-14
16.99 0.0179406 0.0179406 3.67631e-14
17.0569 0.000181201 0.000181201 2.31175e-14
17.1237 0.00530497 0.00530497 1.4745e-14
17.1906 0.000260643 0.000260643 1.25388e-14
17.2575 0.000827359 0.000827359 1.10155e-14
17.3244 0.00132139 0.00132139 1.24275e-14
17.3913 0.00525742 0.00525742 1.02436e-14
17.4582 0.0049471 0.0049471 9.8405e-15
17.5251 0.0105477 0.0105477 8.84614e-15
17.592 0.000399658 0.000399658 7.17564e-15
17.6589 0.00270935 0.00270935 7.63349e-15
17.7258 0.000306844 0.000306844 3.83005e-15
17.7926 0.000618973 0.000618973 4.53941e-15
17.8595 0.00134592 0.00134592 3.50343e-15
17.9264 0.00102836 0.00102836 3.11541e-15
17.9933 0.0073747 0.0073747 2.68145e-15
18.0602 0.00278147 0.00278147 3.08699e-15
18.1271 0.000202065 0.000202065 1.82267e-15
18.194 0.00117957 0.00117957 1.5954e-15
18.2609 0.000342491 0.000342491 1.1401e-15
18.3278 0.000434289 0.000434289 2.15401e-15
18.3946 0.000212972 0.000212972 1.36717e-15
18.4615 0.000827139 0.000827139 9.48341e-16
18.5284 0.000418423 0.000418423 8.99427e-16
18.5953 0.00655589 0.00655589 1.1767e-15
18.6622 0.000222898 0.000222898 6.04273e-16
18.7291 0.000198178 0.000198178 5.35885e-16
18.796 0.00339568 0.00339568 5.20778e-16
18.8629 0.000159265 0.000159265 5.5755e-16
18.9298 0.000975266 0.000975266 4.36754e-16
18.9967 0.00445047 0.00445047 3.20317e-16
19.0635 0.00281842 0.00281842 2.55485e-16
19.1304 0.00189798 0.00189798 2.84466e-16
19.1973 0.00128798 0.00128798 2.28595e-16
19.2642 0.0027543 0.0027543 2.33351e-16
19.3311 0.0007357 0.0007357 1.81947e-16
19.398 0.000343047 0.000343047 1.93702e-16
19.4649 0.00108299 0.00108299 1.04419e-16
19.5318 0.000962543 0.000962543 9.88611e-17
19.5987 0.000131395 0.000131395 9.61344e-17
19.6656 0.0027718 0.0027718 1.05839e-16
19.7324 0.000127307 0.000127307 5.79506e-17
19.7993 0.000311164 0.000311164 6.09808e-17
19.8662 0.00417072 0.00417072 5.8041e-17
19.9331 0.000369709 0.000369709 5.5207e-17
20 0.00264374 0.00264374 4.00217e-17
