0 0 0 0
0.0668896 0.00252158 0.00199144 0.000530133
0.133779 0.00505085 0.00417003 0.00088082
0.200669 0.00772166 0.00633978 0.00138188
0.267559 0.00997137 0.00791748 0.00205389
0.334448 0.0122693 0.0100934 0.00217591
0.401338 0.0138896 0.0108928 0.00299689
0.468227 0.016662 0.0133176 0.00334443
0.535117 0.0164095 0.0129726 0.00343687
0.602007 0.0180934 0.0144431 0.00365027
0.668896 0.0225301 0.0189431 0.00358693
0.735786 0.0208084 0.0169447 0.00386366
0.802676 0.024842 0.020429 0.004413
0.869565 0.0251559 0.0211006 0.00405532
0.936455 0.0267146 0.0223231 0.00439154
1.00334 0.0249993 0.0205984 0.00440094
1.07023 0.0256856 0.0214545 0.00423109
1.13712 0.0258392 0.0216535 0.00418572
1.20401 0.0290866 0.0248594 0.00422718
1.2709 0.0269123 0.0227693 0.004143
1.33779 0.0294705 0.0254391 0.00403139
1.40468 0.0277797 0.0239838 0.00379587
1.47157 0.0282442 0.0240737 0.00417042
1.53846 0.0295913 0.0255689 0.00402246
1.60535 0.0258153 0.0224839 0.00333143
1.67224 0.0252597 0.0222118 0.00304785
1.73913 0.0257265 0.0231346 0.00259187
1.80602 0.0261895 0.0235434 0.00264609
1.87291 0.0245512 0.0216605 0.00289073
1.9398 0.0236104 0.0214527 0.00215768
2.00669 0.0245908 0.0225744 0.00201636
2.07358 0.022344 0.020087 0.00225702
2.14047 0.0191604 0.0175628 0.00159755
2.20736 0.0176747 0.0158918 0.00178291
2.27425 0.0188921 0.0176287 0.00126332
2.34114 0.0183897 0.0170581 0.0013316
2.40803 0.0151088 0.0140539 0.00105484
2.47492 0.0159734 0.0148232 0.00115023
2.54181 0.0137252 0.0126183 0.00110687
2.6087 0.0141413 0.0133169 0.000824385
2.67559 0.0132541 0.012562 0.000692186
2.74247 0.0115809 0.0108724 0.000708572
2.80936 0.0127961 0.0121559 0.000640207
2.87625 0.00973484 0.00918621 0.000548634
2.94314 0.0108321 0.010374 0.000458082
3.01003 0.00888695 0.0085073 0.000379651
3.07692 0.0093005 0.00890734 0.000393153
3.14381 0.00818973 0.00782013 0.000369599
3.2107 0.00889036 0.00861907 0.000271287
3.27759 0.00702883 0.00671323 0.000315598
3.34448 0.00746701 0.00722158 0.000245432
3.41137 0.00669504 0.00651802 0.000177021
3.47826 0.00709927 0.00692097 0.000178297
3.54515 0.00582879 0.00567794 0.000150847
3.61204 0.00506525 0.00494655 0.000118698
3.67893 0.00535225 0.00523073 0.000121519
3.74582 0.00479025 0.00469344 9.68124e-05
3.81271 0.00382845 0.00375675 7.16993e-05
3.8796 0.00376035 0.00369304 6.73113e-05
3.94649 0.00392508 0.00385828 6.6793e-05
4.01338 0.00354236 0.00348899 5.33719e-05
4.08027 0.00324117 0.00319486 4.63017e-05
4.14716 0.00309693 0.00305658 4.03414e-05
4.21405 0.00259176 0.00255821 3.35582e-05
4.28094 0.00250852 0.00248142 2.71027e-05
4.34783 0.00238872 0.0023619 2.68122e-05
4.41472 0.00210404 0.00208231 2.1735e-05
4.48161 0.00191097 0.00189284 1.81322e-05
4.54849 0.00200029 0.00198394 1.63469e-05
4.61538 0.0018145 0.00180037 1.41343e-05
4.68227 0.00167341 0.00166122 1.21845e-05
4.74916 0.0018569 0.00184738 9.52364e-06
4.81605 0.0012361 0.00122844 7.65597e-06
4.88294 0.00124174 0.00123364 8.1003e-06
4.94983 0.00115067 0.00114517 5.49812e-06
5.01672 0.00106128 0.00105696 4.32376e-06
5.08361 0.00119079 0.00118588 4.90809e-06
5.1505 0.000922536 0.000918093 4.44335e-06
5.21739 0.00116592 0.00116283 3.08504e-06
5.28428 0.000792139 0.000789331 2.80773e-06
5.35117 0.00080198 0.000800084 1.89574e-06
5.41806 0.000691607 0.000689574 2.03238e-06
5.48495 0.000639552 0.000637879 1.67363e-06
5.55184 0.000534514 0.000533277 1.23688e-06
5.61873 0.000549298 0.000548115 1.1823e-06
5.68562 0.000612612 0.000611575 1.0364e-06
5.75251 0.000539931 0.000539156 7.74783e-07
5.8194 0.00041184 0.000411163 6.77432e-07
5.88629 0.000468814 0.00046822 5.94393e-07
5.95318 0.000373849 0.000373286 5.63026e-07
6.02007 0.000366958 0.000366544 4.14846e-07
6.08696 0.000370053 0.000369686 3.67841e-07
6.15385 0.000269045 0.000268705 3.39875e-07
6.22074 0.000254111 0.000253813 2.97487e-07
6.28763 0.000231688 0.000231468 2.19855e-07
6.35452 0.000252991 0.000252816 1.74395e-07
6.4214 0.000179891 0.000179716 1.74827e-07
6.48829 0.00022465 0.000224517 1.33146e-07
6.55518 0.00016549 0.000165383 1.07354e-07
6.62207 0.00017703 0.000176937 9.33904e-08
6.68896 0.000174833 0.00017474 9.24243e-08
6.75585 0.000141735 0.000141671 6.37493e-08
6.82274 0.000127026 0.000126974 5.17447e-08
6.88963 0.000110403 0.000110357 4.62462e-08
6.95652 0.000108325 0.000108279 4.59355e-08
7.02341 0.000103692 0.00010366 3.20747e-08
7.0903 9.15237e-05 9.14976e-05 2.61118e-08
7.15719 9.05447e-05 9.05183e-05 2.64071e-08
7.22408 8.67974e-05 8.6779e-05 1.84591e-08
7.29097 7.06863e-05 7.06706e-05 1.57285e-08
7.35786 7.34778e-05 7.34596e-05 1.82386e-08
7.42475 7.02528e-05 7.02394e-05 1.33733e-08
7.49164 6.78573e-05 6.7848e-05 9.25667e-09
7.55853 6.06765e-05 6.06704e-05 6.15744e-09
7.62542 6.42791e-05 6.42721e-05 6.98769e-09
7.69231 6.19783e-05 6.19733e-05 5.04905e-09
7.7592 4.30426e-05 4.30377e-05 4.89219e-09
7.82609 4.31151e-05 4.31107e-05 4.40601e-09
7.89298 4.6238e-05 4.62349e-05 3.10117e-09
7.95987 3.61076e-05 3.61052e-05 2.40417e-09
8.02676 3.62928e-05 3.62903e-05 2.51067e-09
8.09365 3.1796e-05 3.17941e-05 1.8115e-09
8.16054 2.87084e-05 2.8707e-05 1.36572e-09
8.22742 3.45499e-05 3.45485e-05 1.37192e-09
8.29431 2.3557e-05 2.35562e-05 8.75458e-10
8.3612 2.13142e-05 2.13132e-05 9.84499e-10
8.42809 1.95499e-05 1.9549e-05 8.88646e-10
8.49498 1.51981e-05 1.51975e-05 6.55538e-10
8.56187 1.72803e-05 1.72799e-05 4.47682e-10
8.62876 1.89386e-05 1.89381e-05 5.13214e-10
8.69565 1.55102e-05 1.55098e-05 4.26052e-10
8.76254 1.21387e-05 1.21384e-05 2.93478e-10
8.82943 1.46707e-05 1.46705e-05 2.09099e-10
8.89632 1.39265e-05 1.39263e-05 2.09733e-10
8.96321 1.08345e-05 1.08343e-05 1.79909e-10
9.0301 9.62184e-06 9.62169e-06 1.51055e-10
9.09699 9.96893e-06 9.9688e-06 1.2786e-10
9.16388 9.41907e-06 9.41896e-06 1.10078e-10
9.23077 7.56661e-06 7.56652e-06 9.43715e-11
9.29766 6.38679e-06 6.38671e-06 7.79935e-11
9.36455 6.57612e-06 6.57607e-06 5.52119e-11
9.43144 6.3817e-06 6.38165e-06 5.36238e-11
9.49833 6.43641e-06 6.43637e-06 4.67486e-11
9.56522 5.22757e-06 5.22754e-06 2.57214e-11
9.63211 6.02502e-06 6.025e-06 2.35898e-11
9.699 3.88187e-06 3.88184e-06 2.50738e-11
9.76589 5.14748e-06 5.14747e-06 1.57798e-11
9.83278 3.91149e-06 3.91146e-06 2.25894e-11
9.89967 3.63661e-06 3.63659e-06 1.55172e-11
9.96656 3.26045e-06 3.26044e-06 1.01186e-11
10.0334 3.20513e-06 3.20512e-06 8.8339e-12
10.1003 2.89812e-06 2.89811e-06 8.81631e-12
10.1672 3.34628e-06 3.34627e-06 7.13041e-12
10.2341 1.95051e-06 1.95051e-06 5.99219e-12
10.301 2.40926e-06 2.40926e-06 4.91494e-12
10.3679 2.24054e-06 2.24054e-06 3.79424e-12
10.4348 2.004e-06 2.004e-06 2.60888e-12
10.5017 1.67833e-06 1.67833e-06 2.07215e-12
10.5686 2.55446e-06 2.55445e-06 2.35148e-12
10.6355 1.61752e-06 1.61752e-06 1.60468e-12
10.7023 1.27037e-06 1.27036e-06 1.76835e-12
10.7692 1.17482e-06 1.17482e-06 1.15573e-12
10.8361 1.36417e-06 1.36417e-06 9.15884e-13
10.903 1.27281e-06 1.27281e-06 1.16906e-12
10.9699 1.01117e-06 1.01117e-06 7.25791e-13
11.0368 9.66012e-07 9.66012e-07 5.52189e-13
11.1037 7.69132e-07 7.69132e-07 3.73915e-13
11.1706 8.92165e-07 8.92165e-07 4.22977e-13
11.2375 9.09342e-07 9.09342e-07 3.28791e-13
11.3043 8.79261e-07 8.79261e-07 2.33982e-13
11.3712 6.98085e-07 6.98085e-07 2.57768e-13
11.4381 7.67904e-07 7.67904e-07 1.69773e-13
11.505 6.16896e-07 6.16896e-07 1.51483e-13
11.5719 5.57483e-07 5.57483e-07 1.16466e-13
11.6388 6.88955e-07 6.88955e-07 1.11505e-13
11.7057 5.11225e-07 5.11225e-07 7.50186e-14
11.7726 4.49407e-07 4.49407e-07 7.60476e-14
11.8395 4.19632e-07 4.19632e-07 5.58459e-14
11.9064 3.59926e-07 3.59926e-07 4.68855e-14
11.9732 3.56822e-07 3.56822e-07 4.42547e-14
12.0401 3.88924e-07 3.88924e-07 3.9365e-14
12.107 3.16323e-07 3.16323e-07 2.95027e-14
12.1739 2.53228e-07 2.53228e-07 2.26199e-14
12.2408 2.10065e-07 2.10065e-07 2.03476e-14
12.3077 2.44501e-07 2.44501e-07 1.66726e-14
12.3746 2.40112e-07 2.40112e-07 1.01956e-14
12.4415 2.38193e-07 2.38193e-07 1.17349e-14
12.5084 2.04099e-07 2.04099e-07 8.28983e-15
12.5753 1.71693e-07 1.71693e-07 1.02752e-14
12.6421 2.0333e-07 2.0333e-07 5.78655e-15
12.709 1.34429e-07 1.34429e-07 4.08508e-15
12.7759 1.30152e-07 1.30152e-07 4.14243e-15
12.8428 1.67e-07 1.67e-07 2.748e-15
12.9097 1.29076e-07 1.29076e-07 2.77918e-15
12.9766 9.85537e-08 9.85537e-08 1.97541e-15
13.0435 1.03063e-07 1.03063e-07 2.16755e-15
13.1104 1.12627e-07 1.12627e-07 1.55612e-15
13.1773 9.8655e-08 9.8655e-08 1.31469e-15
13.2441 8.88948e-08 8.88948e-08 1.16468e-15
13.311 9.08065e-08 9.08065e-08 1.1951e-15
13.3779 8.39398e-08 8.39398e-08 9.4839e-16
13.4448 7.309e-08 7.309e-08 6.32033e-16
13.5117 6.89408e-08 6.89408e-08 5.81251e-16
13.5786 6.77693e-08 6.77693e-08 4.00907e-16
13.6455 4.58818e-08 4.58818e-08 3.30908e-16
13.7124 3.89584e-08 3.89584e-08 2.67043e-16
13.7793 5.39059e-08 5.39059e-08 2.3447e-16
13.8462 5.65216e-08 5.65216e-08 2.47651e-16
13.913 4.5094e-08 4.5094e-08 1.47138e-16
13.9799 3.58616e-08 3.58616e-08 1.42173e-16
14.0468 3.35096e-08 3.35096e-08 1.08542e-16
14.1137 3.51246e-08 3.51246e-08 1.26257e-16
14.1806 3.05265e-08 3.05265e-08 7.89754e-17
14.2475 2.8324e-08 2.8324e-08 6.05649e-17
14.3144 2.73164e-08 2.73164e-08 5.30147e-17
14.3813 2.19316e-08 2.19316e-08 5.4989e-17
14.4482 1.99437e-08 1.99437e-08 3.03811e-17
14.5151 3.31627e-08 3.31627e-08 3.61934e-17
14.5819 2.16558e-08 2.16558e-08 2.28366e-17
14.6488 1.63629e-08 1.63629e-08 2.125e-17
14.7157 1.98917e-08 1.98917e-08 1.64807e-17
14.7826 1.49866e-08 1.49866e-08 1.12491e-17
14.8495 1.03712e-08 1.03712e-08 8.72473e-18
14.9164 1.73643e-08 1.73643e-08 1.08967e-17
14.9833 1.40953e-08 1.40953e-08 9.0113e-18
15.0502 1.15561e-08 1.15561e-08 7.4076e-18
15.1171 1.00133e-08 1.00133e-08 4.69072e-18
15.1839 1.1485e-08 1.1485e-08 4.2043e-18
15.2508 1.03498e-08 1.03498e-08 3.56482e-18
15.3177 7.83994e-09 7.83994e-09 2.75964e-18
15.3846 9.74662e-09 9.74662e-09 2.90906e-18
15.4515 7.85688e-09 7.85688e-09 2.41854e-18
15.5184 7.35142e-09 7.35142e-09 1.84187e-18
15.5853 5.71457e-09 5.71457e-09 1.40922e-18
15.6522 4.64481e-09 4.64481e-09 9.635e-19
15.7191 4.61956e-09 4.61956e-09 1.02403e-18
15.786 4.10927e-09 4.10927e-09 8.62166e-19
15.8528 5.14388e-09 5.14388e-09 5.61228e-19
15.9197 4.92352e-09 4.92352e-09 4.77462e-19
15.9866 4.09744e-09 4.09744e-09 5.43689e-19
16.0535 3.76085e-09 3.76085e-09 3.36777e-19
16.1204 3.22331e-09 3.22331e-09 3.20592e-19
16.1873 3.42566e-09 3.42566e-09 2.61239e-19
16.2542 4.12558e-09 4.12558e-09 1.59033e-19
16.3211 2.61389e-09 2.61389e-09 1.80293e-19
16.388 3.33563e-09 3.33563e-09 1.6812e-19
16.4548 2.98145e-09 2.98145e-09 1.13114e-19
16.5217 2.42754e-09 2.42754e-09 1.03373e-19
16.5886 2.75986e-09 2.75986e-09 8.08619e-20
16.6555 2.5566e-09 2.5566e-09 8.26867e-20
16.7224 2.12834e-09 2.12834e-09 5.93808e-20
16.7893 1.39642e-09 1.39642e-09 3.95554e-20
16.8562 1.55777e-09 1.55777e-09 3.52555e-20
16.9231 1.78276e-09 1.78276e-09 3.03266e-20
16.99 1.33882e-09 1.33882e-09 2.32232e-20
17.0569 1.42449e-09 1.42449e-09 1.73106e-20
17.1237 1.20995e-09 1.20995e-09 1.61512e-20
17.1906 1.10055e-09 1.10055e-09 1.78599e-20
17.2575 7.37966e-10 7.37966e-10 1.10549e-20
17.3244 1.03003e-09 1.03003e-09 9.03043e-21
17.3913 8.4916e-10 8.4916e-10 6.33757e-21
17.4582 8.94626e-10 8.94626e-10 6.49418e-21
17.5251 5.34039e-10 5.34039e-10 4.87213e-21
17.592 7.65632e-10 7.65632e-10 3.93573e-21
17.6589 6.65674e-10 6.65674e-10 3.60707e-21
17.7258 5.30278e-10 5.30278e-10 2.65603e-21
17.7926 6.95894e-10 6.95894e-10 2.8079e-21
17.8595 5.02029e-10 5.02029e-10 1.41774e-21
17.9264 3.4377e-10 3.4377e-10 1.38575e-21
17.9933 4.38438e-10 4.38438e-10 1.38549e-21
18.0602 4.60839e-10 4.60839e-10 9.8919e-22
18.1271 3.9267e-10 3.9267e-10 9.83746e-22
18.194 3.99123e-10 3.99123e-10 7.04689e-22
18.2609 3.27551e-10 3.27551e-10 8.11098e-22
18.3278 3.35176e-10 3.35176e-10 4.4776e-22
18.3946 2.52031e-10 2.52031e-10 5.04009e-22
18.4615 1.72619e-10 1.72619e-10 3.4927e-22
18.5284 2.69704e-10 2.69704e-10 2.71404e-22
18.5953 2.5516e-10 2.5516e-10 1.95499e-22
18.6622 3.07209e-10 3.07209e-10 2.16246e-22
18.7291 2.27889e-10 2.27889e-10 1.90604e-22
18.796 1.66459e-10 1.66459e-10 1.65675e-22
18.8629 2.09926e-10 2.09926e-10 9.98148e-23
18.9298 1.79461e-10 1.79461e-10 8.73733e-23
18.9967 1.5036e-10 1.5036e-10 6.33067e-23
19.0635 1.8287e-10 1.8287e-10 5.88306e-23
19.1304 1.39411e-10 1.39411e-10 5.51847e-23
19.1973 1.60549e-10 1.60549e-10 4.95352e-23
19.2642 1.27027e-10 1.27027e-10 4.38388e-23
19.3311 1.04205e-10 1.04205e-10 2.1373e-23
19.398 1.24113e-10 1.24113e-10 2.14206e-23
19.4649 8.80162e-11 8.80162e-11 1.66181e-23
19.5318 1.08442e-10 1.08442e-10 1.15272e-23
19.5987 1.07466e-10 1.07466e-10 1.35859e-23
19.6656 6.32091e-11 6.32091e-11 1.155e-23
19.7324 7.81679e-11 7.81679e-11 7.99987e-24
19.7993 5.84163e-11 5.84163e-11 8.57181e-24
19.8662 1.00348e-10 1.00348e-10 7.14131e-24
19.9331 3.80625e-11 3.80625e-11 4.78608e-24
20 5.50224e-11 5.50224e-11 3.72607e-24
