0 0 0 0
0.0668896 0.0389298 0.0336154 0.00531436
0.133779 0.0911754 0.0811688 0.0100066
0.200669 0.13341 0.118339 0.0150711
0.267559 0.147607 0.127091 0.0205161
0.334448 0.147344 0.123537 0.0238065
0.401338 0.255261 0.22729 0.0279702
0.468227 0.272255 0.236738 0.0355177
0.535117 0.328389 0.289906 0.0384826
0.602007 0.372167 0.335896 0.036271
0.668896 0.365804 0.321655 0.0441489
0.735786 0.377792 0.32699 0.0508025
0.802676 0.442121 0.388996 0.0531248
0.869565 0.482044 0.434256 0.0477882
0.936455 0.416045 0.365796 0.0502493
1.00334 0.455857 0.393228 0.0626285
1.07023 0.496007 0.440259 0.0557486
1.13712 0.592156 0.537732 0.0544233
1.20401 0.643244 0.591385 0.0518594
1.2709 0.656507 0.601448 0.055059
1.33779 0.637321 0.583727 0.0535939
1.40468 0.619646 0.564723 0.0549231
1.47157 0.583244 0.528377 0.0548674
1.53846 0.586959 0.535549 0.0514101
1.60535 0.619847 0.565998 0.0538492
1.67224 0.590806 0.539264 0.0515419
1.73913 0.595023 0.550845 0.0441783
1.80602 0.603308 0.557034 0.0462742
1.87291 0.719394 0.672998 0.0463955
1.9398 0.699525 0.654092 0.045433
2.00669 0.620556 0.583983 0.036573
2.07358 0.693994 0.6534 0.040594
2.14047 0.679017 0.640708 0.0383087
2.20736 0.667124 0.635114 0.0320098
2.27425 0.653612 0.624786 0.0288258
2.34114 0.674446 0.642333 0.0321136
2.40803 0.460452 0.434944 0.0255073
2.47492 0.686753 0.662793 0.0239595
2.54181 0.546243 0.51953 0.0267133
2.6087 0.605999 0.584164 0.0218357
2.67559 0.635101 0.617885 0.0172156
2.74247 0.521336 0.502883 0.0184529
2.80936 0.633059 0.6141 0.0189588
2.87625 0.536553 0.52144 0.0151132
2.94314 0.485621 0.470233 0.0153878
3.01003 0.43385 0.418847 0.0150028
3.07692 0.5466 0.53495 0.0116502
3.14381 0.494411 0.48385 0.0105612
3.2107 0.347624 0.33836 0.00926412
3.27759 0.516673 0.507273 0.00939955
3.34448 0.53341 0.525542 0.00786839
3.41137 0.591047 0.583652 0.00739504
3.47826 0.522499 0.515786 0.00671266
3.54515 0.563761 0.557466 0.00629593
3.61204 0.457651 0.450699 0.00695236
3.67893 0.407478 0.401975 0.00550284
3.74582 0.391934 0.386743 0.00519144
3.81271 0.542159 0.537967 0.00419234
3.8796 0.3484 0.345049 0.00335037
3.94649 0.458944 0.455082 0.00386131
4.01338 0.328473 0.325521 0.00295272
4.08027 0.422731 0.420086 0.00264472
4.14716 0.42691 0.424308 0.00260179
4.21405 0.475708 0.473561 0.0021464
4.28094 0.256735 0.254397 0.00233712
4.34783 0.328916 0.326789 0.00212725
4.41472 0.389442 0.387792 0.00165027
4.48161 0.263283 0.261647 0.0016353
4.54849 0.312474 0.310923 0.00155157
4.61538 0.285802 0.284603 0.00119928
4.68227 0.343682 0.342492 0.00118951
4.74916 0.275674 0.274844 0.000830561
4.81605 0.265834 0.264997 0.000836735
4.88294 0.268194 0.26737 0.000823924
4.94983 0.22035 0.219678 0.000672192
5.01672 0.226228 0.225607 0.000621143
5.08361 0.238399 0.237857 0.000541729
5.1505 0.253616 0.253107 0.000509677
5.21739 0.14663 0.146172 0.000458473
5.28428 0.228439 0.2281 0.000338715
5.35117 0.173612 0.173188 0.000424248
5.41806 0.234343 0.234078 0.000265381
5.48495 0.197664 0.197393 0.000271145
5.55184 0.250628 0.250327 0.000301422
5.61873 0.157685 0.157473 0.00021145
5.68562 0.222298 0.222102 0.000196392
5.75251 0.186059 0.1859 0.000159416
5.8194 0.14137 0.141213 0.000157385
5.88629 0.215236 0.215086 0.000149218
5.95318 0.167399 0.167273 0.000126847
6.02007 0.229835 0.229735 9.98828e-05
6.08696 0.112107 0.111999 0.000107661
6.15385 0.0796471 0.079568 7.904e-05
6.22074 0.124911 0.124841 6.9789e-05
6.28763 0.18678 0.186727 5.34464e-05
6.35452 0.169865 0.169814 5.11687e-05
6.4214 0.0917902 0.0917406 4.95133e-05
6.48829 0.122501 0.122457 4.43831e-05
6.55518 0.14131 0.141269 4.11974e-05
6.62207 0.122663 0.122627 3.58282e-05
6.68896 0.123972 0.12394 3.19391e-05
6.75585 0.103201 0.103174 2.74415e-05
6.82274 0.120126 0.120102 2.48765e-05
6.88963 0.124656 0.124636 1.99867e-05
6.95652 0.122958 0.122939 1.9241e-05
7.02341 0.0894579 0.0894395 1.84511e-05
7.0903 0.144404 0.144391 1.35215e-05
7.15719 0.154361 0.154348 1.35083e-05
7.22408 0.0952989 0.0952899 9.03849e-06
7.29097 0.113793 0.113782 1.07674e-05
7.35786 0.0742909 0.0742813 9.55061e-06
7.42475 0.0592264 0.0592193 7.03675e-06
7.49164 0.10823 0.108222 7.76241e-06
7.55853 0.0709616 0.0709559 5.71294e-06
7.62542 0.0437008 0.0436952 5.58741e-06
7.69231 0.0641366 0.0641322 4.44915e-06
7.7592 0.0543653 0.054362 3.27379e-06
7.82609 0.0535562 0.0535527 3.48556e-06
7.89298 0.0735737 0.0735706 3.05229e-06
7.95987 0.052164 0.0521608 3.22267e-06
8.02676 0.108145 0.108142 2.63367e-06
8.09365 0.0346338 0.034632 1.77153e-06
8.16054 0.0944871 0.0944852 1.88797e-06
8.22742 0.0474182 0.0474162 2.00901e-06
8.29431 0.0380176 0.0380162 1.36017e-06
8.3612 0.0342492 0.0342479 1.32282e-06
8.42809 0.0569625 0.0569615 1.02491e-06
8.49498 0.0984313 0.0984304 9.28042e-07
8.56187 0.0550824 0.0550815 8.51789e-07
8.62876 0.0548232 0.0548225 6.71745e-07
8.69565 0.0543004 0.0542996 7.62209e-07
8.76254 0.0575088 0.0575082 5.89322e-07
8.82943 0.0462791 0.0462786 5.16727e-07
8.89632 0.0387136 0.0387131 4.82939e-07
8.96321 0.0770195 0.0770191 3.45537e-07
9.0301 0.0207133 0.020713 3.59758e-07
9.09699 0.03302 0.0330197 2.5313e-07
9.16388 0.0256308 0.0256305 2.09175e-07
9.23077 0.0665569 0.0665567 2.46277e-07
9.29766 0.0252081 0.0252079 1.90065e-07
9.36455 0.0226739 0.0226737 2.09126e-07
9.43144 0.033151 0.0331508 1.88337e-07
9.49833 0.0242512 0.0242511 1.43449e-07
9.56522 0.076172 0.0761719 8.90583e-08
9.63211 0.0212062 0.0212061 8.48754e-08
9.699 0.0394847 0.0394846 1.15301e-07
9.76589 0.0205926 0.0205926 5.5891e-08
9.83278 0.0403113 0.0403112 5.40392e-08
9.89967 0.0224261 0.0224261 5.17983e-08
9.96656 0.0516435 0.0516434 5.64508e-08
10.0334 0.0535199 0.0535198 5.4411e-08
10.1003 0.0287656 0.0287655 3.66487e-08
10.1672 0.0302967 0.0302967 3.40979e-08
10.2341 0.0710646 0.0710645 2.85096e-08
10.301 0.0297184 0.0297183 2.54613e-08
10.3679 0.0494844 0.0494843 2.86244e-08
10.4348 0.0106999 0.0106999 2.1114e-08
10.5017 0.0121868 0.0121868 1.50688e-08
10.5686 0.0444797 0.0444797 1.40811e-08
10.6355 0.0327879 0.0327879 1.51966e-08
10.7023 0.0290811 0.0290811 1.46507e-08
10.7692 0.013977 0.013977 1.15842e-08
10.8361 0.0208713 0.0208713 9.1811e-09
10.903 0.0197158 0.0197158 1.00002e-08
10.9699 0.0104229 0.0104229 6.15462e-09
11.0368 0.071301 0.071301 5.86998e-09
11.1037 0.0211902 0.0211902 5.09455e-09
11.1706 0.0142631 0.0142631 4.32835e-09
11.2375 0.0182798 0.0182798 3.61352e-09
11.3043 0.0185188 0.0185188 4.10874e-09
11.3712 0.00522914 0.00522914 3.02242e-09
11.4381 0.00686317 0.00686316 2.54852e-09
11.505 0.0188732 0.0188732 2.02266e-09
11.5719 0.00623146 0.00623146 1.89e-09
11.6388 0.0137388 0.0137388 1.6133e-09
11.7057 0.00841715 0.00841715 1.45017e-09
11.7726 0.0140211 0.0140211 1.41427e-09
11.8395 0.0225587 0.0225587 1.04407e-09
11.9064 0.0112745 0.0112745 1.05007e-09
11.9732 0.00778998 0.00778998 8.67202e-10
12.0401 0.0208233 0.0208233 8.57701e-10
12.107 0.00801671 0.00801671 7.44382e-10
12.1739 0.0191918 0.0191918 4.95167e-10
12.2408 0.00274803 0.00274803 5.99638e-10
12.3077 0.0111083 0.0111083 4.87946e-10
12.3746 0.00836052 0.00836052 4.21507e-10
12.4415 0.00188859 0.00188859 3.85231e-10
12.5084 0.00671521 0.00671521 3.20414e-10
12.5753 0.0063355 0.0063355 2.20075e-10
12.6421 0.0270678 0.0270678 1.9442e-10
12.709 0.0141731 0.0141731 1.57277e-10
12.7759 0.00785295 0.00785295 9.08239e-11
12.8428 0.0273572 0.0273572 1.68374e-10
12.9097 0.00883875 0.00883875 1.38254e-10
12.9766 0.00748532 0.00748532 1.02183e-10
13.0435 0.00530541 0.00530541 1.31364e-10
13.1104 0.00348683 0.00348683 7.78739e-11
13.1773 0.00659148 0.00659148 6.19309e-11
13.2441 0.0147364 0.0147364 5.7466e-11
13.311 0.0230939 0.0230939 6.00452e-11
13.3779 0.00172027 0.00172027 5.61108e-11
13.4448 0.00158108 0.00158108 5.38486e-11
13.5117 0.00255247 0.00255247 4.36254e-11
13.5786 0.00223348 0.00223348 3.96383e-11
13.6455 0.00315394 0.00315394 3.24265e-11
13.7124 0.00127386 0.00127386 2.68989e-11
13.7793 0.00571091 0.00571091 2.02355e-11
13.8462 0.00541388 0.00541388 1.70947e-11
13.913 0.00437773 0.00437773 1.6601e-11
13.9799 0.0132296 0.0132296 1.62162e-11
14.0468 0.00942057 0.00942057 9.59218e-12
14.1137 0.00692467 0.00692467 1.05162e-11
14.1806 0.00207683 0.00207683 9.41625e-12
14.2475 0.00374806 0.00374806 7.07739e-12
14.3144 0.00490563 0.00490563 5.7544e-12
14.3813 0.00128766 0.00128766 4.64542e-12
14.4482 0.00174704 0.00174704 3.91184e-12
14.5151 0.00475034 0.00475034 4.10466e-12
14.5819 0.00255782 0.00255782 3.68663e-12
14.6488 0.0244292 0.0244292 3.65208e-12
14.7157 0.0111542 0.0111542 3.20548e-12
14.7826 0.00212602 0.00212602 2.40427e-12
14.8495 0.00413184 0.00413184 2.20799e-12
14.9164 0.00353255 0.00353255 2.40624e-12
14.9833 0.00404732 0.00404732 1.86371e-12
15.0502 0.00124566 0.00124566 1.49522e-12
15.1171 0.000653453 0.000653453 1.27372e-12
15.1839 0.0022978 0.0022978 9.51444e-13
15.2508 0.00197617 0.00197617 8.74505e-13
15.3177 0.00688907 0.00688907 9.01988e-13
15.3846 0.0047138 0.0047138 7.10661e-13
15.4515 0.0164344 0.0164344 5.59717e-13
15.5184 0.00253092 0.00253092 6.62819e-13
15.5853 0.00577659 0.00577659 4.20807e-13
15.6522 0.0131185 0.0131185 3.7201e-13
15.7191 0.00749305 0.00749305 3.46279e-13
15.786 0.00389711 0.00389711 2.60351e-13
15.8528 0.00503689 0.00503689 2.36247e-13
15.9197 0.00351428 0.00351428 3.0604e-13
15.9866 0.000867195 0.000867195 2.23411e-13
16.0535 0.0285592 0.0285592 1.99464e-13
16.1204 0.00165714 0.00165714 1.80077e-13
16.1873 0.000718055 0.000718055 1.05921e-13
16.2542 0.000742425 0.000742425 1.1127e-13
16.3211 0.00871741 0.00871741 1.25274e-13
16.388 0.0015848 0.0015848 9.3949e-14
16.4548 0.00567144 0.00567144 8.1046e-14
16.5217 0.00202716 0.00202716 6.14991e-14
16.5886 0.00355388 0.00355388 5.20145e-14
16.6555 0.00268173 0.00268173 4.35084e-14
16.7224 0.00967323 0.00967323 3.93272e-14
16.7893 0.00276879 0.00276879 4.66919e-14
16.8562 0.000484115 0.000484115 3.09978e-14
16.9231 0.000154614 0.000154614 2.15944e-14
16.99 0.000507078 0.000507078 2.6346e-14
17.0569 0.005739 0.005739 3.01547e-14
17.1237 0.00868739 0.00868739 2.41062e-14
17.1906 0.00112896 0.00112896 1.92843e-14
17.2575 0.000269261 0.000269261 1.86462e-14
17.3244 0.00113554 0.00113554 1.40197e-14
17.3913 0.00207478 0.00207478 9.78246e-15
17.4582 0.0112685 0.0112685 1.14216e-14
17.5251 0.00052944 0.00052944 6.94666e-15
17.592 0.00118985 0.00118985 7.01086e-15
17.6589 0.00335476 0.00335476 6.176e-15
17.7258 0.00615457 0.00615457 6.01104e-15
17.7926 0.00170304 0.00170304 5.65451e-15
17.8595 0.00316272 0.00316272 3.8621e-15
17.9264 0.00122581 0.00122581 4.1102e-15
17.9933 0.00583285 0.00583285 3.29278e-15
18.0602 0.00662549 0.00662549 2.64511e-15
18.1271 0.00564089 0.00564089 1.93205e-15
18.194 0.0112945 0.0112945 2.76752e-15
18.2609 0.000248712 0.000248712 2.07121e-15
18.3278 0.000892214 0.000892214 1.28333e-15
18.3946 0.000185488 0.000185488 1.098e-15
18.4615 0.000101977 0.000101977 1.03035e-15
18.5284 0.00261623 0.00261623 9.4026e-16
18.5953 0.00329348 0.00329348 7.77933e-16
18.6622 0.00228824 0.00228824 7.65553e-16
18.7291 0.000424407 0.000424407 6.79678e-16
18.796 0.000642017 0.000642017 5.63266e-16
18.8629 0.00183595 0.00183595 5.21526e-16
18.9298 0.00121378 0.00121378 4.33905e-16
18.9967 0.000260458 0.000260458 3.59995e-16
19.0635 0.00024646 0.00024646 2.14055e-16
19.1304 0.000579182 0.000579182 2.65809e-16
19.1973 0.00150572 0.00150572 2.40083e-16
19.2642 0.00274389 0.00274389 1.71067e-16
19.3311 0.00201608 0.00201608 2.01224e-16
19.398 0.000331018 0.000331018 1.33417e-16
19.4649 0.00037274 0.00037274 1.47443e-16
19.5318 0.000347017 0.000347017 1.20241e-16
19.5987 0.00209346 0.00209346 6.96278e-17
19.6656 0.000393407 0.000393407 9.25796e-17
19.7324 0.000931635 0.000931635 7.32923e-17
19.7993 0.000360866 0.000360866 4.18154e-17
19.8662 0.00051566 0.00051566 5.05513e-17
19.9331 0.000113308 0.000113308 4.37797e-17
20 0.000110884 0.000110884 4.30164e-17
