0.0668896 0.0272013
0.133779 0.0590304
0.200669 0.0774849
0.267559 0.14032
0.334448 0.133479
0.401338 0.157402
0.468227 0.181402
0.535117 0.185224
0.602007 0.214712
0.668896 0.240959
0.735786 0.267859
0.802676 0.251842
0.869565 0.292086
0.936455 0.307842
1.00334 0.374651
1.07023 0.340861
1.13712 0.370582
1.20401 0.40842
1.2709 0.320634
1.33779 0.404763
1.40468 0.398379
1.47157 0.473868
1.53846 0.415839
1.60535 0.30392
1.67224 0.385128
1.73913 0.416931
1.80602 0.442442
1.87291 0.375108
1.9398 0.503172
2.00669 0.350806
2.07358 0.366663
2.14047 0.313647
2.20736 0.316523
2.27425 0.354368
2.34114 0.34269
2.40803 0.4316
2.47492 0.337889
2.54181 0.399632
2.6087 0.263875
2.67559 0.392318
2.74247 0.499192
2.80936 0.39797
2.87625 0.349198
2.94314 0.261805
3.01003 0.286144
3.07692 0.328625
3.14381 0.309872
3.2107 0.296247
3.27759 0.328324
3.34448 0.265639
3.41137 0.295804
3.47826 0.287429
3.54515 0.268872
3.61204 0.209086
3.67893 0.178251
3.74582 0.279464
3.81271 0.227383
3.8796 0.142806
3.94649 0.16631
4.01338 0.216983
4.08027 0.147411
4.14716 0.144295
4.21405 0.140657
4.28094 0.252802
4.34783 0.162746
4.41472 0.240548
4.48161 0.291609
4.54849 0.187041
4.61538 0.149224
4.68227 0.231172
4.74916 0.182526
4.81605 0.163558
4.88294 0.0844209
4.94983 0.153261
5.01672 0.158663
5.08361 0.0866615
5.1505 0.147453
5.21739 0.171678
5.28428 0.139235
5.35117 0.102047
5.41806 0.104589
5.48495 0.0853309
5.55184 0.10898
5.61873 0.150414
5.68562 0.0899288
5.75251 0.072804
5.8194 0.0621059
5.88629 0.0484775
5.95318 0.0947715
6.02007 0.0412686
6.08696 0.0422469
6.15385 0.0855961
6.22074 0.0782054
6.28763 0.052246
6.35452 0.0608633
6.4214 0.0633527
6.48829 0.0546682
6.55518 0.0546583
6.62207 0.0447591
6.68896 0.0370879
6.75585 0.0414171
6.82274 0.0492158
6.88963 0.0491514
6.95652 0.0715053
7.02341 0.087399
7.0903 0.061406
7.15719 0.0656337
7.22408 0.0471971
7.29097 0.0261211
7.35786 0.043372
7.42475 0.0283968
7.49164 0.0768679
7.55853 0.0731632
7.62542 0.0265934
7.69231 0.0657121
7.7592 0.0531787
7.82609 0.0366312
7.89298 0.014517
7.95987 0.0289811
8.02676 0.0370687
8.09365 0.0368166
8.16054 0.0236
8.22742 0.0207773
8.29431 0.108122
8.3612 0.0258474
8.42809 0.0196655
8.49498 0.0262423
8.56187 0.0201016
8.62876 0.0141709
8.69565 0.0206691
8.76254 0.0162571
8.82943 0.0353463
8.89632 0.0128718
8.96321 0.0233259
9.0301 0.0498189
9.09699 0.0201
9.16388 0.0107451
9.23077 0.0448267
9.29766 0.0257683
9.36455 0.0162705
9.43144 0.0172125
9.49833 0.0240112
9.56522 0.0153096
9.63211 0.00444296
9.699 0.0249393
9.76589 0.0374664
9.83278 0.0154925
9.89967 0.016808
9.96656 0.00555298
10.0334 0.0173424
10.1003 0.00727707
10.1672 0.0110662
10.2341 0.0154738
10.301 0.00374545
10.3679 0.0144527
10.4348 0.0152843
10.5017 0.0143959
10.5686 0.00658199
10.6355 0.00855359
10.7023 0.0427516
10.7692 0.0103895
10.8361 0.0108352
10.903 0.00401316
10.9699 0.00478147
11.0368 0.010812
11.1037 0.00760548
11.1706 0.0477661
11.2375 0.0126379
11.3043 0.00233528
11.3712 0.0166293
11.4381 0.00599536
11.505 0.00243947
11.5719 0.00494998
11.6388 0.0135814
11.7057 0.00124386
11.7726 0.00417988
11.8395 0.0100611
11.9064 0.00910735
11.9732 0.00365492
12.0401 0.0135966
12.107 0.0107073
12.1739 0.0168538
12.2408 0.0049695
12.3077 0.00487985
12.3746 0.00381407
12.4415 0.00506179
12.5084 0.00159576
12.5753 0.0022346
12.6421 0.00241741
12.709 0.00122315
12.7759 0.00377441
12.8428 0.00227123
12.9097 0.0123058
12.9766 0.00473081
13.0435 0.000918801
13.1104 0.00112192
13.1773 0.00477321
13.2441 0.00896409
13.311 0.0022144
13.3779 0.00866548
13.4448 0.00260405
13.5117 0.00530094
13.5786 0.0035983
13.6455 0.00331603
13.7124 0.00186816
13.7793 0.00597727
13.8462 0.00489341
13.913 0.00143716
13.9799 0.0136992
14.0468 0.00125745
14.1137 0.00162947
14.1806 0.00193654
14.2475 0.000803346
14.3144 0.00860763
14.3813 0.00486363
14.4482 0.000762325
14.5151 0.00677598
14.5819 0.00170449
14.6488 0.00195897
14.7157 0.00743813
14.7826 0.000641486
14.8495 0.000698872
14.9164 0.0005985
14.9833 0.000310218
15.0502 0.00396293
15.1171 0.00201441
15.1839 0.000639455
15.2508 0.00196036
15.3177 0.00365483
15.3846 0.0101425
15.4515 0.00400517
15.5184 7.91351e-05
15.5853 0.00722656
15.6522 0.000438495
15.7191 0.0019885
15.786 0.000240451
15.8528 0.000550415
15.9197 0.0181208
15.9866 0.0184977
16.0535 0.000644837
16.1204 0.000606142
16.1873 0.000719997
16.2542 0.00255021
16.3211 0.000663981
16.388 0.000387832
16.4548 0.000276447
16.5217 0.00281095
16.5886 0.000952024
16.6555 0.000311227
16.7224 0.00568851
16.7893 0.00026517
16.8562 0.00144143
16.9231 0.000525667
16.99 0.00232974
17.0569 0.000583327
17.1237 0.00766569
17.1906 0.00329826
17.2575 0.0024517
17.3244 0.000442605
17.3913 1.53138e-05
17.4582 0.000658552
17.5251 0.00190142
17.592 0.00390171
17.6589 0.000471504
17.7258 0.000126867
17.7926 0.00011962
17.8595 0.000354284
17.9264 0.00128411
17.9933 0.00085747
18.0602 0.00020811
18.1271 9.2806e-05
18.194 0.000355751
18.2609 9.84156e-05
18.3278 0.000345891
18.3946 0.000134256
18.4615 0.00122723
18.5284 0.00320385
18.5953 0.000236214
18.6622 0.000196062
18.7291 0.00323243
18.796 0.000824455
18.8629 2.25228e-05
18.9298 0.000220529
18.9967 0.000250231
19.0635 2.08286e-05
19.1304 9.87281e-05
19.1973 0.000955722
19.2642 7.95525e-05
19.3311 0.00124226
19.398 0.00111994
19.4649 1.76427e-06
19.5318 6.5859e-05
19.5987 5.65535e-05
19.6656 0.000286571
19.7324 2.71461e-05
19.7993 0.0028542
19.8662 0.00131463
19.9331 0.000369393
20 0.00193969
