-4.67 7.90137
-4.47 11.9163
-4.17 10.0679
-3.97 10.0192
-3.67 10.7219
-3.47 13.7994
-3.17 14.3468
-2.97 14.7275
-2.68 15.9966
-2.475 17.1896
-2.175 25.8162
-1.98 21.3092
-1.695 22.7629
-1.495 25.3331
-1.21 24.1047
-1.02 28.1896
-0.745 27.1091
-0.565 24.6256
-0.3 29.7637
-0.1 30.0583
0.1 25.6292
0.3 33.5397
0.565 32.7451
0.745 31.3769
1.02 27.2236
1.21 28.555
1.495 25.0357
1.695 23.9624
1.98 22.9946
2.175 19.8718
2.475 20.149
2.68 13.0223
2.97 14.7272
3.17 16.4418
3.47 16.1514
3.67 10.871
3.97 11.6496
4.17 10.6022
4.47 12.2288
4.67 9.32257
