-4.67 22.2418
-4.47 18.5781
-4.17 20.7367
-3.97 23.5526
-3.67 27.4457
-3.47 29.6042
-3.17 29.9873
-2.97 34.5041
-2.68 35.483
-2.475 33.6131
-2.175 39.519
-1.98 48.0468
-1.695 47.5851
-1.495 58.6802
-1.21 52.5904
-1.02 59.1024
-0.745 60.7601
-0.565 56.9199
-0.3 62.2391
-0.1 61.2857
0.1 57.0587
0.3 58.235
0.565 52.9599
0.745 57.2913
1.02 59.9647
1.21 54.3602
1.495 54.3871
1.695 51.9148
1.98 40.633
2.175 38.6496
2.475 32.916
2.68 33.8075
2.97 34.683
3.17 32.5999
3.47 28.1147
3.67 21.8006
3.97 20.1666
4.17 21.0806
4.47 17.2484
4.67 24.132
