-4.67 37.9753
-4.47 34.9568
-4.17 32.0508
-3.97 34.0735
-3.67 40.5169
-3.47 54.2323
-3.17 54.0243
-2.97 54.6531
-2.68 56.959
-2.475 61.4004
-2.175 69.9351
-1.98 80.5469
-1.695 87.265
-1.495 89.466
-1.21 98.8182
-1.02 99.1365
-0.745 94.4153
-0.565 106.463
-0.3 113.595
-0.1 96.9755
0.1 100.161
0.3 92.9264
0.565 103.468
0.745 101.545
1.02 92.3769
1.21 88.1842
1.495 87.0678
1.695 88.8673
1.98 76.3879
2.175 70.5818
2.475 61.7126
2.68 49.2662
2.97 61.2216
3.17 54.0512
3.47 51.0951
3.67 49.436
3.97 34.7142
4.17 40.1593
4.47 36.2097
4.67 39.2928
