-4.67 6.23226
-4.47 6.12592
-4.17 8.60728
-3.97 6.58524
-3.67 9.21528
-3.47 7.68935
-3.17 11.4755
-2.97 8.40956
-2.68 8.94287
-2.475 10.9561
-2.175 10.9427
-1.98 15.4008
-1.695 14.625
-1.495 15.4328
-1.21 18.0832
-1.02 21.3743
-0.745 20.2918
-0.565 19.8874
-0.3 17.7226
-0.1 18.0043
0.1 19.7629
0.3 18.9277
0.565 18.4803
0.745 18.1982
1.02 16.7887
1.21 15.3658
1.495 15.0156
1.695 17.2985
1.98 14.6031
2.175 9.89155
2.475 12.7989
2.68 11.5173
2.97 11.6023
3.17 9.05305
3.47 7.40896
3.67 7.40875
3.97 7.27805
4.17 6.77505
4.47 7.49667
4.67 6.01048
