-4.67 3.11616
-4.47 3.4056
-4.17 3.79872
-3.97 4.032
-3.67 4.33584
-3.47 4.51008
-3.17 4.72464
-2.97 4.83552
-2.68 4.96224
-2.474 5.03424
-2.175 5.11776
-1.98 5.17248
-1.695 5.26464
-1.495 5.33376
-1.21 5.42592
-1.02 5.47776
-0.745 5.54112
-0.565 5.57136
-0.3 5.6016
-0.1 5.61312
0.1 5.61312
0.3 5.6016
0.565 5.57136
0.745 5.54112
1.02 5.47776
1.21 5.42592
1.495 5.33376
1.695 5.26464
1.98 5.17248
2.175 5.11776
2.4749 5.0328
2.68 4.96224
2.97 4.83552
3.17 4.72464
3.47 4.51008
3.67 4.33584
3.97 4.032
4.17 3.79872
4.47 3.4056
4.67 3.11616
