-4.67 1.10061
-4.47 1.20284
-4.17 1.34169
-3.97 1.42408
-3.67 1.53139
-3.47 1.59294
-3.17 1.66872
-2.97 1.70788
-2.68 1.75264
-2.474 1.77807
-2.175 1.80756
-1.98 1.82689
-1.695 1.85944
-1.495 1.88385
-1.21 1.9164
-1.02 1.93471
-0.745 1.95709
-0.565 1.96777
-0.3 1.97845
-0.1 1.98252
0.1 1.98252
0.3 1.97845
0.565 1.96777
0.745 1.95709
1.02 1.93471
1.21 1.9164
1.495 1.88385
1.695 1.85944
1.98 1.82689
2.175 1.80756
2.4749 1.77756
2.68 1.75264
2.97 1.70788
3.17 1.66872
3.47 1.59294
3.67 1.53139
3.97 1.42408
4.17 1.34169
4.47 1.20284
4.67 1.10061
