-4.67 0.594451
-4.47 0.649666
-4.17 0.724659
-3.97 0.76916
-3.67 0.827122
-3.47 0.86036
-3.17 0.901291
-2.97 0.922443
-2.68 0.946616
-2.474 0.960351
-2.175 0.976284
-1.98 0.986722
-1.695 1.0043
-1.495 1.01749
-1.21 1.03507
-1.02 1.04496
-0.745 1.05705
-0.565 1.06281
-0.3 1.06858
-0.1 1.07078
0.1 1.07078
0.3 1.06858
0.565 1.06281
0.745 1.05705
1.02 1.04496
1.21 1.03507
1.495 1.01749
1.695 1.0043
1.98 0.986722
2.175 0.976284
2.4749 0.960076
2.68 0.946616
2.97 0.922443
3.17 0.901291
3.47 0.86036
3.67 0.827122
3.97 0.76916
4.17 0.724659
4.47 0.649666
4.67 0.594451
