-4.67 0.292573
-4.47 0.319748
-4.17 0.356658
-3.97 0.37856
-3.67 0.407087
-3.47 0.423446
-3.17 0.443591
-2.97 0.454002
-2.68 0.465899
-2.474 0.472659
-2.175 0.480501
-1.98 0.485638
-1.695 0.494291
-1.495 0.500781
-1.21 0.509434
-1.02 0.514301
-0.745 0.52025
-0.565 0.523089
-0.3 0.525928
-0.1 0.52701
0.1 0.52701
0.3 0.525928
0.565 0.523089
0.745 0.52025
1.02 0.514301
1.21 0.509434
1.495 0.500781
1.695 0.494291
1.98 0.485638
2.175 0.480501
2.4749 0.472524
2.68 0.465899
2.97 0.454002
3.17 0.443591
3.47 0.423446
3.67 0.407087
3.97 0.37856
4.17 0.356658
4.47 0.319748
4.67 0.292573
