-4.67 358.743 3.23174e-06 3.23086e-06 8.71527e-10
-4.57 363.228 4.30517e-06 4.30373e-06 1.43102e-09
-4.47 367.713 5.19078e-06 5.1894e-06 1.37894e-09
-4.32 371.089 6.27635e-06 6.27408e-06 2.27647e-09
-4.17 374.465 5.33429e-06 5.3324e-06 1.88942e-09
-4.07 380.582 5.39227e-06 5.38992e-06 2.35673e-09
-3.97 386.7 5.75501e-06 5.75259e-06 2.42145e-09
-3.82 403.798 7.51676e-06 7.51215e-06 4.60795e-09
-3.67 420.896 9.55658e-06 9.54831e-06 8.26884e-09
-3.57 435.656 1.31525e-05 1.3142e-05 1.05768e-08
-3.47 450.415 1.43833e-05 1.4374e-05 9.23072e-09
-3.32 463.719 1.52337e-05 1.52114e-05 2.22901e-08
-3.17 477.023 2.12901e-05 2.12557e-05 3.44473e-08
-3.07 481.307 2.08604e-05 2.08255e-05 3.48358e-08
-2.97 485.591 2.33895e-05 2.33586e-05 3.09442e-08
-2.825 489.355 2.74443e-05 2.74084e-05 3.58939e-08
-2.68 493.118 2.49158e-05 2.48702e-05 4.56202e-08
-2.5775 499.686 2.80909e-05 2.80374e-05 5.35069e-08
-2.475 506.254 2.89453e-05 2.88917e-05 5.36018e-08
-2.325 511.904 2.9889e-05 2.98348e-05 5.41527e-08
-2.175 517.554 2.54403e-05 2.53702e-05 7.00738e-08
-2.0775 524.963 3.6633e-05 3.6573e-05 5.99226e-08
-1.98 532.372 3.72542e-05 3.71655e-05 8.86951e-08
-1.8375 544.639 4.13331e-05 4.12617e-05 7.14169e-08
-1.695 556.907 4.78364e-05 4.76974e-05 1.39021e-07
-1.595 563.791 5.11521e-05 5.09919e-05 1.60231e-07
-1.495 570.675 4.89938e-05 4.88028e-05 1.90997e-07
-1.3525 576.159 5.5312e-05 5.51427e-05 1.69249e-07
-1.21 581.643 6.31323e-05 6.29493e-05 1.83023e-07
-1.115 584.263 7.41669e-05 7.39746e-05 1.92305e-07
-1.02 586.882 6.62257e-05 6.60231e-05 2.02579e-07
-0.8825 589.807 6.76336e-05 6.74465e-05 1.87046e-07
-0.745 592.733 5.77309e-05 5.75485e-05 1.82405e-07
-0.655 592.305 6.28875e-05 6.26998e-05 1.87728e-07
-0.565 591.878 7.23617e-05 7.20806e-05 2.81123e-07
-0.4325 593.942 6.44792e-05 6.42415e-05 2.37659e-07
-0.3 596.006 6.18415e-05 6.16035e-05 2.37972e-07
-0.2 596.843 6.02204e-05 5.99641e-05 2.56257e-07
-0.1 597.68 6.48766e-05 6.46309e-05 2.4563e-07
0 597.68 6.48172e-05 6.45367e-05 2.80532e-07
