-4.67 73.5627 1.41507e-11 1.41507e-11 2.85341e-21
-4.57 74.302 2.34333e-11 2.34333e-11 3.02677e-19
-4.47 75.0413 2.29684e-11 2.29684e-11 4.77356e-21
-4.32 75.3062 2.33957e-11 2.33957e-11 2.27929e-21
-4.17 75.571 3.37443e-11 3.37443e-11 4.85438e-21
-4.07 76.4355 1.65808e-11 1.65808e-11 4.81361e-21
-3.97 77.3 2.45111e-11 2.45111e-11 7.86405e-21
-3.82 80.3224 3.20903e-11 3.20903e-11 2.16804e-20
-3.67 83.3447 4.78923e-11 4.78923e-11 1.95052e-20
-3.57 86.0996 4.41418e-11 4.41418e-11 4.04332e-20
-3.47 88.8546 1.39766e-10 1.39766e-10 1.1597e-19
-3.32 92.0795 1.5052e-10 1.5052e-10 2.8869e-19
-3.17 95.3043 1.44664e-10 1.44664e-10 5.60598e-19
-3.07 95.9899 1.23431e-10 1.23431e-10 6.5304e-19
-2.97 96.6756 1.84444e-10 1.84444e-10 5.50226e-19
-2.825 97.0756 1.36816e-10 1.36816e-10 1.16723e-18
-2.68 97.4757 2.26866e-10 2.26866e-10 1.42667e-18
-2.5775 98.2451 1.56894e-10 1.56894e-10 6.95744e-19
-2.475 99.0146 2.35776e-10 2.35776e-10 1.29755e-18
-2.325 99.5803 3.95072e-10 3.95072e-10 1.40285e-18
-2.175 100.146 2.88115e-10 2.88115e-10 2.09767e-18
-2.0775 100.608 3.01639e-10 3.01639e-10 2.67326e-18
-1.98 101.069 2.33281e-10 2.33281e-10 3.91466e-18
-1.8375 102.728 5.40887e-10 5.40887e-10 2.20548e-18
-1.695 104.388 5.47896e-10 5.47896e-10 3.85433e-18
-1.595 105.572 6.0989e-10 6.0989e-10 3.26677e-18
-1.495 106.755 7.68523e-10 7.68523e-10 7.32709e-18
-1.3525 107.963 7.07131e-10 7.07131e-10 1.06369e-17
-1.21 109.171 4.79977e-10 4.79977e-10 1.16972e-17
-1.115 109.454 7.35032e-10 7.35032e-10 8.46038e-18
-1.02 109.738 3.99337e-10 3.99337e-10 1.36025e-17
-0.8825 110.172 8.66123e-10 8.66123e-10 1.7641e-17
-0.745 110.607 8.17251e-10 8.17251e-10 9.43023e-18
-0.655 110.273 7.24729e-10 7.24729e-10 1.53583e-17
-0.565 109.939 9.03971e-10 9.03971e-10 8.48762e-18
-0.4325 110.117 7.95458e-10 7.95458e-10 1.95822e-17
-0.3 110.295 6.4002e-10 6.4002e-10 6.75818e-18
-0.2 110.422 9.55925e-10 9.55925e-10 1.88542e-17
-0.1 110.548 5.8694e-10 5.8694e-10 1.57212e-17
0 110.548 8.92691e-10 8.92691e-10 1.25461e-17
