-4.67 536.27 3.92223e-05 3.91402e-05 8.20574e-08
-4.57 543.62 4.52222e-05 4.50229e-05 1.99351e-07
-4.47 550.969 5.01013e-05 4.99005e-05 2.00789e-07
-4.32 557.38 5.13889e-05 5.12494e-05 1.39479e-07
-4.17 563.792 5.23826e-05 5.22343e-05 1.48321e-07
-4.07 573.196 6.4803e-05 6.46516e-05 1.51319e-07
-3.97 582.6 6.01275e-05 5.99295e-05 1.97962e-07
-3.82 609.516 7.68036e-05 7.64606e-05 3.43022e-07
-3.67 636.432 9.35856e-05 9.31226e-05 4.63043e-07
-3.57 658.587 0.000128717 0.000128091 6.26159e-07
-3.47 680.741 0.000134811 0.000134199 6.12492e-07
-3.32 698.891 0.000153889 0.000152808 1.08163e-06
-3.17 717.042 0.000183177 0.000181958 1.21871e-06
-3.07 723.696 0.000161935 0.000160561 1.37418e-06
-2.97 730.349 0.000192578 0.000191109 1.46884e-06
-2.825 736.75 0.000198675 0.00019713 1.54497e-06
-2.68 743.151 0.000208944 0.000207298 1.6468e-06
-2.5775 753.834 0.00023872 0.000236474 2.24596e-06
-2.475 764.518 0.000260301 0.000257986 2.31494e-06
-2.325 773.516 0.000244673 0.000242525 2.14834e-06
-2.175 782.515 0.000258342 0.000255738 2.60326e-06
-2.0775 797.676 0.000324919 0.000321531 3.38857e-06
-1.98 812.836 0.000350217 0.000346269 3.94805e-06
-1.8375 832.944 0.000406371 0.00040091 5.46048e-06
-1.695 853.051 0.000401135 0.000395049 6.08627e-06
-1.595 864.147 0.000421324 0.000414654 6.67009e-06
-1.495 875.242 0.00044208 0.000435304 6.77636e-06
-1.3525 884.468 0.000455575 0.000447403 8.17179e-06
-1.21 893.695 0.000519972 0.000513011 6.96076e-06
-1.115 897.633 0.000538248 0.000529161 9.08732e-06
-1.02 901.571 0.000535242 0.000526418 8.82441e-06
-0.8825 906.226 0.000544655 0.000534824 9.83147e-06
-0.745 910.88 0.000556936 0.000548224 8.7117e-06
-0.655 910.847 0.000629723 0.000619066 1.06568e-05
-0.565 910.814 0.000573844 0.000564964 8.8799e-06
-0.4325 914.032 0.000603831 0.000593446 1.03846e-05
-0.3 917.25 0.000576373 0.000565294 1.10792e-05
-0.2 918.7 0.000574124 0.000563565 1.05592e-05
-0.1 920.151 0.000625574 0.0006139 1.16745e-05
0 920.151 0.000637733 0.000628705 9.02787e-06
