-4.67 0.0541807
-4.57 0.0548315
-4.47 0.0509703
-4.32 0.0653039
-4.17 0.0630414
-4.07 0.0859624
-3.97 0.0704748
-3.82 0.12439
-3.67 0.0759723
-3.57 0.0907382
-3.47 0.130407
-3.32 0.109888
-3.17 0.13149
-3.07 0.114222
-2.97 0.101945
-2.825 0.108117
-2.68 0.131717
-2.5775 0.12319
-2.475 0.139978
-2.325 0.123723
-2.175 0.119153
-2.0775 0.164401
-1.98 0.201886
-1.8375 0.184002
-1.695 0.211873
-1.595 0.213434
-1.495 0.214852
-1.3525 0.217954
-1.21 0.210853
-1.115 0.243826
-1.02 0.247509
-0.8825 0.237711
-0.745 0.225553
-0.655 0.249407
-0.565 0.221222
-0.4325 0.269348
-0.3 0.264943
-0.2 0.269708
-0.1 0.24631
0 0.240656
0.1 0.254997
0.2 0.256367
0.3 0.256722
0.4325 0.261689
0.565 0.251278
0.655 0.254299
0.745 0.284836
0.8825 0.260474
1.02 0.235703
1.115 0.26224
1.21 0.186305
1.3525 0.257551
1.495 0.196455
1.595 0.222083
1.695 0.196559
1.8375 0.203489
1.98 0.188877
2.0775 0.162284
2.175 0.136482
2.325 0.130839
2.475 0.145322
2.5775 0.139906
2.68 0.12691
2.825 0.122949
2.97 0.149795
3.07 0.128396
3.17 0.111172
3.32 0.112854
3.47 0.103748
3.57 0.0927179
3.67 0.0820729
3.82 0.0664283
3.97 0.0701286
4.07 0.0686204
4.17 0.0551709
4.32 0.0607334
4.47 0.0537573
4.57 0.0518796
4.67 0.0527884
