-4.67 228.662 0.00153518 0.00153518 3.14455e-10
-4.57 231.139 0.00144012 0.00144012 8.33094e-11
-4.47 233.617 0.00371431 0.00371431 9.7276e-10
-4.32 235.649 0.000780588 0.000780588 1.61956e-10
-4.17 237.68 0.00198957 0.00198957 6.35017e-10
-4.07 241.19 0.000453657 0.000453657 2.60284e-10
-3.97 244.7 0.00164886 0.00164886 6.1003e-10
-3.82 255.304 0.000706433 0.000706433 3.54703e-10
-3.67 265.909 0.00195033 0.00195033 6.09572e-10
-3.57 274.988 0.000751126 0.000751123 3.40523e-09
-3.47 284.068 0.00143681 0.00143681 4.65102e-09
-3.32 293.678 0.00634268 0.00634268 4.92778e-09
-3.17 303.287 0.00199214 0.00199213 6.92507e-09
-3.07 305.711 0.00282256 0.00282254 2.32717e-08
-2.97 308.135 0.0101923 0.0101923 5.76561e-08
-2.825 310.2 0.0057789 0.00577887 2.22845e-08
-2.68 312.264 0.00398232 0.0039823 1.92083e-08
-2.5775 316.238 0.00217654 0.00217653 1.3665e-08
-2.475 320.211 0.00227054 0.00227053 1.07255e-08
-2.325 323.451 0.00249474 0.00249472 2.04174e-08
-2.175 326.69 0.00102845 0.00102843 1.51661e-08
-2.0775 330.399 0.00511122 0.00511117 5.09799e-08
-1.98 334.109 0.00249037 0.00249035 2.18288e-08
-1.8375 339.882 0.00145053 0.0014505 2.88155e-08
-1.695 345.656 0.00750483 0.0075048 3.72441e-08
-1.595 349.539 0.00415488 0.00415484 4.21147e-08
-1.495 353.423 0.00748768 0.0074876 8.05625e-08
-1.3525 356.827 0.00910197 0.00910186 1.16327e-07
-1.21 360.231 0.00141103 0.00141099 3.18439e-08
-1.115 361.774 0.0100644 0.0100643 9.32901e-08
-1.02 363.318 0.00609524 0.00609513 1.10848e-07
-0.8825 364.993 0.00591678 0.00591667 1.10276e-07
-0.745 366.668 0.00773422 0.00773412 1.02386e-07
-0.655 366.361 0.00138636 0.00138622 1.37795e-07
-0.565 366.053 0.00838542 0.00838532 9.97418e-08
-0.4325 367.062 0.00239567 0.00239562 5.07881e-08
-0.3 368.071 0.0189691 0.0189691 8.22806e-08
-0.2 368.379 0.00295592 0.00295584 8.66273e-08
-0.1 368.687 0.0117788 0.0117787 1.28498e-07
0 368.687 0.00520369 0.0052036 8.84396e-08
0.1 368.687 0.00312703 0.00312699 3.7743e-08
0.2 368.379 0.00274353 0.00274347 5.27801e-08
0.3 368.071 0.0394865 0.0394864 9.56654e-08
0.4325 367.062 0.00733167 0.00733159 7.77804e-08
0.565 366.053 0.00349221 0.00349214 7.66974e-08
0.655 366.361 0.00318984 0.00318975 8.99374e-08
0.745 366.668 0.00267696 0.00267687 8.69104e-08
0.8825 364.993 0.00139243 0.00139239 4.30357e-08
1.02 363.318 0.00191703 0.00191693 1.01095e-07
1.115 361.774 0.00544861 0.00544845 1.55898e-07
1.21 360.231 0.00130448 0.00130436 1.28656e-07
1.3525 356.827 0.00145286 0.00145283 2.9092e-08
1.495 353.423 0.00923897 0.00923889 8.06568e-08
1.595 349.539 0.00233776 0.00233772 4.1005e-08
1.695 345.656 0.00132818 0.00132813 5.04374e-08
1.8375 339.882 0.00334467 0.00334462 4.61582e-08
1.98 334.109 0.00600856 0.00600854 2.32687e-08
2.0775 330.399 0.00386716 0.00386713 3.09904e-08
2.175 326.69 0.0048992 0.00489916 3.3622e-08
2.325 323.451 0.00147446 0.00147445 1.74068e-08
2.475 320.211 0.00377936 0.00377933 3.05431e-08
2.5775 316.238 0.00131657 0.00131655 1.62142e-08
2.68 312.264 0.000215181 0.000215173 8.33562e-09
2.825 310.2 0.00172387 0.00172386 1.04543e-08
2.97 308.135 0.000819817 0.000819805 1.24123e-08
3.07 305.711 0.00209416 0.00209415 1.06713e-08
3.17 303.287 0.000830585 0.000830576 8.97882e-09
3.32 293.678 0.000956763 0.000956756 6.79983e-09
3.47 284.068 0.0154353 0.0154352 3.90383e-09
3.57 274.988 0.00209672 0.00209672 3.28997e-09
3.67 265.909 0.00639727 0.00639727 2.03001e-09
3.82 255.304 0.00303514 0.00303514 1.64302e-09
3.97 244.7 0.00166378 0.00166378 1.27995e-09
4.07 241.19 0.000545446 0.000545445 9.65394e-10
4.17 237.68 0.00071623 0.000716229 1.1291e-09
4.32 235.649 0.00280153 0.00280153 3.65968e-10
4.47 233.617 0.000750668 0.000750668 3.47385e-10
4.57 231.139 0.000866951 0.00086695 5.55242e-10
4.67 228.662 0.00194255 0.00194255 8.45104e-10
