-4.67 536.27 0.0344641 0.0344618 2.33704e-06
-4.57 543.62 0.0203519 0.0203479 3.98716e-06
-4.47 550.969 0.0340279 0.0340232 4.76344e-06
-4.32 557.38 0.0318401 0.0318375 2.61356e-06
-4.17 563.792 0.0416899 0.0416863 3.56201e-06
-4.07 573.196 0.0173429 0.0173385 4.38928e-06
-3.97 582.6 0.0341686 0.0341632 5.40736e-06
-3.82 609.516 0.0313845 0.0313715 1.29559e-05
-3.67 636.432 0.034913 0.0348997 1.33041e-05
-3.57 658.587 0.0418859 0.041866 1.99572e-05
-3.47 680.741 0.0347202 0.0347065 1.37843e-05
-3.32 698.891 0.0286948 0.0286672 2.75785e-05
-3.17 717.042 0.103484 0.103435 4.81557e-05
-3.07 723.696 0.0766961 0.0766677 2.8366e-05
-2.97 730.349 0.0466919 0.0466639 2.79893e-05
-2.825 736.75 0.0268931 0.0268533 3.97557e-05
-2.68 743.151 0.0517115 0.0516714 4.00556e-05
-2.5775 753.834 0.055815 0.0557678 4.72221e-05
-2.475 764.518 0.0895701 0.0894984 7.16972e-05
-2.325 773.516 0.0610989 0.0610254 7.35477e-05
-2.175 782.515 0.064068 0.0639913 7.6687e-05
-2.0775 797.676 0.0530589 0.0530047 5.41649e-05
-1.98 812.836 0.0680117 0.0679389 7.28072e-05
-1.8375 832.944 0.0600209 0.0598948 0.000126154
-1.695 853.051 0.0418363 0.0417167 0.000119619
-1.595 864.147 0.086649 0.0864225 0.000226491
-1.495 875.242 0.144927 0.144795 0.000131588
-1.3525 884.468 0.0572715 0.0571239 0.000147619
-1.21 893.695 0.0668003 0.0666559 0.000144409
-1.115 897.633 0.0916889 0.0914991 0.000189847
-1.02 901.571 0.250853 0.250684 0.00016848
-0.8825 906.226 0.25262 0.252497 0.000122781
-0.745 910.88 0.0451197 0.0449732 0.000146479
-0.655 910.847 0.114934 0.114733 0.000200545
-0.565 910.814 0.081518 0.0813562 0.000161775
-0.4325 914.032 0.0506384 0.0504435 0.000194898
-0.3 917.25 0.10199 0.1018 0.000190409
-0.2 918.7 0.065278 0.065066 0.000212055
-0.1 920.151 0.202431 0.202205 0.000225759
0 920.151 0.0759333 0.0758011 0.000132261
0.1 920.151 0.0588901 0.0586364 0.000253669
0.2 918.7 0.0596911 0.0594264 0.000264641
0.3 917.25 0.15064 0.15044 0.000199228
0.4325 914.032 0.211402 0.211262 0.00014006
0.565 910.814 0.0801522 0.0799131 0.00023907
0.655 910.847 0.157782 0.157606 0.000175881
0.745 910.88 0.203399 0.203162 0.000236151
0.8825 906.226 0.103308 0.103144 0.000163891
1.02 901.571 0.258946 0.258775 0.000170883
1.115 897.633 0.343351 0.343263 8.80319e-05
1.21 893.695 0.104729 0.104546 0.000183061
1.3525 884.468 0.129362 0.129195 0.000167097
1.495 875.242 0.0485951 0.0484979 9.72547e-05
1.595 864.147 0.147149 0.147058 9.10519e-05
1.695 853.051 0.0924061 0.0923077 9.83676e-05
1.8375 832.944 0.0619864 0.0619079 7.85608e-05
1.98 812.836 0.0581773 0.0580934 8.38333e-05
2.0775 797.676 0.0550818 0.0550444 3.7412e-05
2.175 782.515 0.0692617 0.0692281 3.36729e-05
2.325 773.516 0.0398989 0.03981 8.8886e-05
2.475 764.518 0.0403994 0.040357 4.2321e-05
2.5775 753.834 0.0138759 0.013828 4.78872e-05
2.68 743.151 0.0161494 0.0161245 2.48807e-05
2.825 736.75 0.0341867 0.0341624 2.43478e-05
2.97 730.349 0.0773438 0.0773047 3.91296e-05
3.07 723.696 0.0623263 0.0622935 3.27808e-05
3.17 717.042 0.0600931 0.060055 3.80646e-05
3.32 698.891 0.0398503 0.0398211 2.92031e-05
3.47 680.741 0.0338346 0.033812 2.26536e-05
3.57 658.587 0.0327391 0.0327203 1.88108e-05
3.67 636.432 0.0475627 0.0475468 1.58777e-05
3.82 609.516 0.0134628 0.0134523 1.05112e-05
3.97 582.6 0.0414287 0.0414254 3.30625e-06
4.07 573.196 0.029957 0.0299504 6.64754e-06
4.17 563.792 0.019498 0.0194936 4.42218e-06
4.32 557.38 0.0102244 0.0102197 4.76762e-06
4.47 550.969 0.00456617 0.00456313 3.03662e-06
4.57 543.62 0.0168896 0.0168852 4.4843e-06
4.67 536.27 0.0533318 0.0533284 3.40756e-06
