-4.67 358.743 0.0126057 0.0126056 5.66131e-08
-4.57 363.228 0.00803143 0.00803138 4.99845e-08
-4.47 367.713 0.00667945 0.0066794 5.73977e-08
-4.32 371.089 0.0129645 0.0129645 5.28754e-08
-4.17 374.465 0.0638949 0.0638947 1.65417e-07
-4.07 380.582 0.00351741 0.00351726 1.57905e-07
-3.97 386.7 0.0141536 0.0141536 5.62612e-08
-3.82 403.798 0.00185777 0.00185752 2.47165e-07
-3.67 420.896 0.00834405 0.00834374 3.11663e-07
-3.57 435.656 0.00854073 0.00854016 5.63102e-07
-3.47 450.415 0.0224237 0.022423 7.11377e-07
-3.32 463.719 0.0111091 0.0111085 6.25045e-07
-3.17 477.023 0.00824177 0.00824112 6.44244e-07
-3.07 481.307 0.00959617 0.00959534 8.29344e-07
-2.97 485.591 0.0301143 0.0301136 7.56287e-07
-2.825 489.355 0.00811377 0.00811243 1.33441e-06
-2.68 493.118 0.0193224 0.0193213 1.0752e-06
-2.5775 499.686 0.0101984 0.0101956 2.79587e-06
-2.475 506.254 0.0102444 0.0102425 1.90941e-06
-2.325 511.904 0.00685391 0.00685013 3.78078e-06
-2.175 517.554 0.0211374 0.0211355 1.91319e-06
-2.0775 524.963 0.0157218 0.0157199 1.94245e-06
-1.98 532.372 0.048977 0.0489754 1.54201e-06
-1.8375 544.639 0.0157564 0.0157539 2.43253e-06
-1.695 556.907 0.0138215 0.0138175 4.00081e-06
-1.595 563.791 0.0235395 0.0235364 3.17424e-06
-1.495 570.675 0.0171517 0.0171484 3.3328e-06
-1.3525 576.159 0.0238992 0.0238921 7.15282e-06
-1.21 581.643 0.0258386 0.0258301 8.52447e-06
-1.115 584.263 0.0135263 0.0135214 4.93768e-06
-1.02 586.882 0.0278622 0.027858 4.194e-06
-0.8825 589.807 0.0529402 0.052935 5.18032e-06
-0.745 592.733 0.0221548 0.0221478 7.06037e-06
-0.655 592.305 0.00902556 0.00902023 5.32683e-06
-0.565 591.878 0.0224956 0.0224898 5.84217e-06
-0.4325 593.942 0.0250382 0.0250318 6.41462e-06
-0.3 596.006 0.0522631 0.0522499 1.3218e-05
-0.2 596.843 0.0616761 0.0616629 1.31976e-05
-0.1 597.68 0.0114394 0.0114311 8.31892e-06
0 597.68 0.0345396 0.0345313 8.25294e-06
0.1 597.68 0.0283233 0.0283129 1.04074e-05
0.2 596.843 0.015739 0.0157325 6.50651e-06
0.3 596.006 0.0235586 0.0235532 5.34696e-06
0.4325 593.942 0.041147 0.0411374 9.63563e-06
0.565 591.878 0.0234149 0.0234103 4.51688e-06
0.655 592.305 0.0402995 0.0402931 6.37394e-06
0.745 592.733 0.021051 0.0210419 9.1008e-06
0.8825 589.807 0.0101585 0.0101503 8.2e-06
1.02 586.882 0.0323663 0.0323621 4.16697e-06
1.115 584.263 0.0428641 0.0428548 9.33681e-06
1.21 581.643 0.0121053 0.012096 9.28432e-06
1.3525 576.159 0.0178139 0.0178107 3.18902e-06
1.495 570.675 0.0235606 0.0235558 4.73201e-06
1.595 563.791 0.00744271 0.00743757 5.13939e-06
1.695 556.907 0.0370427 0.0370363 6.45309e-06
1.8375 544.639 0.00953457 0.00953189 2.68508e-06
1.98 532.372 0.0190828 0.0190795 3.23908e-06
2.0775 524.963 0.00936212 0.00936098 1.1363e-06
2.175 517.554 0.0158456 0.0158432 2.38541e-06
2.325 511.904 0.0061538 0.00615197 1.82504e-06
2.475 506.254 0.0268336 0.0268321 1.56791e-06
2.5775 499.686 0.00516203 0.00516116 8.66187e-07
2.68 493.118 0.00690339 0.00690221 1.18456e-06
2.825 489.355 0.00557589 0.00557439 1.49529e-06
2.97 485.591 0.0605208 0.0605196 1.21333e-06
3.07 481.307 0.00783775 0.00783704 7.07282e-07
3.17 477.023 0.0155284 0.0155263 2.13277e-06
3.32 463.719 0.00433548 0.00433471 7.75462e-07
3.47 450.415 0.0087912 0.0087907 4.96903e-07
3.57 435.656 0.00887333 0.00887292 4.03636e-07
3.67 420.896 0.00535416 0.00535372 4.47428e-07
3.82 403.798 0.00509282 0.0050927 1.20309e-07
3.97 386.7 0.00559978 0.00559967 1.1222e-07
4.07 380.582 0.00470147 0.00470131 1.54552e-07
4.17 374.465 0.00865162 0.00864875 2.86913e-06
4.32 371.089 0.00661554 0.00661544 1.03047e-07
4.47 367.713 0.00346378 0.00346371 7.44293e-08
4.57 363.228 0.00340118 0.0034011 8.12822e-08
4.67 358.743 0.0122786 0.0122784 1.38533e-07
