-4.67 784.47 0.0321948 0.0321286 6.61974e-05
-4.57 795.62 0.126921 0.126868 5.26951e-05
-4.47 806.769 0.0228126 0.0227461 6.64724e-05
-4.32 816.932 0.111919 0.111804 0.000114959
-4.17 827.094 0.06754 0.0674347 0.000105383
-4.07 842.397 0.0790151 0.0789474 6.7741e-05
-3.97 857.7 0.0695338 0.0694004 0.000133415
-3.82 897.626 0.0944243 0.0942488 0.000175456
-3.67 937.552 0.0631913 0.0629423 0.000249099
-3.57 968.841 0.0927654 0.0925232 0.000242168
-3.47 1000.13 0.197473 0.197102 0.000371339
-3.32 1021.28 0.127934 0.127509 0.000424929
-3.17 1042.42 0.192736 0.191963 0.000773213
-3.07 1054.89 0.133534 0.133092 0.000442458
-2.97 1067.36 0.0950417 0.0945678 0.000473843
-2.825 1077.45 0.103614 0.103059 0.000555717
-2.68 1087.54 0.171017 0.170498 0.000519773
-2.5775 1104.82 0.257116 0.256461 0.000654803
-2.475 1122.1 0.192922 0.191943 0.00097929
-2.325 1136.78 0.201354 0.20077 0.000583623
-2.175 1151.47 0.134645 0.133797 0.00084762
-2.0775 1176.44 0.222116 0.220908 0.00120796
-1.98 1201.41 0.452766 0.451309 0.00145622
-1.8375 1234.56 0.330961 0.329453 0.00150827
-1.695 1267.71 0.170602 0.168768 0.00183473
-1.595 1285.09 0.355125 0.35333 0.00179491
-1.495 1302.47 0.252135 0.249614 0.00252092
-1.3525 1316.21 0.337737 0.335384 0.002353
-1.21 1329.95 0.319002 0.316756 0.00224621
-1.115 1335.78 0.244739 0.242527 0.00221276
-1.02 1341.6 0.201378 0.199311 0.00206749
-0.8825 1348.44 0.349864 0.346909 0.00295451
-0.745 1355.29 0.302934 0.300839 0.00209481
-0.655 1356.35 0.312535 0.31006 0.00247516
-0.565 1357.41 0.249969 0.247336 0.00263308
-0.4325 1362.16 0.355794 0.353883 0.00191037
-0.3 1366.92 0.306871 0.304142 0.00272859
-0.2 1369.16 0.233166 0.229513 0.00365262
-0.1 1371.4 0.216354 0.214261 0.00209367
0 1371.4 0.33654 0.332971 0.00356905
0.1 1371.4 0.230875 0.227066 0.00380869
0.2 1369.16 0.442044 0.439781 0.00226356
0.3 1366.92 0.284485 0.281668 0.00281705
0.4325 1362.16 0.48557 0.48295 0.00262024
0.565 1357.41 0.27996 0.276909 0.00305155
0.655 1356.35 0.218175 0.216333 0.0018415
0.745 1355.29 0.538564 0.536209 0.00235461
0.8825 1348.44 0.200788 0.198819 0.001969
1.02 1341.6 0.151322 0.149234 0.00208823
1.115 1335.78 0.438594 0.436913 0.00168043
1.21 1329.95 0.208043 0.205325 0.00271722
1.3525 1316.21 0.181742 0.179479 0.00226342
1.495 1302.47 0.343907 0.34147 0.002437
1.595 1285.09 0.337035 0.335023 0.00201232
1.695 1267.71 0.302399 0.300547 0.00185187
1.8375 1234.56 0.275717 0.274277 0.00144037
1.98 1201.41 0.239184 0.238129 0.00105513
2.0775 1176.44 0.0993268 0.098305 0.00102174
2.175 1151.47 0.105285 0.104467 0.00081767
2.325 1136.78 0.207289 0.20675 0.000539018
2.475 1122.1 0.223464 0.222756 0.000707565
2.5775 1104.82 0.429381 0.428864 0.000517376
2.68 1087.54 0.241328 0.240958 0.000369533
2.825 1077.45 0.14021 0.139635 0.00057543
2.97 1067.36 0.356123 0.355377 0.000746104
3.07 1054.89 0.0662895 0.0658679 0.000421549
3.17 1042.42 0.194942 0.194464 0.000478008
3.32 1021.28 0.104726 0.10429 0.000436128
3.47 1000.13 0.160875 0.160588 0.000287082
3.57 968.841 0.0628797 0.0625568 0.000322886
3.67 937.552 0.141621 0.141396 0.000225479
3.82 897.626 0.0416239 0.0414531 0.000170782
3.97 857.7 0.046851 0.0467702 8.08174e-05
4.07 842.397 0.0696689 0.0695955 7.34441e-05
4.17 827.094 0.0439957 0.0439151 8.0557e-05
4.32 816.932 0.0371401 0.0370764 6.3691e-05
4.47 806.769 0.110285 0.110225 6.01139e-05
4.57 795.62 0.0633208 0.063255 6.57186e-05
4.67 784.47 0.0426741 0.0426242 4.9941e-05
