-4.67 1028.68 0.192626 0.19218 0.000445634
-4.57 1044.93 0.122337 0.121881 0.000456074
-4.47 1061.17 0.123312 0.122651 0.000660983
-4.32 1075.43 0.199754 0.199058 0.000695975
-4.17 1089.7 0.150587 0.149591 0.000996108
-4.07 1110.85 0.478952 0.478168 0.000784344
-3.97 1132 0.217398 0.216012 0.00138547
-3.82 1185.74 0.674749 0.67335 0.00139917
-3.67 1239.49 0.194832 0.193537 0.00129482
-3.57 1281.03 0.336645 0.335003 0.00164211
-3.47 1322.58 0.526405 0.524315 0.00208977
-3.32 1346.19 0.274736 0.272584 0.00215137
-3.17 1369.81 0.533158 0.529698 0.00345999
-3.07 1384.57 0.275101 0.271627 0.00347431
-2.97 1399.33 0.289843 0.286305 0.00353806
-2.825 1416.63 0.269657 0.265184 0.00447333
-2.68 1433.94 0.316808 0.313399 0.00340917
-2.5775 1459.33 0.272685 0.268535 0.00415023
-2.475 1484.72 0.369914 0.365413 0.00450138
-2.325 1506.12 0.243072 0.238362 0.00471017
-2.175 1527.53 0.244836 0.239187 0.00564911
-2.0775 1563.86 0.568841 0.563321 0.00551989
-1.98 1600.18 0.496684 0.488767 0.00791678
-1.8375 1647.99 0.544843 0.532649 0.0121942
-1.695 1695.79 0.887261 0.878423 0.00883772
-1.595 1720.54 0.727645 0.716524 0.0111213
-1.495 1745.29 0.657232 0.646344 0.010888
-1.3525 1763.16 0.655875 0.646991 0.00888415
-1.21 1781.04 0.423789 0.412119 0.0116702
-1.115 1789.94 0.798775 0.785304 0.013471
-1.02 1798.84 0.800996 0.787942 0.0130538
-0.8825 1806.99 0.700117 0.687174 0.0129434
-0.745 1815.14 0.763095 0.74966 0.0134346
-0.655 1816.82 0.77033 0.75061 0.0197203
-0.565 1818.49 0.844353 0.829592 0.0147605
-0.4325 1825.69 1.02264 1.00832 0.0143195
-0.3 1832.89 1.02257 1.00859 0.0139828
-0.2 1835.55 1.06578 1.0488 0.016975
-0.1 1838.21 0.773555 0.758277 0.0152784
0 1838.21 0.639178 0.624194 0.0149845
0.1 1838.21 0.815592 0.802361 0.0132303
0.2 1835.55 0.756211 0.741554 0.0146573
0.3 1832.89 0.809039 0.792941 0.0160979
0.4325 1825.69 0.553917 0.538883 0.0150345
0.565 1818.49 0.744874 0.73148 0.0133941
0.655 1816.82 0.856353 0.843511 0.0128419
0.745 1815.14 0.87226 0.858692 0.0135688
0.8825 1806.99 1.11515 1.10014 0.0150094
1.02 1798.84 0.6503 0.640347 0.0099527
1.115 1789.94 0.699476 0.685185 0.0142907
1.21 1781.04 0.445241 0.434269 0.0109723
1.3525 1763.16 1.0548 1.03955 0.0152491
1.495 1745.29 0.477444 0.467912 0.00953233
1.595 1720.54 0.654445 0.64188 0.0125655
1.695 1695.79 0.571795 0.562327 0.00946789
1.8375 1647.99 0.517288 0.509626 0.00766223
1.98 1600.18 0.719848 0.713911 0.0059377
2.0775 1563.86 0.461978 0.45387 0.00810841
2.175 1527.53 0.376463 0.370785 0.00567736
2.325 1506.12 0.316284 0.311572 0.00471196
2.475 1484.72 0.282746 0.278841 0.00390497
2.5775 1459.33 0.273031 0.26814 0.00489134
2.68 1433.94 0.385506 0.379499 0.00600653
2.825 1416.63 0.478203 0.473313 0.00489023
2.97 1399.33 0.379114 0.376271 0.00284361
3.07 1384.57 0.544767 0.54168 0.00308677
3.17 1369.81 0.233259 0.230633 0.00262581
3.32 1346.19 0.375151 0.372507 0.00264444
3.47 1322.58 0.312407 0.310237 0.00217036
3.57 1281.03 0.219507 0.218214 0.00129334
3.67 1239.49 0.204216 0.202929 0.00128697
3.82 1185.74 0.210862 0.209896 0.00096614
3.97 1132 0.21139 0.210648 0.00074252
4.07 1110.85 0.270157 0.269471 0.00068645
4.17 1089.7 0.225409 0.22441 0.000998998
4.32 1075.43 0.257728 0.257176 0.000552508
4.47 1061.17 0.133148 0.13243 0.000717534
4.57 1044.93 0.148918 0.148507 0.00041071
4.67 1028.68 0.156146 0.15565 0.000496136
