-4.67 135.563 2.80616e-05 2.80616e-05 1.71476e-13
-4.57 137.077 2.43081e-05 2.43081e-05 7.33367e-14
-4.47 138.592 0.000284036 0.000284036 6.89271e-13
-4.32 139.234 7.86833e-05 7.86833e-05 1.18033e-12
-4.17 139.876 5.27386e-05 5.27386e-05 6.75912e-13
-4.07 141.838 1.18407e-05 1.18407e-05 4.41911e-13
-3.97 143.8 8.53392e-05 8.53392e-05 1.44295e-13
-3.82 149.953 6.94828e-05 6.94828e-05 6.38571e-13
-3.67 156.106 0.000383062 0.000383062 3.63556e-12
-3.57 161.584 3.62729e-05 2.94201e-05 6.8528e-06
-3.47 167.063 2.40488e-05 2.40488e-05 4.9435e-12
-3.32 172.911 2.43165e-05 2.43165e-05 3.32475e-12
-3.17 178.758 5.44499e-05 5.44499e-05 1.96619e-11
-3.07 179.868 0.00844319 0.00844319 8.98379e-12
-2.97 180.978 0.000812332 0.000812332 1.33023e-11
-2.825 181.973 5.81681e-05 5.81681e-05 1.55808e-11
-2.68 182.968 7.22171e-05 7.2217e-05 7.93999e-11
-2.5775 185.16 6.90018e-05 6.90018e-05 2.43891e-11
-2.475 187.352 1.73142e-05 1.73142e-05 1.14247e-11
-2.325 189.058 0.000217551 0.000217551 1.8517e-11
-2.175 190.763 0.00129543 0.00129543 5.4656e-11
-2.0775 192.167 0.00226458 0.00226458 3.57395e-11
-1.98 193.571 0.00166737 0.00166737 3.13111e-11
-1.8375 196.583 0.000688125 0.000688125 1.0313e-10
-1.695 199.595 0.000222313 0.000222313 6.03261e-12
-1.595 201.875 0.000238604 0.000238604 4.02094e-11
-1.495 204.154 0.000669846 0.000669846 1.69395e-10
-1.3525 206.112 0.000702391 0.000702391 1.01581e-10
-1.21 208.07 0.00145475 0.00145475 1.72542e-10
-1.115 208.824 0.000202813 0.000202812 8.97621e-11
-1.02 209.578 0.00111182 0.00111182 4.28236e-11
-0.8825 210.323 0.00122366 0.00122366 2.04376e-10
-0.745 211.068 0.00079898 0.00079898 3.56895e-10
-0.655 210.706 0.012063 0.012063 2.8907e-10
-0.565 210.343 0.000588835 0.000588834 5.73281e-11
-0.4325 210.933 0.000621658 0.000621658 8.92622e-11
-0.3 211.523 0.0028761 0.0028761 9.43596e-11
-0.2 211.723 0.000114458 0.000114458 6.76055e-11
-0.1 211.923 0.000665392 0.000665392 1.37552e-10
0 211.923 0.000150471 0.000150471 1.61997e-10
0.1 211.923 0.00092294 0.00092294 9.08662e-11
0.2 211.723 0.0024403 0.0024403 1.43604e-10
0.3 211.523 0.00208207 0.00208207 1.57116e-10
0.4325 210.933 0.00107376 0.00107376 3.67116e-10
0.565 210.343 0.00041619 0.000416189 2.4248e-10
0.655 210.706 0.00139854 0.00139854 2.48945e-10
0.745 211.068 5.67316e-05 5.67316e-05 4.6261e-11
0.8825 210.323 0.000215041 0.000215041 1.03806e-10
1.02 209.578 0.00248994 0.00248994 8.8439e-11
1.115 208.824 0.000191174 0.000191174 5.5444e-11
1.21 208.07 0.000202188 0.000202188 7.52566e-11
1.3525 206.112 0.00157911 0.00157911 3.22843e-11
1.495 204.154 0.000366611 0.000366611 3.97526e-11
1.595 201.875 0.000382041 0.000382041 2.62628e-11
1.695 199.595 0.00226397 0.00226397 1.16167e-10
1.8375 196.583 9.87147e-05 9.87146e-05 8.01394e-11
1.98 193.571 0.00149855 0.00149855 4.91182e-11
2.0775 192.167 0.000165225 0.000165225 8.40405e-12
2.175 190.763 0.000118071 0.000118071 2.33134e-11
2.325 189.058 0.000210965 0.000210965 8.71072e-11
2.475 187.352 0.000290369 0.000290369 3.96555e-11
2.5775 185.16 9.79715e-05 9.79715e-05 7.56232e-12
2.68 182.968 0.00351959 0.00351959 2.52001e-11
2.825 181.973 0.000135684 0.000135684 1.86864e-11
2.97 180.978 6.40016e-05 6.40015e-05 2.26778e-11
3.07 179.868 0.00315823 0.00315823 3.14569e-11
3.17 178.758 0.000110205 0.000110205 8.67385e-12
3.32 172.911 0.000780223 0.000780223 7.64021e-12
3.47 167.063 0.00071357 0.00071357 3.97773e-12
3.57 161.584 0.000109791 0.000109791 9.80485e-13
3.67 156.106 0.00023376 0.00023376 1.23659e-12
3.82 149.953 0.00110963 0.00110963 2.00016e-12
3.97 143.8 9.57739e-05 9.57739e-05 2.46155e-13
4.07 141.838 0.000324036 0.000324036 1.21368e-13
4.17 139.876 8.08262e-05 8.08262e-05 2.52212e-13
4.32 139.234 0.00156992 0.00156992 2.16882e-13
4.47 138.592 7.58765e-05 7.58765e-05 1.12691e-13
4.57 137.077 1.62075e-05 1.61977e-05 9.82874e-09
4.67 135.563 0.000133503 0.000133503 1.65042e-13
