-4.67 784.47 0.000281782 0.000278988 2.79368e-06
-4.57 795.62 0.000319187 0.00031631 2.87792e-06
-4.47 806.769 0.000313086 0.000309447 3.6398e-06
-4.32 816.932 0.000323234 0.000318709 4.52532e-06
-4.17 827.094 0.000361309 0.000356841 4.46842e-06
-4.07 842.397 0.000423903 0.000418552 5.351e-06
-3.97 857.7 0.000418571 0.000412315 6.25641e-06
-3.82 897.626 0.000552767 0.00054424 8.52687e-06
-3.67 937.552 0.000721336 0.000710289 1.1047e-05
-3.57 968.841 0.000781468 0.000767126 1.43429e-05
-3.47 1000.13 0.000903341 0.000883524 1.98177e-05
-3.32 1021.28 0.000994547 0.000969696 2.48512e-05
-3.17 1042.42 0.00109735 0.00107203 2.53215e-05
-3.07 1054.89 0.00105845 0.00102757 3.08819e-05
-2.97 1067.36 0.00110979 0.00108158 2.82073e-05
-2.825 1077.45 0.00126258 0.00122699 3.5585e-05
-2.68 1087.54 0.00142135 0.00138325 3.81061e-05
-2.5775 1104.82 0.00133561 0.00129099 4.46202e-05
-2.475 1122.1 0.00162391 0.00157978 4.41369e-05
-2.325 1136.78 0.00156769 0.00151624 5.14548e-05
-2.175 1151.47 0.00182071 0.00176576 5.49495e-05
-2.0775 1176.44 0.00190773 0.00183862 6.91052e-05
-1.98 1201.41 0.00190466 0.00182519 7.94695e-05
-1.8375 1234.56 0.0023998 0.00231505 8.47497e-05
-1.695 1267.71 0.00250882 0.00239609 0.000112725
-1.595 1285.09 0.0027063 0.00260327 0.000103027
-1.495 1302.47 0.00295259 0.00279004 0.000162554
-1.3525 1316.21 0.00311085 0.00296465 0.000146191
-1.21 1329.95 0.00320603 0.00304998 0.000156052
-1.115 1335.78 0.00327227 0.00310588 0.000166385
-1.02 1341.6 0.0033317 0.00315659 0.000175111
-0.8825 1348.44 0.00338696 0.0032181 0.000168856
-0.745 1355.29 0.0033677 0.00318735 0.000180347
-0.655 1356.35 0.00364324 0.00346946 0.000173772
-0.565 1357.41 0.00339661 0.00321221 0.000184397
-0.4325 1362.16 0.0032686 0.0030822 0.000186392
-0.3 1366.92 0.00348414 0.00331338 0.00017076
-0.2 1369.16 0.00383747 0.00364498 0.000192494
-0.1 1371.4 0.00361996 0.00341664 0.000203319
0 1371.4 0.00370812 0.00349453 0.000213588
