-4.67 35.5852 1.68627e-15 1.68627e-15 2.05275e-30
-4.57 36.0783 3.78988e-15 3.78988e-15 7.51076e-31
-4.47 36.5714 4.08038e-15 4.08038e-15 6.94447e-30
-4.32 36.6301 1.59706e-08 3.86021e-15 1.59706e-08
-4.17 36.6888 3.83755e-15 3.83755e-15 4.146e-30
-4.07 37.0444 2.34311e-15 2.34311e-15 5.43139e-30
-3.97 37.4 3.88346e-15 3.88346e-15 4.36402e-30
-3.82 38.6966 1.12402e-14 1.12402e-14 1.3254e-29
-3.67 39.9933 1.11554e-14 1.11554e-14 3.43541e-29
-3.57 41.1866 2.19235e-14 2.19235e-14 1.25145e-27
-3.47 42.3799 1.662e-14 1.662e-14 3.53034e-28
-3.32 43.9866 5.39544e-14 5.39544e-14 1.3455e-27
-3.17 45.5934 6.6226e-14 6.6226e-14 3.00318e-27
-3.07 45.9344 4.56512e-14 4.56512e-14 2.77896e-27
-2.97 46.2755 1.44217e-13 9.33806e-14 5.08362e-14
-2.825 46.2983 1.22166e-13 1.22166e-13 6.6674e-27
-2.68 46.3211 1.8399e-13 1.8399e-13 3.13054e-27
-2.5775 46.5796 1.14377e-13 1.14377e-13 8.51491e-27
-2.475 46.8381 1.37447e-13 1.37447e-13 6.78247e-27
-2.325 47.1377 1.33841e-13 1.33841e-13 5.16989e-27
-2.175 47.4374 1.34493e-13 1.34493e-13 1.02076e-26
-2.0775 47.5326 1.78254e-13 1.78254e-13 6.11703e-27
-1.98 47.6279 1.81917e-13 1.81917e-13 2.45097e-26
-1.8375 48.2089 1.59172e-13 1.59172e-13 1.25397e-26
-1.695 48.7899 9.88483e-14 9.88483e-14 4.63987e-26
-1.595 49.2905 2.35799e-13 2.35799e-13 4.81185e-26
-1.495 49.7911 1.01865e-13 1.01865e-13 7.15154e-26
-1.3525 50.4145 3.80515e-13 3.80515e-13 5.59568e-26
-1.21 51.038 2.85706e-13 2.85706e-13 4.19854e-26
-1.115 51.1244 2.16019e-13 2.16019e-13 7.9059e-26
-1.02 51.2109 2.52571e-13 2.52571e-13 1.03018e-25
-0.8825 51.3549 2.71223e-13 2.71223e-13 3.0303e-26
-0.745 51.4989 3.28114e-13 3.28114e-13 2.31138e-25
-0.655 51.2711 4.55298e-13 4.55298e-13 1.79792e-25
-0.565 51.0433 2.88788e-13 2.88788e-13 4.8769e-26
-0.4325 51.1156 4.07154e-13 4.07154e-13 5.87994e-26
-0.3 51.1879 2.97224e-13 2.97224e-13 1.15338e-25
-0.2 51.1989 2.5791e-13 2.5791e-13 6.41836e-26
-0.1 51.2098 2.68681e-13 2.68681e-13 6.91296e-26
0 51.2098 3.5706e-13 3.5706e-13 1.5899e-25
