-4.67 0.000214686
-4.57 0.000232014
-4.47 0.000248513
-4.32 0.000258974
-4.17 0.00027983
-4.07 0.000313537
-3.97 0.000328498
-3.82 0.000385344
-3.67 0.000484669
-3.57 0.000586876
-3.47 0.000621478
-3.32 0.00067474
-3.17 0.000745018
-3.07 0.000748538
-2.97 0.000768605
-2.825 0.000867644
-2.68 0.00088279
-2.5775 0.000978371
-2.475 0.00101035
-2.325 0.00107812
-2.175 0.00118563
-2.0775 0.0013101
-1.98 0.00147862
-1.8375 0.00164746
-1.695 0.00173507
-1.595 0.00173732
-1.495 0.00184325
-1.3525 0.00203474
-1.21 0.00209386
-1.115 0.00213051
-1.02 0.00226239
-0.8825 0.00213729
-0.745 0.0022682
-0.655 0.00231044
-0.565 0.00219659
-0.4325 0.00222396
-0.3 0.00231208
-0.2 0.00244818
-0.1 0.00244909
0 0.00251349
