-4.67 228.662 4.01698e-07 2.26163e-07 1.75535e-07
-4.57 231.139 8.14122e-07 8.14118e-07 3.90749e-12
-4.47 233.617 2.53865e-07 2.5386e-07 4.33359e-12
-4.32 235.649 1.69434e-07 1.6943e-07 4.14847e-12
-4.17 237.68 2.89396e-07 2.8939e-07 5.49781e-12
-4.07 241.19 2.61566e-07 2.61558e-07 8.38391e-12
-3.97 244.7 2.94781e-07 2.94773e-07 8.6753e-12
-3.82 255.304 3.99333e-07 3.99319e-07 1.352e-11
-3.67 265.909 5.35702e-07 5.3567e-07 3.20115e-11
-3.57 274.988 8.68313e-07 8.68272e-07 4.06731e-11
-3.47 284.068 8.2369e-07 8.23628e-07 6.16462e-11
-3.32 293.678 1.25619e-06 1.25609e-06 9.67426e-11
-3.17 303.287 1.37137e-06 1.3712e-06 1.66388e-10
-3.07 305.711 1.90619e-06 1.90605e-06 1.40633e-10
-2.97 308.135 1.4542e-06 1.45401e-06 1.90445e-10
-2.825 310.2 1.54705e-06 1.54683e-06 2.17586e-10
-2.68 312.264 1.92731e-06 1.92713e-06 1.83514e-10
-2.5775 316.238 1.86988e-06 1.86965e-06 2.26639e-10
-2.475 320.211 1.65915e-06 1.6589e-06 2.4375e-10
-2.325 323.451 2.14006e-06 2.13957e-06 4.94584e-10
-2.175 326.69 2.62226e-06 2.62193e-06 3.26515e-10
-2.0775 330.399 2.14985e-06 2.14943e-06 4.26245e-10
-1.98 334.109 2.62584e-06 2.62532e-06 5.17989e-10
-1.8375 339.882 2.53075e-06 2.53029e-06 4.58627e-10
-1.695 345.656 3.23612e-06 3.23544e-06 6.81311e-10
-1.595 349.539 3.19976e-06 3.19876e-06 9.95439e-10
-1.495 353.423 4.37451e-06 4.37365e-06 8.52325e-10
-1.3525 356.827 4.9699e-06 4.96865e-06 1.2427e-09
-1.21 360.231 4.42907e-06 4.42778e-06 1.29608e-09
-1.115 361.774 4.3206e-06 4.31959e-06 1.00903e-09
-1.02 363.318 4.73378e-06 4.73245e-06 1.32191e-09
-0.8825 364.993 4.4851e-06 4.48358e-06 1.51986e-09
-0.745 366.668 4.50896e-06 4.50736e-06 1.5959e-09
-0.655 366.361 4.39e-06 4.38853e-06 1.46415e-09
-0.565 366.053 3.89039e-06 3.88885e-06 1.54351e-09
-0.4325 367.062 4.64241e-06 4.64061e-06 1.79532e-09
-0.3 368.071 4.46408e-06 4.46272e-06 1.3614e-09
-0.2 368.379 4.65037e-06 4.64916e-06 1.20975e-09
-0.1 368.687 4.56151e-06 4.55977e-06 1.74336e-09
0 368.687 4.37914e-06 4.37736e-06 1.78268e-09
