-4.67 15.3505 1.38061e-20 1.38061e-20 3.23524e-45
-4.57 15.4691 1.4694e-21 1.4694e-21 1.62577e-46
-4.47 15.5878 7.55075e-21 7.55075e-21 9.34515e-46
-4.32 15.5055 2.63974e-21 2.63974e-21 7.41572e-46
-4.17 15.4233 1.85205e-21 1.85205e-21 1.11503e-45
-4.07 15.4416 4.59131e-21 4.59131e-21 2.45747e-46
-3.97 15.46 3.9364e-21 3.9364e-21 3.30081e-46
-3.82 16.0085 1.08687e-21 1.08687e-21 1.29219e-45
-3.67 16.557 1.384e-20 1.384e-20 3.99993e-44
-3.57 17.0309 4.36585e-20 4.36585e-20 1.30805e-43
-3.47 17.5048 4.42914e-20 4.42914e-20 6.26418e-43
-3.32 18.1422 1.37777e-19 1.37777e-19 2.51643e-42
-3.17 18.7797 1.98206e-19 1.98206e-19 2.2224e-41
-3.07 18.7959 1.63093e-19 1.63093e-19 6.4938e-42
-2.97 18.812 7.71483e-20 7.71483e-20 2.09916e-41
-2.825 18.7709 2.17584e-20 2.17584e-20 2.74551e-41
-2.68 18.7298 2.06693e-19 2.06693e-19 7.26681e-42
-2.5775 18.7828 2.56807e-20 2.56807e-20 2.62419e-42
-2.475 18.8359 1.50532e-19 1.50532e-19 4.11215e-41
-2.325 18.8446 7.88132e-20 7.88132e-20 3.40075e-42
-2.175 18.8533 1.591e-19 1.591e-19 3.97426e-42
-2.0775 18.9115 4.19452e-20 4.19452e-20 4.74286e-42
-1.98 18.9696 2.46969e-19 2.46969e-19 9.16484e-43
-1.8375 19.3872 1.62455e-19 1.62455e-19 3.45839e-41
-1.695 19.8048 1.50274e-19 1.50274e-19 4.69521e-41
-1.595 19.8295 3.04301e-19 3.04301e-19 3.22568e-41
-1.495 19.8541 2.15107e-19 2.15107e-19 1.23619e-40
-1.3525 20.0923 2.81979e-19 2.81979e-19 5.22794e-41
-1.21 20.3305 3.44061e-19 3.44061e-19 9.68358e-41
-1.115 20.3321 3.00283e-19 3.00283e-19 2.71053e-40
-1.02 20.3338 2.12399e-19 2.12399e-19 2.04051e-40
-0.8825 20.3674 6.89302e-19 6.89302e-19 1.97397e-40
-0.745 20.4011 1.17546e-18 1.17546e-18 1.26366e-40
-0.655 20.297 6.44005e-19 6.44005e-19 4.4946e-41
-0.565 20.1929 3.75924e-19 3.75924e-19 5.5485e-40
-0.4325 20.1963 9.51267e-19 9.51267e-19 1.9557e-41
-0.3 20.1997 4.66283e-19 4.66283e-19 1.2263e-40
-0.2 20.2024 2.36588e-19 2.36588e-19 5.67142e-40
-0.1 20.2052 4.5551e-19 4.5551e-19 8.70394e-41
0 20.2052 4.91829e-19 4.91829e-19 2.76851e-40
