-4.67 1240 0.00238298 0.00228634 9.6634e-05
-4.57 1260 0.0025525 0.00243414 0.000118363
-4.47 1280 0.00270661 0.00257081 0.000135804
-4.32 1300 0.0027805 0.00264872 0.000131777
-4.17 1320 0.00313597 0.00297148 0.000164492
-4.07 1345 0.00339783 0.00322518 0.00017265
-3.97 1370 0.00368 0.0034726 0.000207402
-3.82 1435 0.00408518 0.00385179 0.000233389
-3.67 1500 0.00526815 0.00488265 0.0003855
-3.57 1550 0.006491 0.00603136 0.00045964
-3.47 1600 0.00661248 0.00610809 0.000504387
-3.32 1625 0.00733131 0.00671576 0.000615555
-3.17 1650 0.00820329 0.00747177 0.000731521
-3.07 1665 0.00850152 0.00778695 0.000714573
-2.97 1680 0.00850554 0.00774639 0.000759149
-2.825 1705 0.00934038 0.00856703 0.000773357
-2.68 1730 0.00940542 0.00856178 0.000843642
-2.5775 1765 0.0107387 0.00967706 0.00106167
-2.475 1800 0.0107621 0.00966121 0.00110087
-2.325 1830 0.0120465 0.0108921 0.00115441
-2.175 1860 0.0133332 0.011955 0.00137822
-2.0775 1905 0.0144969 0.0129075 0.00158937
-1.98 1950 0.017265 0.0153096 0.00195546
-1.8375 1990 0.018632 0.0166056 0.00202639
-1.695 2030 0.0191675 0.0168553 0.00231217
-1.595 2055 0.0189224 0.0165645 0.00235783
-1.495 2080 0.0205068 0.0178568 0.00265005
-1.3525 2110 0.023132 0.0201981 0.00293387
-1.21 2140 0.0233026 0.0205095 0.00279313
-1.115 2155 0.024227 0.0210068 0.00322027
-1.02 2170 0.0259224 0.0225212 0.0034012
-0.8825 2185 0.0243201 0.0207987 0.00352142
-0.745 2200 0.0264874 0.0231122 0.0033752
-0.655 2205 0.0266862 0.0231122 0.00357399
-0.565 2210 0.0255334 0.021722 0.00381134
-0.4325 2220 0.0256202 0.0218505 0.0037697
-0.3 2230 0.0266115 0.0223238 0.00428772
-0.2 2235 0.0287533 0.0246215 0.00413174
-0.1 2240 0.0281929 0.0244963 0.00369656
0 2240 0.028861 0.024662 0.00419906
0.1 2240 0.0287059 0.0247922 0.00391367
0.2 2235 0.0284941 0.024313 0.00418103
0.3 2230 0.0276847 0.0238823 0.00380238
0.4325 2220 0.027887 0.0241559 0.00373105
0.565 2210 0.0292065 0.0252798 0.00392677
0.655 2205 0.0248992 0.0210486 0.00385064
0.745 2200 0.026349 0.0227367 0.00361229
0.8825 2185 0.0242707 0.0209153 0.00335538
1.02 2170 0.0245926 0.0211134 0.00347919
1.115 2155 0.0230302 0.0198517 0.00317846
1.21 2140 0.0246433 0.0213424 0.00330088
1.3525 2110 0.0206987 0.0180371 0.00266162
1.495 2080 0.0211649 0.0186631 0.00250181
1.595 2055 0.0192912 0.0169806 0.00231056
1.695 2030 0.0185959 0.0163876 0.00220831
1.8375 1990 0.01707 0.0150512 0.00201876
1.98 1950 0.0166854 0.0147436 0.00194184
2.0775 1905 0.0149674 0.0132876 0.00167986
2.175 1860 0.0126194 0.0113445 0.00127487
2.325 1830 0.012143 0.0109013 0.00124169
2.475 1800 0.010952 0.00982869 0.00112329
2.5775 1765 0.0103536 0.00946113 0.000892418
2.68 1730 0.00999897 0.00912473 0.000874244
2.825 1705 0.00903098 0.00828537 0.000745612
2.97 1680 0.00809542 0.00743019 0.000665234
3.07 1665 0.00806553 0.00736398 0.000701542
3.17 1650 0.00872642 0.00807144 0.000654981
3.32 1625 0.00757276 0.00695055 0.000622215
3.47 1600 0.00679545 0.00621462 0.000580829
3.57 1550 0.00623512 0.00580976 0.000425367
3.67 1500 0.0058669 0.00551553 0.000351367
3.82 1435 0.00434794 0.00408348 0.000264463
3.97 1370 0.00361684 0.0034157 0.000201139
4.07 1345 0.00342299 0.00326351 0.000159485
4.17 1320 0.00327862 0.00313305 0.000145578
4.32 1300 0.00289166 0.0027552 0.000136464
4.47 1280 0.00268879 0.00256286 0.000125939
4.57 1260 0.00252 0.00241084 0.000109162
4.67 1240 0.00248958 0.00238461 0.000104976
