-4.67 1028.68 0.00096051 0.00093483 2.56801e-05
-4.57 1044.93 0.00104056 0.0010092 3.13555e-05
-4.47 1061.17 0.00120266 0.00117284 2.98222e-05
-4.32 1075.43 0.00129401 0.00126 3.40098e-05
-4.17 1089.7 0.00127106 0.00123605 3.50181e-05
-4.07 1110.85 0.00148944 0.00144076 4.86791e-05
-3.97 1132 0.00153227 0.00148375 4.8523e-05
-3.82 1185.74 0.00189209 0.00182716 6.49306e-05
-3.67 1239.49 0.00230949 0.00221438 9.51062e-05
-3.57 1281.03 0.00284556 0.00271391 0.000131656
-3.47 1322.58 0.00315886 0.00301263 0.000146227
-3.32 1346.19 0.00333565 0.00315156 0.000184089
-3.17 1369.81 0.0035958 0.00338523 0.000210565
-3.07 1384.57 0.00346084 0.00326491 0.000195929
-2.97 1399.33 0.00372066 0.00349342 0.000227246
-2.825 1416.63 0.00439421 0.00414432 0.000249889
-2.68 1433.94 0.0043694 0.00409366 0.000275745
-2.5775 1459.33 0.00509008 0.00481876 0.000271323
-2.475 1484.72 0.00510309 0.00478839 0.000314698
-2.325 1506.12 0.00531834 0.00493241 0.000385928
-2.175 1527.53 0.00566473 0.0052872 0.000377531
-2.0775 1563.86 0.00674074 0.00627635 0.000464391
-1.98 1600.18 0.00741802 0.00688302 0.000534997
-1.8375 1647.99 0.00817478 0.00752906 0.000645715
-1.695 1695.79 0.00949979 0.00869166 0.000808126
-1.595 1720.54 0.00932699 0.00856294 0.000764052
-1.495 1745.29 0.0096868 0.00876443 0.00092237
-1.3525 1763.16 0.0105171 0.00948267 0.00103446
-1.21 1781.04 0.0109592 0.00991907 0.00104008
-1.115 1789.94 0.0110295 0.00991551 0.00111403
-1.02 1798.84 0.0118803 0.010694 0.00118629
-0.8825 1806.99 0.0111062 0.0100227 0.00108348
-0.745 1815.14 0.0112396 0.0101199 0.00111975
-0.655 1816.82 0.0113195 0.0101642 0.00115532
-0.565 1818.49 0.0112149 0.01011 0.00110488
-0.4325 1825.69 0.0118408 0.0106915 0.00114927
-0.3 1832.89 0.0126179 0.0114039 0.00121398
-0.2 1835.55 0.0122594 0.0108991 0.00136026
-0.1 1838.21 0.0126552 0.0113875 0.00126771
0 1838.21 0.0134069 0.0121963 0.00121061
