-4.67 135.563 5.68918e-09 5.68879e-09 3.87533e-13
-4.57 137.077 5.45188e-09 5.45187e-09 1.41117e-15
-4.47 138.592 4.67879e-09 4.60474e-09 7.40487e-11
-4.32 139.234 6.01479e-09 6.01479e-09 9.4885e-16
-4.17 139.876 3.61863e-09 3.61863e-09 9.79225e-16
-4.07 141.838 5.47432e-09 5.47431e-09 1.32579e-15
-3.97 143.8 1.13616e-08 1.13616e-08 2.29903e-15
-3.82 149.953 7.35472e-09 7.35471e-09 3.57087e-15
-3.67 156.106 1.07442e-08 1.07442e-08 5.26524e-15
-3.57 161.584 1.94725e-08 1.94725e-08 1.8847e-14
-3.47 167.063 2.36304e-08 2.36304e-08 3.17541e-14
-3.32 172.911 3.20636e-08 3.20636e-08 5.38653e-14
-3.17 178.758 4.42484e-08 4.42483e-08 7.90908e-14
-3.07 179.868 4.71311e-08 4.7131e-08 8.2461e-14
-2.97 180.978 3.80007e-08 3.80006e-08 1.20886e-13
-2.825 181.973 4.96511e-08 4.9651e-08 1.10661e-13
-2.68 182.968 4.81654e-08 4.81653e-08 8.37148e-14
-2.5775 185.16 6.19739e-08 6.19738e-08 9.78661e-14
-2.475 187.352 5.15975e-08 5.15973e-08 2.07685e-13
-2.325 189.058 5.7588e-08 5.75879e-08 1.80896e-13
-2.175 190.763 6.70086e-08 6.70084e-08 1.83668e-13
-2.0775 192.167 5.98704e-08 5.98701e-08 2.84235e-13
-1.98 193.571 6.41316e-08 6.41313e-08 2.92716e-13
-1.8375 196.583 8.58449e-08 8.58446e-08 3.14504e-13
-1.695 199.595 9.94109e-08 9.94105e-08 4.15751e-13
-1.595 201.875 8.12459e-08 8.12454e-08 4.90247e-13
-1.495 204.154 1.2249e-07 1.2249e-07 4.35266e-13
-1.3525 206.112 1.03674e-07 1.03673e-07 5.55341e-13
-1.21 208.07 1.2225e-07 1.22249e-07 9.37094e-13
-1.115 208.824 1.10659e-07 1.10658e-07 8.96059e-13
-1.02 209.578 1.03761e-07 1.0376e-07 7.37718e-13
-0.8825 210.323 9.86924e-08 9.86916e-08 8.10156e-13
-0.745 211.068 1.56097e-07 1.56096e-07 9.62349e-13
-0.655 210.706 1.13853e-07 1.13853e-07 8.76562e-13
-0.565 210.343 1.41623e-07 1.41623e-07 8.28554e-13
-0.4325 210.933 1.17622e-07 1.17621e-07 9.33713e-13
-0.3 211.523 1.37474e-07 1.37473e-07 8.30468e-13
-0.2 211.723 1.53047e-07 1.53045e-07 1.80469e-12
-0.1 211.923 1.55362e-07 1.5536e-07 1.28022e-12
0 211.923 1.162e-07 1.16199e-07 1.1373e-12
