#1-Q [GeV] 2--dN/dQdY [GeV-1] 3--dN_{PreEq}/dQdY [GeV-1] 3--dN_{Hydro}/dQdY [GeV-1]
1 0.000105833 7.36425e-05 3.21904e-05
1.08163 9.55815e-05 6.20593e-05 3.35222e-05
1.16327 6.91048e-05 4.66122e-05 2.24925e-05
1.2449 7.2562e-05 5.08077e-05 2.17543e-05
1.32653 7.85354e-05 5.81835e-05 2.03519e-05
1.40816 7.92406e-05 5.59025e-05 2.33381e-05
1.4898 5.67349e-05 3.56863e-05 2.10486e-05
1.57143 5.22546e-05 4.05995e-05 1.16551e-05
1.65306 5.36319e-05 4.03988e-05 1.32332e-05
1.73469 4.57375e-05 3.53591e-05 1.03784e-05
1.81633 5.54186e-05 4.61705e-05 9.24807e-06
1.89796 3.14893e-05 2.29251e-05 8.5641e-06
1.97959 3.44884e-05 2.66836e-05 7.80488e-06
2.06122 2.05984e-05 1.48552e-05 5.74325e-06
2.14286 2.80168e-05 2.28271e-05 5.18963e-06
2.22449 2.46758e-05 1.99421e-05 4.73369e-06
2.30612 2.15724e-05 1.90689e-05 2.5035e-06
2.38776 1.42242e-05 1.15597e-05 2.66444e-06
2.46939 1.08297e-05 9.27757e-06 1.55209e-06
2.55102 1.62932e-05 1.51229e-05 1.17029e-06
2.63265 1.01893e-05 9.09159e-06 1.09768e-06
2.71429 8.92867e-06 7.97206e-06 9.56604e-07
2.79592 6.75275e-06 6.03147e-06 7.21283e-07
2.87755 6.64006e-06 5.99886e-06 6.41201e-07
2.95918 6.07994e-06 5.35342e-06 7.26516e-07
3.04082 4.81516e-06 4.45619e-06 3.58971e-07
3.12245 4.84123e-06 4.5684e-06 2.72829e-07
3.20408 4.5331e-06 4.29917e-06 2.3393e-07
3.28571 2.64817e-06 2.52399e-06 1.24184e-07
3.36735 3.97826e-06 3.70505e-06 2.73212e-07
3.44898 2.86888e-06 2.76153e-06 1.07348e-07
3.53061 2.56376e-06 2.4294e-06 1.34354e-07
3.61224 2.27876e-06 2.2161e-06 6.26552e-08
3.69388 1.75331e-06 1.71394e-06 3.93697e-08
3.77551 2.22484e-06 2.18741e-06 3.74371e-08
3.85714 1.77377e-06 1.73556e-06 3.82153e-08
3.93878 1.40697e-06 1.37848e-06 2.8497e-08
4.02041 7.99018e-07 7.66411e-07 3.26068e-08
4.10204 6.9859e-07 6.82761e-07 1.58296e-08
4.18367 9.68769e-07 9.5783e-07 1.09385e-08
4.26531 7.98644e-07 7.8817e-07 1.04747e-08
4.34694 6.11518e-07 6.00387e-07 1.11313e-08
4.42857 5.85196e-07 5.76573e-07 8.62256e-09
4.5102 3.52396e-07 3.47758e-07 4.63738e-09
4.59184 3.66677e-07 3.61099e-07 5.57827e-09
4.67347 4.80247e-07 4.77092e-07 3.15486e-09
4.7551 3.53288e-07 3.50387e-07 2.90131e-09
4.83673 2.39271e-07 2.36959e-07 2.31228e-09
4.91837 3.50444e-07 3.48651e-07 1.79272e-09
5 1.96365e-07 1.95519e-07 8.46439e-10
