#1-Q [GeV] 2--dN/dQdY [GeV-1] 3--dN_{PreEq}/dQdY [GeV-1] 3--dN_{Hydro}/dQdY [GeV-1]
1 0.00137 0.000382533 0.000987469
1.08163 0.00105294 0.000311733 0.000741209
1.16327 0.000980766 0.000342871 0.000637894
1.2449 0.000721542 0.000278849 0.000442693
1.32653 0.000675314 0.000296296 0.000379019
1.40816 0.000491431 0.000199159 0.000292272
1.4898 0.000466548 0.000221981 0.000244567
1.57143 0.000337383 0.000185858 0.000151525
1.65306 0.000333272 0.000183489 0.000149783
1.73469 0.000252642 0.000130543 0.000122099
1.81633 0.000214963 0.000132067 8.28962e-05
1.89796 0.000158333 0.000102879 5.54547e-05
1.97959 0.000150018 9.82225e-05 5.1795e-05
2.06122 0.000117178 6.78848e-05 4.92934e-05
2.14286 0.000126712 9.0027e-05 3.66849e-05
2.22449 7.50947e-05 5.01679e-05 2.49267e-05
2.30612 7.68909e-05 5.96482e-05 1.72427e-05
2.38776 7.50275e-05 5.81215e-05 1.6906e-05
2.46939 4.31123e-05 3.17129e-05 1.13993e-05
2.55102 4.84977e-05 3.83441e-05 1.01536e-05
2.63265 3.0892e-05 2.37513e-05 7.14066e-06
2.71429 2.79909e-05 2.39141e-05 4.07675e-06
2.79592 2.42291e-05 2.00975e-05 4.13157e-06
2.87755 1.86412e-05 1.61571e-05 2.48412e-06
2.95918 1.59142e-05 1.35941e-05 2.32003e-06
3.04082 1.35652e-05 1.17253e-05 1.83989e-06
3.12245 1.29873e-05 1.14885e-05 1.49874e-06
3.20408 1.08254e-05 9.9288e-06 8.96559e-07
3.28571 7.96574e-06 7.21519e-06 7.50552e-07
3.36735 9.72155e-06 8.96841e-06 7.53144e-07
3.44898 7.81743e-06 7.28047e-06 5.36958e-07
3.53061 5.60632e-06 5.07507e-06 5.31252e-07
3.61224 4.05227e-06 3.83206e-06 2.20214e-07
3.69388 5.44514e-06 5.18662e-06 2.58516e-07
3.77551 2.07165e-06 1.91704e-06 1.54604e-07
3.85714 2.77346e-06 2.61352e-06 1.59941e-07
3.93878 2.47832e-06 2.38804e-06 9.02767e-08
4.02041 2.32353e-06 2.21856e-06 1.04975e-07
4.10204 2.12742e-06 2.05014e-06 7.72798e-08
4.18367 1.42439e-06 1.37866e-06 4.57304e-08
4.26531 1.58883e-06 1.57014e-06 1.86869e-08
4.34694 1.16641e-06 1.14199e-06 2.44234e-08
4.42857 1.25894e-06 1.23402e-06 2.49168e-08
4.5102 1.06472e-06 1.05342e-06 1.1298e-08
4.59184 1.0934e-06 1.07799e-06 1.54148e-08
4.67347 7.48121e-07 7.39433e-07 8.68781e-09
4.7551 3.54096e-07 3.46272e-07 7.82399e-09
4.83673 5.30391e-07 5.22123e-07 8.2674e-09
4.91837 5.59161e-07 5.5614e-07 3.0214e-09
5 4.94759e-07 4.92041e-07 2.71762e-09
