-4.67 536.27 0.00276841 0.00276763 7.72337e-07
-4.57 543.62 0.00346245 0.00346136 1.09072e-06
-4.47 550.969 0.0024272 0.00242621 9.96559e-07
-4.32 557.38 0.00321392 0.00321276 1.16121e-06
-4.17 563.792 0.00408095 0.00407966 1.28808e-06
-4.07 573.196 0.00251064 0.00250927 1.36238e-06
-3.97 582.6 0.00393277 0.00393124 1.52411e-06
-3.82 609.516 0.00430414 0.00430138 2.76153e-06
-3.67 636.432 0.00527689 0.00527329 3.60418e-06
-3.57 658.587 0.00569956 0.00569583 3.72213e-06
-3.47 680.741 0.00494462 0.00493804 6.57722e-06
-3.32 698.891 0.00548241 0.00547641 5.99354e-06
-3.17 717.042 0.00789649 0.00788818 8.31278e-06
-3.07 723.696 0.00543767 0.00542829 9.37847e-06
-2.97 730.349 0.00713595 0.00712397 1.19798e-05
-2.825 736.75 0.00725959 0.00724941 1.01846e-05
-2.68 743.151 0.00647911 0.00646556 1.35511e-05
-2.5775 753.834 0.00810334 0.00809126 1.20831e-05
-2.475 764.518 0.00821742 0.00820078 1.66371e-05
-2.325 773.516 0.00843239 0.0084156 1.67814e-05
-2.175 782.515 0.0086366 0.00861701 1.95906e-05
-2.0775 797.676 0.00717704 0.0071545 2.25453e-05
-1.98 812.836 0.0105306 0.0105071 2.34786e-05
-1.8375 832.944 0.00995662 0.00992855 2.80732e-05
-1.695 853.051 0.0111918 0.0111641 2.76662e-05
-1.595 864.147 0.00931461 0.00927723 3.73853e-05
-1.495 875.242 0.0113751 0.0113395 3.55613e-05
-1.3525 884.468 0.0120584 0.0120175 4.08929e-05
-1.21 893.695 0.00929925 0.00926049 3.87661e-05
-1.115 897.633 0.0120428 0.0119946 4.81288e-05
-1.02 901.571 0.0126825 0.0126302 5.23431e-05
-0.8825 906.226 0.012531 0.0124827 4.83164e-05
-0.745 910.88 0.0147971 0.0147454 5.16984e-05
-0.655 910.847 0.0138792 0.0138316 4.75502e-05
-0.565 910.814 0.0114526 0.0114031 4.94877e-05
-0.4325 914.032 0.0128283 0.012777 5.13281e-05
-0.3 917.25 0.0136675 0.0136153 5.2161e-05
-0.2 918.7 0.0134303 0.0133757 5.45796e-05
-0.1 920.151 0.0135681 0.0135118 5.62793e-05
0 920.151 0.0143543 0.0142975 5.67945e-05
