-4.67 73.5627 2.44959e-06 2.44959e-06 1.96454e-18
-4.57 74.302 2.54446e-07 2.54446e-07 1.05734e-15
-4.47 75.0413 2.14364e-07 2.14364e-07 3.43684e-19
-4.32 75.3062 1.52539e-07 1.52539e-07 2.79333e-18
-4.17 75.571 0.00018852 0.00018852 5.68501e-19
-4.07 76.4355 1.18438e-05 1.18438e-05 5.56714e-19
-3.97 77.3 2.59216e-06 2.59216e-06 1.81791e-17
-3.82 80.3224 2.70833e-05 2.70833e-05 6.48534e-17
-3.67 83.3447 4.18526e-06 4.18526e-06 6.21378e-17
-3.57 86.0996 0.000173118 0.000173118 6.24358e-17
-3.47 88.8546 7.14119e-06 7.14119e-06 1.14654e-17
-3.32 92.0795 1.35365e-06 1.35365e-06 9.72187e-17
-3.17 95.3043 1.15474e-06 1.15474e-06 1.64557e-15
-3.07 95.9899 0.000106614 0.000106614 3.1691e-16
-2.97 96.6756 4.46788e-05 4.46788e-05 1.7187e-16
-2.825 97.0756 1.02602e-05 1.02602e-05 1.11977e-16
-2.68 97.4757 7.79944e-06 7.79944e-06 2.00497e-15
-2.5775 98.2451 0.00019643 0.00019643 1.85716e-16
-2.475 99.0146 1.96413e-06 1.96413e-06 1.39273e-15
-2.325 99.5803 1.46918e-05 1.46918e-05 2.03464e-15
-2.175 100.146 1.16141e-05 1.16141e-05 4.82366e-15
-2.0775 100.608 7.90919e-07 7.90919e-07 1.60351e-16
-1.98 101.069 7.58926e-07 7.58926e-07 8.35794e-16
-1.8375 102.728 1.44037e-05 1.44037e-05 3.13426e-15
-1.695 104.388 9.72555e-06 9.72555e-06 1.5696e-15
-1.595 105.572 1.18727e-05 1.18727e-05 1.12493e-14
-1.495 106.755 3.06918e-06 3.06918e-06 1.61818e-14
-1.3525 107.963 1.20835e-05 1.20835e-05 6.90016e-15
-1.21 109.171 0.000148571 0.000148571 3.06181e-15
-1.115 109.454 2.53758e-05 2.53758e-05 2.23691e-14
-1.02 109.738 0.000320822 0.000320822 7.17961e-15
-0.8825 110.172 5.74343e-05 5.74343e-05 9.18547e-16
-0.745 110.607 8.20709e-06 8.20709e-06 2.81617e-15
-0.655 110.273 8.11863e-06 8.11863e-06 1.59113e-14
-0.565 109.939 1.09862e-05 1.09862e-05 2.15892e-14
-0.4325 110.117 6.99175e-05 6.99175e-05 3.03786e-15
-0.3 110.295 2.96939e-06 2.96939e-06 3.55476e-15
-0.2 110.422 1.92947e-06 1.92947e-06 5.95367e-15
-0.1 110.548 0.000242742 0.000242742 3.53512e-15
0 110.548 0.00630714 0.00630714 1.7513e-14
0.1 110.548 5.7691e-06 5.7691e-06 1.22924e-15
0.2 110.422 5.76303e-06 5.76303e-06 2.0399e-14
0.3 110.295 0.00215544 0.00215544 3.74594e-15
0.4325 110.117 1.51836e-06 1.51836e-06 1.9935e-15
0.565 109.939 0.000208296 0.000208296 1.1087e-14
0.655 110.273 5.11885e-05 5.11885e-05 9.25682e-15
0.745 110.607 5.69166e-06 5.69166e-06 5.77289e-15
0.8825 110.172 1.22386e-05 1.22386e-05 6.7777e-15
1.02 109.738 2.36151e-06 2.36151e-06 4.98904e-15
1.115 109.454 7.8628e-06 7.8628e-06 5.96835e-15
1.21 109.171 1.36501e-05 1.36501e-05 1.25907e-14
1.3525 107.963 6.84936e-05 6.84936e-05 6.41977e-15
1.495 106.755 0.000487297 0.000487297 1.95465e-14
1.595 105.572 2.03645e-05 2.03645e-05 9.87511e-16
1.695 104.388 3.97031e-05 3.97031e-05 1.14165e-14
1.8375 102.728 9.67074e-05 9.67074e-05 7.55479e-16
1.98 101.069 0.00036005 0.00036005 1.1443e-15
2.0775 100.608 2.41237e-05 2.41237e-05 1.29528e-15
2.175 100.146 0.000395263 0.000395263 3.06382e-16
2.325 99.5803 3.13884e-06 3.13884e-06 1.88487e-15
2.475 99.0146 1.24053e-05 1.24053e-05 8.76846e-16
2.5775 98.2451 5.09635e-06 5.09635e-06 2.4135e-15
2.68 97.4757 3.54187e-06 3.54187e-06 7.63533e-16
2.825 97.0756 0.000261543 0.000261543 4.28459e-15
2.97 96.6756 1.06316e-06 1.06316e-06 4.28334e-16
3.07 95.9899 2.05408e-05 2.05408e-05 4.9639e-16
3.17 95.3043 8.45761e-05 8.45761e-05 2.26914e-16
3.32 92.0795 1.36024e-05 1.36024e-05 6.97447e-17
3.47 88.8546 7.34056e-06 7.34056e-06 1.41177e-16
3.57 86.0996 5.38563e-07 5.38563e-07 3.94047e-17
3.67 83.3447 2.54695e-05 2.54695e-05 4.23816e-18
3.82 80.3224 2.81001e-05 2.81001e-05 9.05266e-17
3.97 77.3 2.16038e-05 2.16038e-05 3.07491e-18
4.07 76.4355 2.73464e-05 2.73464e-05 5.64987e-18
4.17 75.571 2.59827e-06 2.59827e-06 1.11032e-17
4.32 75.3062 2.30166e-05 2.30166e-05 1.63964e-18
4.47 75.0413 2.78755e-06 2.78755e-06 9.4622e-19
4.57 74.302 2.04357e-06 2.04356e-06 6.7154e-12
4.67 73.5627 4.78629e-06 4.78629e-06 1.3737e-18
