-4.67 228.662 0.000156947 0.000156943 4.11316e-09
-4.57 231.139 0.000131062 0.000131062 1.64987e-10
-4.47 233.617 0.000385915 0.000384335 1.57986e-06
-4.32 235.649 0.000459299 0.000459299 1.80894e-10
-4.17 237.68 0.000155715 0.000155715 2.87705e-10
-4.07 241.19 0.000316004 0.000316004 2.70383e-10
-3.97 244.7 0.000206526 0.000206526 2.68637e-10
-3.82 255.304 0.000371001 0.000371001 5.03478e-10
-3.67 265.909 0.000519696 0.000519691 4.92969e-09
-3.57 274.988 0.000271088 0.000271086 1.52951e-09
-3.47 284.068 0.000225313 0.000225312 1.21495e-09
-3.32 293.678 0.00099465 0.000994647 2.25894e-09
-3.17 303.287 0.000381614 0.000381612 2.72013e-09
-3.07 305.711 0.000460226 0.00046022 5.91391e-09
-2.97 308.135 0.00043101 0.000431006 3.8666e-09
-2.825 310.2 0.000585313 0.00058531 3.34482e-09
-2.68 312.264 0.000676516 0.00067651 5.16675e-09
-2.5775 316.238 0.000735681 0.000735676 5.25095e-09
-2.475 320.211 0.000899389 0.000899383 6.43142e-09
-2.325 323.451 0.00085228 0.00085227 1.02228e-08
-2.175 326.69 0.000629401 0.000629395 6.09888e-09
-2.0775 330.399 0.000658527 0.000658519 8.32521e-09
-1.98 334.109 0.000548198 0.000548189 8.74791e-09
-1.8375 339.882 0.00114649 0.00114647 1.2786e-08
-1.695 345.656 0.000875795 0.00087578 1.49778e-08
-1.595 349.539 0.000566064 0.000566048 1.64437e-08
-1.495 353.423 0.000933731 0.000933713 1.7994e-08
-1.3525 356.827 0.00147926 0.00147924 1.83417e-08
-1.21 360.231 0.000897303 0.000897288 1.48602e-08
-1.115 361.774 0.00119489 0.00119487 2.09497e-08
-1.02 363.318 0.00123201 0.00123199 2.09545e-08
-0.8825 364.993 0.000874807 0.00087479 1.66526e-08
-0.745 366.668 0.000836547 0.000836528 1.91802e-08
-0.655 366.361 0.000934044 0.000934022 2.26183e-08
-0.565 366.053 0.000697933 0.000697913 1.99779e-08
-0.4325 367.062 0.000693116 0.00069309 2.59411e-08
-0.3 368.071 0.00090302 0.000902994 2.59221e-08
-0.2 368.379 0.000892453 0.000892422 3.07559e-08
-0.1 368.687 0.000774627 0.000774595 3.19492e-08
0 368.687 0.00105976 0.00105973 3.38754e-08
