-4.67 1240 0.0309488 0.0305908 0.000358018
-4.57 1260 0.0272461 0.0268188 0.00042727
-4.47 1280 0.0313176 0.0308902 0.000427478
-4.32 1300 0.034431 0.0340107 0.000420357
-4.17 1320 0.0365399 0.0359915 0.000548407
-4.07 1345 0.0379335 0.0373283 0.000605221
-3.97 1370 0.0344214 0.0337924 0.000629073
-3.82 1435 0.0474218 0.0465297 0.000892083
-3.67 1500 0.0475254 0.0462673 0.00125804
-3.57 1550 0.0582181 0.0568787 0.00133937
-3.47 1600 0.0589907 0.0571969 0.00179377
-3.32 1625 0.060768 0.0589572 0.00181084
-3.17 1650 0.0679411 0.0659689 0.00197215
-3.07 1665 0.07064 0.0685202 0.00211981
-2.97 1680 0.0743353 0.0723876 0.00194773
-2.825 1704.99 0.0777587 0.0752567 0.00250205
-2.68 1729.99 0.0654483 0.062802 0.00264633
-2.5775 1764.99 0.0837932 0.0808076 0.00298554
-2.475 1799.99 0.0873672 0.084076 0.00329126
-2.325 1829.99 0.0924943 0.0887312 0.00376312
-2.175 1859.99 0.0935139 0.0899337 0.00358022
-2.0775 1904.99 0.0952263 0.0906511 0.00457524
-1.98 1949.99 0.111236 0.10609 0.00514601
-1.8375 1989.99 0.110944 0.105524 0.00542003
-1.695 2029.99 0.112599 0.106552 0.00604639
-1.595 2054.99 0.11221 0.10635 0.00585964
-1.495 2080 0.124801 0.117676 0.00712576
-1.3525 2110 0.129078 0.122232 0.00684558
-1.21 2140 0.145343 0.13729 0.00805307
-1.115 2155.01 0.133679 0.125868 0.0078109
-1.02 2170.01 0.144537 0.135616 0.00892142
-0.8825 2185.01 0.139129 0.129979 0.00915049
-0.745 2200.01 0.148094 0.138827 0.00926684
-0.655 2205.01 0.159953 0.150628 0.00932538
-0.565 2210.01 0.145369 0.135998 0.00937034
-0.4325 2220.01 0.148936 0.139737 0.00919944
-0.3 2230 0.155625 0.144735 0.0108901
-0.2 2234.99 0.150766 0.140484 0.0102814
-0.1 2239.99 0.158626 0.148941 0.00968429
0 2239.99 0.152764 0.14253 0.0102343
