-4.67 784.47 0.00711996 0.00709844 2.15159e-05
-4.57 795.62 0.00912049 0.00910151 1.89724e-05
-4.47 806.769 0.00977878 0.00975505 2.37296e-05
-4.32 816.932 0.00923525 0.00921023 2.50211e-05
-4.17 827.094 0.00953316 0.00950674 2.64182e-05
-4.07 842.397 0.00939166 0.00935954 3.21161e-05
-3.97 857.7 0.0103115 0.0102759 3.55966e-05
-3.82 897.626 0.00985812 0.00981775 4.03711e-05
-3.67 937.552 0.0143509 0.0142796 7.13091e-05
-3.57 968.841 0.0156115 0.0155292 8.23448e-05
-3.47 1000.13 0.0163239 0.0162202 0.000103702
-3.32 1021.28 0.0172502 0.0171353 0.000114899
-3.17 1042.42 0.0212665 0.0211437 0.000122756
-3.07 1054.89 0.0192217 0.0190895 0.000132193
-2.97 1067.36 0.0200832 0.0199168 0.000166436
-2.825 1077.45 0.0200211 0.0198601 0.000160923
-2.68 1087.54 0.019024 0.0188416 0.000182372
-2.5775 1104.82 0.021998 0.0218033 0.000194682
-2.475 1122.1 0.0267767 0.0265867 0.000189942
-2.325 1136.78 0.0256029 0.0254108 0.000192092
-2.175 1151.47 0.0269013 0.0266826 0.000218675
-2.0775 1176.44 0.023911 0.0236636 0.000247411
-1.98 1201.41 0.0294361 0.0291117 0.000324466
-1.8375 1234.56 0.037176 0.0367447 0.000431285
-1.695 1267.71 0.030459 0.029979 0.000480071
-1.595 1285.09 0.0316423 0.0311997 0.000442668
-1.495 1302.47 0.0325297 0.0320401 0.000489633
-1.3525 1316.21 0.037715 0.0371078 0.000607183
-1.21 1329.95 0.0382155 0.0376342 0.000581295
-1.115 1335.78 0.032772 0.0322046 0.000567392
-1.02 1341.6 0.0391861 0.0385124 0.000673732
-0.8825 1348.44 0.0372833 0.0366337 0.000649619
-0.745 1355.29 0.0427067 0.0419745 0.000732241
-0.655 1356.35 0.0378685 0.0371896 0.000678865
-0.565 1357.41 0.0356473 0.0349666 0.000680666
-0.4325 1362.16 0.03959 0.0389117 0.00067824
-0.3 1366.92 0.0419829 0.0413288 0.0006541
-0.2 1369.16 0.0391971 0.0385248 0.000672303
-0.1 1371.4 0.0372127 0.0365106 0.000702098
0 1371.4 0.0342992 0.0335789 0.000720283
