-4.67 35.5852 6.98815e-08 6.98815e-08 5.00187e-24
-4.57 36.0783 2.65312e-07 2.65312e-07 1.83958e-26
-4.47 36.5714 8.64253e-08 8.64253e-08 1.2834e-25
-4.32 36.6301 4.2166e-06 4.2166e-06 7.20747e-26
-4.17 36.6888 1.71658e-07 1.71658e-07 6.25493e-26
-4.07 37.0444 2.87262e-07 2.87262e-07 5.82696e-26
-3.97 37.4 9.7593e-07 9.7593e-07 3.75894e-26
-3.82 38.6966 2.92011e-07 2.92011e-07 3.12843e-25
-3.67 39.9933 1.29462e-06 1.29462e-06 2.98511e-25
-3.57 41.1866 7.53576e-07 7.53576e-07 1.23797e-24
-3.47 42.3799 1.15707e-06 1.15707e-06 3.05485e-24
-3.32 43.9866 8.85254e-08 8.85254e-08 1.80596e-24
-3.17 45.5934 5.01177e-06 5.01177e-06 2.18456e-23
-3.07 45.9344 1.64128e-06 1.64128e-06 1.71761e-23
-2.97 46.2755 1.93233e-06 1.93233e-06 1.14438e-23
-2.825 46.2983 2.27714e-06 2.27714e-06 4.99389e-23
-2.68 46.3211 1.0362e-06 1.0362e-06 2.27787e-23
-2.5775 46.5796 4.08272e-06 4.08272e-06 5.99841e-23
-2.475 46.8381 9.83292e-06 9.83292e-06 4.91981e-23
-2.325 47.1377 1.01975e-07 1.01975e-07 5.74766e-23
-2.175 47.4374 2.68317e-06 2.68317e-06 4.56216e-23
-2.0775 47.5326 1.0983e-07 1.0983e-07 7.33612e-23
-1.98 47.6279 2.27228e-07 2.27228e-07 3.29052e-23
-1.8375 48.2089 1.80097e-06 1.80097e-06 6.08981e-23
-1.695 48.7899 7.13231e-06 7.13231e-06 9.84417e-23
-1.595 49.2905 2.5805e-06 2.5805e-06 1.1598e-22
-1.495 49.7911 8.23835e-07 8.23835e-07 1.42801e-22
-1.3525 50.4145 6.91129e-06 6.91129e-06 1.91734e-22
-1.21 51.038 1.04275e-07 1.04275e-07 6.19076e-22
-1.115 51.1244 2.51784e-06 2.51784e-06 1.97253e-22
-1.02 51.2109 4.39143e-07 4.39143e-07 6.07037e-22
-0.8825 51.3549 1.20527e-06 1.20527e-06 9.32513e-23
-0.745 51.4989 3.96899e-07 3.96899e-07 3.31209e-22
-0.655 51.2711 3.64289e-06 3.64289e-06 2.37103e-22
-0.565 51.0433 4.5151e-06 4.5151e-06 6.55656e-22
-0.4325 51.1156 3.44109e-06 3.44109e-06 2.46735e-22
-0.3 51.1879 2.53382e-06 2.53382e-06 3.25801e-22
-0.2 51.1989 1.70031e-07 1.70031e-07 5.75011e-22
-0.1 51.2098 1.12695e-06 1.12695e-06 2.45408e-22
0 51.2098 2.28269e-06 2.28269e-06 2.83645e-22
