-4.67 358.743 0.000992847 0.000992824 2.29639e-08
-4.57 363.228 0.00100268 0.00100266 2.03614e-08
-4.47 367.713 0.000972141 0.000972119 2.15141e-08
-4.32 371.089 0.00102397 0.00102394 2.66689e-08
-4.17 374.465 0.000895288 0.000895256 3.27162e-08
-4.07 380.582 0.000836831 0.0008368 3.04082e-08
-3.97 386.7 0.000874307 0.00087426 4.75302e-08
-3.82 403.798 0.000707743 0.00070768 6.32752e-08
-3.67 420.896 0.00139909 0.00139901 8.76406e-08
-3.57 435.656 0.00208169 0.00208157 1.19812e-07
-3.47 450.415 0.00129786 0.00129772 1.45893e-07
-3.32 463.719 0.00172693 0.00172676 1.6647e-07
-3.17 477.023 0.00138687 0.00138654 3.29714e-07
-3.07 481.307 0.00150689 0.00150661 2.79853e-07
-2.97 485.591 0.00200002 0.00199958 4.45497e-07
-2.825 489.355 0.00142245 0.00142193 5.14244e-07
-2.68 493.118 0.00169602 0.00169553 4.89438e-07
-2.5775 499.686 0.00277432 0.00277387 4.49176e-07
-2.475 506.254 0.00227883 0.00227831 5.26544e-07
-2.325 511.904 0.00274376 0.00274313 6.30848e-07
-2.175 517.554 0.00278115 0.0027805 6.47733e-07
-2.0775 524.963 0.00202738 0.00202657 8.08064e-07
-1.98 532.372 0.0026546 0.00265379 8.19164e-07
-1.8375 544.639 0.00283929 0.00283832 9.77304e-07
-1.695 556.907 0.00291717 0.00291597 1.20436e-06
-1.595 563.791 0.00360027 0.00359874 1.53116e-06
-1.495 570.675 0.0036118 0.00361009 1.71301e-06
-1.3525 576.159 0.00327442 0.00327286 1.56709e-06
-1.21 581.643 0.00334954 0.00334791 1.62051e-06
-1.115 584.263 0.00354157 0.00353998 1.59217e-06
-1.02 586.882 0.00401829 0.00401602 2.26414e-06
-0.8825 589.807 0.00514096 0.00513863 2.3371e-06
-0.745 592.733 0.00370239 0.00369982 2.5695e-06
-0.655 592.305 0.00345233 0.00345044 1.88805e-06
-0.565 591.878 0.00432051 0.00431814 2.37345e-06
-0.4325 593.942 0.00444039 0.00443831 2.07936e-06
-0.3 596.006 0.00383606 0.00383378 2.28329e-06
-0.2 596.843 0.00417915 0.00417684 2.3106e-06
-0.1 597.68 0.00369495 0.00369249 2.46035e-06
0 597.68 0.00272928 0.00272717 2.11014e-06
