-4.67 35.5852 2.413e-08 2.413e-08 7.51203e-26
-4.57 36.0783 5.71073e-07 5.71073e-07 9.64168e-27
-4.47 36.5714 3.81252e-10 3.81252e-10 1.02573e-24
-4.32 36.6301 6.29638e-10 6.29638e-10 7.98049e-27
-4.17 36.6888 1.96733e-09 1.96733e-09 2.82882e-27
-4.07 37.0444 1.18264e-10 1.18264e-10 1.20278e-25
-3.97 37.4 1.17676e-08 1.17676e-08 9.54359e-27
-3.82 38.6966 2.49306e-09 2.49306e-09 4.88401e-25
-3.67 39.9933 1.52474e-06 1.52474e-06 1.13835e-25
-3.57 41.1866 4.34622e-07 4.34622e-07 2.28321e-24
-3.47 42.3799 1.03829e-06 1.03829e-06 5.75107e-26
-3.32 43.9866 5.50207e-07 5.50207e-07 3.23775e-25
-3.17 45.5934 7.43571e-08 7.43571e-08 2.72516e-24
-3.07 45.9344 1.16944e-08 1.16944e-08 1.0807e-23
-2.97 46.2755 5.49484e-06 5.49484e-06 6.17543e-23
-2.825 46.2983 3.64795e-07 3.64795e-07 1.18478e-22
-2.68 46.3211 9.20686e-08 9.20686e-08 8.83559e-24
-2.5775 46.5796 2.83015e-08 2.83015e-08 3.47913e-22
-2.475 46.8381 6.88116e-07 6.88116e-07 1.64374e-24
-2.325 47.1377 1.03913e-08 1.03913e-08 5.55359e-23
-2.175 47.4374 2.37334e-06 2.37334e-06 2.61251e-23
-2.0775 47.5326 1.32758e-06 1.32758e-06 8.69789e-23
-1.98 47.6279 0.000247169 0.000247169 1.44643e-22
-1.8375 48.2089 6.4355e-07 6.4355e-07 4.70903e-22
-1.695 48.7899 3.06359e-07 3.06359e-07 8.80199e-24
-1.595 49.2905 2.86266e-06 2.86266e-06 4.94528e-22
-1.495 49.7911 1.8748e-05 1.8748e-05 2.80258e-22
-1.3525 50.4145 6.56375e-06 6.56375e-06 2.97228e-22
-1.21 51.038 9.45856e-07 9.45856e-07 2.31633e-21
-1.115 51.1244 2.44886e-07 2.44886e-07 8.0323e-23
-1.02 51.2109 6.90637e-07 6.90637e-07 3.16759e-21
-0.8825 51.3549 1.6356e-07 1.6356e-07 6.58681e-21
-0.745 51.4989 1.61651e-07 1.61651e-07 4.63221e-21
-0.655 51.2711 3.42294e-06 3.42294e-06 6.44911e-23
-0.565 51.0433 7.67905e-08 7.67905e-08 2.77713e-22
-0.4325 51.1156 1.07359e-07 1.07359e-07 1.1643e-22
-0.3 51.1879 4.62807e-07 4.62807e-07 1.98766e-22
-0.2 51.1989 7.00438e-06 7.00438e-06 1.65522e-22
-0.1 51.2098 2.54133e-08 2.54133e-08 3.37177e-22
0 51.2098 1.42991e-08 1.42991e-08 8.88718e-22
0.1 51.2098 2.2405e-07 2.2405e-07 2.21906e-22
0.2 51.1989 1.55435e-09 1.55435e-09 2.36118e-21
0.3 51.1879 1.37933e-06 1.37933e-06 1.55607e-22
0.4325 51.1156 8.38832e-06 8.38832e-06 1.733e-22
0.565 51.0433 9.10935e-05 9.10935e-05 3.13521e-23
0.655 51.2711 5.31168e-07 5.31168e-07 8.54297e-22
0.745 51.4989 3.01572e-07 3.01572e-07 3.49656e-21
0.8825 51.3549 2.84206e-08 2.84206e-08 1.18947e-22
1.02 51.2109 6.09581e-09 6.09581e-09 4.29539e-22
1.115 51.1244 6.83335e-06 6.83335e-06 3.58483e-22
1.21 51.038 2.18633e-08 2.18633e-08 2.42591e-22
1.3525 50.4145 5.98465e-06 5.98465e-06 1.50023e-22
1.495 49.7911 1.88249e-08 1.88249e-08 4.41247e-22
1.595 49.2905 6.39219e-08 6.39219e-08 6.39835e-22
1.695 48.7899 4.07419e-06 4.07419e-06 2.22485e-21
1.8375 48.2089 8.71471e-06 8.71471e-06 4.99456e-22
1.98 47.6279 1.17993e-05 1.17993e-05 2.23491e-23
2.0775 47.5326 1.43661e-07 1.43661e-07 7.79569e-22
2.175 47.4374 7.97309e-06 7.97309e-06 3.27406e-24
2.325 47.1377 2.45817e-06 2.45817e-06 3.98069e-23
2.475 46.8381 6.21526e-07 6.21526e-07 3.44861e-22
2.5775 46.5796 1.32727e-08 1.32727e-08 6.35302e-23
2.68 46.3211 3.94396e-07 3.94396e-07 1.63329e-22
2.825 46.2983 1.98208e-07 1.98208e-07 6.18834e-22
2.97 46.2755 7.49959e-08 7.49959e-08 2.25329e-23
3.07 45.9344 6.49655e-09 6.49655e-09 6.87353e-22
3.17 45.5934 2.96499e-07 2.96499e-07 2.7886e-23
3.32 43.9866 1.87631e-08 1.87631e-08 9.28434e-24
3.47 42.3799 6.36019e-08 6.36019e-08 1.53933e-24
3.57 41.1866 3.19186e-06 3.19186e-06 3.98106e-25
3.67 39.9933 2.55231e-09 2.55231e-09 6.20075e-26
3.82 38.6966 1.49695e-05 1.49695e-05 4.62079e-26
3.97 37.4 1.08933e-07 1.08933e-07 5.75304e-25
4.07 37.0444 1.21173e-08 1.21173e-08 1.6135e-26
4.17 36.6888 1.88124e-08 1.88124e-08 2.60237e-26
4.32 36.6301 3.25545e-08 3.25545e-08 1.74591e-26
4.47 36.5714 1.10425e-06 1.10425e-06 1.58746e-26
4.57 36.0783 1.17885e-07 1.17885e-07 3.76235e-25
4.67 35.5852 0.000141204 0.000141204 1.42334e-27
