-4.67 0.0459243
-4.57 0.0510747
-4.47 0.0445119
-4.32 0.0589734
-4.17 0.0594537
-4.07 0.0675403
-3.97 0.0605425
-3.82 0.0937445
-3.67 0.0689463
-3.57 0.0807051
-3.47 0.10978
-3.32 0.0957187
-3.17 0.118439
-3.07 0.103181
-2.97 0.0959313
-2.825 0.097486
-2.68 0.113161
-2.5775 0.119162
-2.475 0.129658
-2.325 0.119368
-2.175 0.115241
-2.0775 0.143588
-1.98 0.186584
-1.8375 0.17105
-1.695 0.175664
-1.595 0.188921
-1.495 0.191557
-1.3525 0.196466
-1.21 0.193023
-1.115 0.205352
-1.02 0.220235
-0.8825 0.22284
-0.745 0.203264
-0.655 0.220461
-0.565 0.19651
-0.4325 0.22933
-0.3 0.23149
-0.2 0.228211
-0.1 0.218846
0 0.214069
