-4.67 0.0355907
-4.57 0.0402194
-4.47 0.0332159
-4.32 0.046218
-4.17 0.0459831
-4.07 0.0547138
-3.97 0.0472445
-3.82 0.0781004
-3.67 0.0502654
-3.57 0.0607766
-3.47 0.0892975
-3.32 0.0734593
-3.17 0.0929211
-3.07 0.0793588
-2.97 0.0700185
-2.825 0.0714257
-2.68 0.0906246
-2.5775 0.090145
-2.475 0.0981937
-2.325 0.0881371
-2.175 0.0829675
-2.0775 0.112623
-1.98 0.14915
-1.8375 0.130693
-1.695 0.136814
-1.595 0.151074
-1.495 0.149417
-1.3525 0.152032
-1.21 0.147546
-1.115 0.162547
-1.02 0.172396
-0.8825 0.176797
-0.745 0.154794
-0.655 0.171418
-0.565 0.151007
-0.4325 0.18216
-0.3 0.18225
-0.2 0.178387
-0.1 0.169472
0 0.167848
