#1-y 2--dNch/deta 5-dN/dY [GeV-1] 3--dN_{PreEq}/dY [GeV-1] 3--dN_{Hydro}/dY [GeV-1]
-3.17 1650 1.25055e-05 1.23906e-05 1.14947e-07
-3.07 1665 1.43617e-05 1.42354e-05 1.26354e-07
-2.97 1680 0.00024158 0.000241271 3.093e-07
-2.825 1705 1.72983e-05 1.72088e-05 8.95491e-08
-2.68 1730 0.000119852 0.000119621 2.30946e-07
-2.5775 1765 1.86147e-05 1.78111e-05 8.03544e-07
-2.475 1800 1.4802e-05 1.43568e-05 4.45138e-07
-2.325 1830 2.78329e-05 2.69084e-05 9.24503e-07
-2.175 1860 4.08962e-05 4.00908e-05 8.05481e-07
-2.0775 1905 0.000136933 0.00013625 6.83048e-07
-1.98 1950 1.52868e-05 1.36711e-05 1.61576e-06
-1.8375 1990 4.50459e-05 4.4844e-05 2.01946e-07
-1.695 2030 7.05537e-05 6.97296e-05 8.24123e-07
-1.595 2055 4.83549e-05 4.6243e-05 2.11191e-06
-1.495 2080 0.000125051 0.000124444 6.07231e-07
-1.3525 2110 8.2544e-05 8.15926e-05 9.51484e-07
-1.21 2140 6.21936e-05 6.10389e-05 1.15479e-06
-1.115 2155 0.000122523 0.000121878 6.44537e-07
-1.02 2170 9.75961e-05 9.55689e-05 2.02725e-06
-0.8825 2185 0.000144163 0.000142926 1.23737e-06
-0.745 2200 0.000163704 0.000161949 1.75446e-06
-0.655 2205 0.000141846 0.000139336 2.51051e-06
-0.565 2210 0.000105232 0.000104279 9.53534e-07
-0.4325 2220 0.000135415 0.000133403 2.01181e-06
-0.3 2230 0.000300672 0.000298682 1.99003e-06
-0.2 2235 0.000106538 0.000104933 1.60555e-06
-0.1 2240 7.71654e-05 7.51381e-05 2.02734e-06
0 2240 0.000215485 0.000215008 4.77462e-07
0.1 2240 0.000399732 0.000396262 3.4699e-06
0.2 2235 0.000146056 0.000144997 1.05883e-06
0.3 2230 0.000215953 0.000214619 1.33484e-06
0.4325 2220 4.29149e-05 4.19204e-05 9.94541e-07
0.565 2210 2.29059e-05 2.26116e-05 2.94309e-07
0.655 2205 0.000574497 0.000573855 6.42156e-07
0.745 2200 0.000283442 0.000282532 9.09312e-07
0.8825 2185 0.000101383 9.9901e-05 1.48203e-06
1.02 2170 0.000119306 0.000118841 4.65381e-07
1.115 2155 2.23958e-05 2.16145e-05 7.81261e-07
1.21 2140 5.54226e-05 5.39365e-05 1.48606e-06
1.3525 2110 7.03402e-05 6.7824e-05 2.51626e-06
1.495 2080 5.08717e-05 4.90265e-05 1.8452e-06
1.595 2055 0.000211694 0.000210216 1.4778e-06
1.695 2030 1.95503e-05 1.83235e-05 1.22676e-06
1.8375 1990 2.51671e-05 2.50544e-05 1.1263e-07
1.98 1950 0.00015175 0.000151429 3.21019e-07
2.0775 1905 5.81192e-05 5.73506e-05 7.68639e-07
2.175 1860 2.67144e-05 2.63604e-05 3.53962e-07
2.325 1830 0.00015113 0.000150738 3.91772e-07
2.475 1800 1.94135e-05 1.90795e-05 3.3396e-07
2.5775 1765 6.22739e-05 6.17173e-05 5.56549e-07
2.68 1730 0.000304004 0.000303822 1.8164e-07
2.825 1705 6.1274e-05 6.04683e-05 8.05754e-07
2.97 1680 0.00012593 0.000125574 3.5583e-07
3.07 1665 4.03352e-05 4.00542e-05 2.81014e-07
3.17 1650 0.000131586 0.0001313 2.86136e-07
3.32 1625 6.93406e-06 6.48882e-06 4.45237e-07
3.47 1600 6.48606e-05 6.46578e-05 2.02826e-07
3.57 1550 8.79949e-06 8.60069e-06 1.98794e-07
3.67 1500 7.63407e-06 7.60095e-06 3.31282e-08
3.82 1435 4.53991e-06 4.45745e-06 8.24613e-08
3.97 1370 6.81691e-05 6.81503e-05 1.87918e-08
4.07 1345 9.24211e-06 9.09896e-06 1.43148e-07
4.17 1320 2.95703e-05 2.95611e-05 9.22105e-09
4.32 1300 4.00436e-05 4.00054e-05 3.82399e-08
4.47 1280 1.69988e-05 1.69691e-05 2.96595e-08
4.57 1260 1.25432e-05 1.24985e-05 4.47266e-08
4.67 1240 0.00011181 0.000111802 7.606e-09
