0.00834725 0.0858921 0.0858921 0
0.0166945 0.256672 0.256672 0
0.0250417 0.305597 0.305597 0
0.033389 0.426496 0.426496 0
0.0417362 0.472738 0.472738 0
0.0500835 0.626558 0.626558 0
0.0584307 0.615512 0.615512 0
0.066778 0.600023 0.600023 0
0.0751252 0.800296 0.800296 0
0.0834725 0.787808 0.787808 0
0.0918197 0.807496 0.807496 0
0.100167 0.809889 0.809889 0
0.108514 0.956491 0.956491 0
0.116861 1.03069 1.03069 0
0.125209 1.08937 1.08937 0
0.133556 0.992561 0.992561 0
0.141903 0.97399 0.97399 0
0.15025 1.24488 1.24488 0
0.158598 1.31844 1.31844 0
0.166945 1.14884 1.14884 0
0.175292 1.21546 1.21546 0
0.183639 1.2038 1.2038 0
0.191987 1.08959 1.08959 0
0.200334 1.13477 1.13477 0
0.208681 1.22527 1.22527 0
0.217028 1.41168 1.41168 0
0.225376 1.18767 1.18767 0
0.233723 1.17008 1.17008 0
0.24207 1.31315 1.31315 0
0.250417 1.2875 1.2875 0
0.258765 1.53019 1.53019 0
0.267112 1.36079 1.36079 0
0.275459 1.35692 1.35692 0
0.283806 1.65042 1.65042 0
0.292154 1.26614 1.26614 0
0.300501 1.43432 1.43432 0
0.308848 1.57878 1.57878 0
0.317195 1.07352 1.07352 0
0.325543 1.27076 1.27076 0
0.33389 1.45759 1.45759 0
0.342237 1.51121 1.51121 0
0.350584 1.33878 1.33878 0
0.358932 1.59682 1.59682 0
0.367279 1.27315 1.27315 0
0.375626 1.40714 1.40714 0
0.383973 1.65076 1.65076 0
0.392321 1.71041 1.71041 0
0.400668 1.88577 1.88577 0
0.409015 1.5208 1.5208 0
0.417362 1.43568 1.43568 0
0.42571 2.01376 2.01376 0
0.434057 1.26941 1.26941 0
0.442404 1.60223 1.60223 0
0.450751 1.75781 1.75781 0
0.459098 1.81897 1.81897 0
0.467446 1.82244 1.82244 0
0.475793 1.48292 1.48292 0
0.48414 1.76724 1.76724 0
0.492487 1.62776 1.62776 0
0.500835 1.5246 1.5246 0
0.509182 2.20726 2.20726 0
0.517529 1.28205 1.28205 0
0.525876 1.25364 1.25364 0
0.534224 1.51612 1.51612 0
0.542571 1.59743 1.59743 0
0.550918 1.64196 1.64196 0
0.559265 1.48735 1.48735 0
0.567613 1.42309 1.42309 0
0.57596 1.32299 1.32299 0
0.584307 1.72039 1.72039 0
0.592654 1.56655 1.56655 0
0.601002 1.33559 1.33559 0
0.609349 1.48078 1.48078 0
0.617696 1.95214 1.95214 0
0.626043 2.03991 2.03991 0
0.634391 1.2784 1.2784 0
0.642738 1.62657 1.62657 0
0.651085 2.1533 2.1533 0
0.659432 1.60914 1.60914 0
0.66778 1.57985 1.57985 0
0.676127 1.40037 1.40037 0
0.684474 2.19537 2.19537 0
0.692821 2.09671 2.09671 0
0.701169 1.68728 1.68728 0
0.709516 1.77032 1.77032 0
0.717863 1.33732 1.33732 0
0.72621 1.77363 1.77363 0
0.734558 1.7561 1.7561 0
0.742905 1.57709 1.57709 0
0.751252 1.70201 1.70201 0
0.759599 1.41917 1.41917 0
0.767947 1.87502 1.87502 0
0.776294 1.9281 1.9281 0
0.784641 1.70367 1.70367 0
0.792988 1.81662 1.81662 0
0.801336 1.72572 1.72572 0
0.809683 1.36063 1.36063 0
0.81803 1.67073 1.67073 0
0.826377 1.5288 1.5288 0
0.834725 1.46584 1.46584 0
0.843072 1.72654 1.72654 0
0.851419 1.57059 1.57059 0
0.859766 1.71234 1.71234 0
0.868114 1.8615 1.8615 0
0.876461 1.69885 1.69885 0
0.884808 1.15091 1.15091 0
0.893155 2.36372 2.36372 0
0.901503 1.65026 1.65026 0
0.90985 1.48953 1.48953 0
0.918197 1.7658 1.7658 0
0.926544 1.24299 1.24299 0
0.934891 1.72343 1.72343 0
0.943239 1.44574 1.44574 0
0.951586 1.89185 1.89185 0
0.959933 1.81625 1.81625 0
0.96828 1.57947 1.57947 0
0.976628 1.79751 1.79751 0
0.984975 1.80168 1.80168 0
0.993322 1.63753 1.63753 0
1.00167 1.61609 1.61609 0
1.01002 1.2832 1.2832 0
1.01836 1.31393 1.31393 0
1.02671 1.60976 1.60976 0
1.03506 1.7708 1.7708 0
1.04341 1.78641 1.78641 0
1.05175 1.31664 1.31664 0
1.0601 1.57016 1.57016 0
1.06845 1.6453 1.6453 8.24385e-10
1.07679 1.29899 1.29627 0.00271597
1.08514 1.92611 1.92465 0.00145995
1.09349 1.52199 1.52035 0.00163931
1.10184 1.3665 1.36318 0.00331759
1.11018 1.28473 1.28175 0.00297562
1.11853 1.92556 1.92076 0.00480086
1.12688 1.36442 1.3603 0.00411967
1.13523 1.69115 1.68645 0.00469327
1.14357 1.98688 1.98268 0.00420419
1.15192 1.88466 1.88104 0.00361566
1.16027 1.67607 1.66487 0.0112013
1.16861 1.87163 1.86938 0.00224827
1.17696 2.15692 2.14557 0.011345
1.18531 1.36535 1.35574 0.00960622
1.19366 2.09291 2.0827 0.0102085
1.202 2.20632 2.1946 0.0117176
1.21035 1.83329 1.82729 0.00599853
1.2187 1.09688 1.08627 0.0106075
1.22705 1.77452 1.75915 0.0153689
1.23539 1.45772 1.43879 0.0189237
1.24374 1.83992 1.82714 0.0127723
1.25209 1.68184 1.66936 0.012476
1.26043 1.50665 1.48359 0.0230657
1.26878 1.75356 1.74335 0.0102056
1.27713 1.17096 1.15823 0.0127388
1.28548 1.7239 1.7121 0.0118057
1.29382 1.13364 1.11776 0.0158826
1.30217 1.55075 1.52922 0.0215232
1.31052 1.83109 1.817 0.0140937
1.31886 1.76262 1.74485 0.0177672
1.32721 1.9439 1.92252 0.0213785
1.33556 1.86201 1.83595 0.026064
1.34391 1.53127 1.51628 0.0149988
1.35225 1.68615 1.66713 0.0190273
1.3606 1.83617 1.8109 0.0252696
1.36895 1.21038 1.18303 0.0273511
1.3773 1.56192 1.52965 0.0322787
1.38564 1.6692 1.64577 0.0234261
1.39399 2.15768 2.13604 0.0216453
1.40234 1.8441 1.81815 0.0259542
1.41068 1.33326 1.30698 0.0262755
1.41903 1.70858 1.66877 0.0398122
1.42738 1.824 1.80393 0.0200716
1.43573 1.88263 1.86049 0.0221328
1.44407 1.51647 1.49312 0.0233472
1.45242 1.89319 1.86114 0.0320552
1.46077 2.2961 2.26514 0.0309591
1.46912 1.39374 1.36514 0.028595
1.47746 1.79523 1.77338 0.0218482
1.48581 1.2646 1.23894 0.0256613
1.49416 1.80328 1.76915 0.0341363
1.5025 2.23822 2.18989 0.0483293
1.51085 1.90183 1.87835 0.0234854
1.5192 2.53942 2.51109 0.0283287
1.52755 1.48878 1.44794 0.0408354
1.53589 1.53326 1.49549 0.0377749
1.54424 1.62336 1.59765 0.0257097
1.55259 1.50852 1.48217 0.0263423
1.56093 1.84561 1.81203 0.0335746
1.56928 1.843 1.81451 0.0284943
1.57763 1.73443 1.69713 0.037294
1.58598 2.12524 2.09959 0.0256487
1.59432 2.04177 2.0081 0.0336702
1.60267 1.59265 1.56262 0.0300302
1.61102 1.81906 1.77713 0.041927
1.61937 2.0366 2.0057 0.0309036
1.62771 1.8166 1.78587 0.0307331
1.63606 1.21035 1.18689 0.0234676
1.64441 1.52182 1.49223 0.0295976
1.65275 1.38787 1.35251 0.0353651
1.6611 2.2869 2.24651 0.0403883
1.66945 1.4624 1.43708 0.0253181
1.6778 1.58334 1.55608 0.027254
1.68614 1.62015 1.57995 0.0401971
1.69449 1.5985 1.56872 0.0297799
1.70284 1.52293 1.48742 0.0355104
1.71119 1.30445 1.27297 0.0314761
1.71953 1.9812 1.94888 0.0323149
1.72788 2.49868 2.47402 0.0246568
1.73623 1.69025 1.65199 0.0382547
1.74457 1.51615 1.48597 0.0301767
1.75292 1.66372 1.63006 0.0336535
1.76127 1.78581 1.74336 0.042442
1.76962 1.26356 1.22951 0.034052
1.77796 1.92317 1.89605 0.0271151
1.78631 1.632 1.59833 0.0336727
1.79466 1.88212 1.85896 0.0231575
1.80301 1.99646 1.95792 0.0385445
1.81135 1.92229 1.88902 0.0332672
1.8197 1.52604 1.48502 0.0410247
1.82805 2.17401 2.14069 0.0333198
1.83639 1.63326 1.59472 0.0385417
1.84474 1.81834 1.76775 0.0505916
1.85309 1.2106 1.18545 0.0251588
1.86144 1.04971 1.02305 0.0266535
1.86978 1.39359 1.35867 0.0349241
1.87813 1.61977 1.57785 0.0419174
1.88648 2.35187 2.32214 0.0297312
1.89482 1.25226 1.22459 0.027676
1.90317 1.77462 1.72673 0.0478886
1.91152 1.44005 1.40563 0.0344235
1.91987 1.6744 1.62817 0.0462329
1.92821 1.91675 1.88332 0.0334314
1.93656 1.91042 1.86599 0.044428
1.94491 2.45435 2.41592 0.0384309
1.95326 1.82208 1.79661 0.0254718
1.9616 1.82753 1.7981 0.0294265
1.96995 1.61165 1.57896 0.0326897
1.9783 1.96232 1.90763 0.0546819
1.98664 2.6682 2.63089 0.0373094
1.99499 2.14016 2.0958 0.0443537
2.00334 1.39553 1.34565 0.0498803
2.01169 2.08521 2.0333 0.0519112
2.02003 1.66099 1.62134 0.0396457
2.02838 2.87393 2.84131 0.0326163
2.03673 1.50604 1.47712 0.0289208
2.04508 1.74565 1.71533 0.0303261
2.05342 1.02509 0.974908 0.050184
2.06177 2.0568 2.01816 0.0386353
2.07012 1.41918 1.37257 0.0466058
2.07846 1.64182 1.61372 0.0281064
2.08681 1.5693 1.53386 0.0354398
2.09516 1.42148 1.39173 0.0297567
2.10351 1.76897 1.72721 0.0417592
2.11185 1.0661 1.02779 0.0383026
2.1202 1.82633 1.77724 0.0490887
2.12855 1.49864 1.46093 0.0377087
2.13689 1.65868 1.62798 0.0307028
2.14524 1.84744 1.80333 0.0441025
2.15359 1.58801 1.54132 0.0466898
2.16194 1.43064 1.3802 0.0504396
2.17028 1.2019 1.15487 0.0470295
2.17863 1.75986 1.70991 0.0499555
2.18698 1.23401 1.19701 0.0370022
2.19533 1.57743 1.5301 0.0473356
2.20367 2.03896 1.99643 0.0425271
2.21202 1.59841 1.54185 0.0565658
2.22037 1.37622 1.3331 0.0431196
2.22871 1.2982 1.25369 0.0445047
2.23706 2.7293 2.68507 0.0442296
2.24541 2.7292 2.68443 0.0447702
2.25376 1.41024 1.37043 0.0398018
2.2621 1.50531 1.4602 0.0451125
2.27045 1.79072 1.75612 0.0346079
2.2788 1.50049 1.45606 0.0444317
2.28715 1.16615 1.12597 0.0401891
2.29549 2.39768 2.35133 0.0463541
2.30384 1.82921 1.79216 0.0370534
2.31219 1.44793 1.4099 0.0380315
2.32053 1.63964 1.59765 0.0419948
2.32888 2.42888 2.39366 0.0352175
2.33723 0.974997 0.935281 0.0397158
2.34558 2.09259 2.04922 0.0433691
2.35392 2.56136 2.51988 0.0414774
2.36227 2.32272 2.2909 0.0318286
2.37062 1.8497 1.79597 0.053734
2.37896 1.96851 1.92206 0.0464552
2.38731 1.7234 1.68326 0.0401398
2.39566 1.77089 1.73523 0.035659
2.40401 1.45277 1.41281 0.0399569
2.41235 1.61131 1.56886 0.0424466
2.4207 1.8537 1.8085 0.0451971
2.42905 1.39771 1.35514 0.0425684
2.4374 2.01632 1.96737 0.0489523
2.44574 2.21612 2.17482 0.0413031
2.45409 1.61961 1.56554 0.0540669
2.46244 1.52324 1.47442 0.0488163
2.47078 1.82561 1.79522 0.0303911
2.47913 1.66683 1.6209 0.0459256
2.48748 1.08493 1.03562 0.0493142
2.49583 1.71348 1.66425 0.0492274
2.50417 1.46307 1.4305 0.0325759
2.51252 2.08116 2.03955 0.0416155
2.52087 1.97367 1.93578 0.0378831
2.52922 1.03198 0.973399 0.0585816
2.53756 1.91692 1.86751 0.0494105
2.54591 2.18255 2.14274 0.039808
2.55426 1.78896 1.74874 0.0402296
2.5626 2.04376 2.00604 0.0377266
2.57095 1.90321 1.84045 0.0627642
2.5793 1.25169 1.19779 0.0539006
2.58765 2.73244 2.68638 0.0460629
2.59599 1.98428 1.92982 0.0544681
2.60434 2.3235 2.28282 0.0406737
2.61269 2.41448 2.36862 0.0458574
2.62104 2.07969 2.03645 0.0432411
2.62938 1.5822 1.54528 0.0369201
2.63773 1.93038 1.88756 0.0428184
2.64608 2.74081 2.68853 0.0522821
2.65442 1.9594 1.92458 0.0348238
2.66277 2.26818 2.23087 0.0373071
2.67112 2.13301 2.07897 0.0540345
2.67947 1.50039 1.46555 0.0348376
2.68781 2.21979 2.16808 0.0517172
2.69616 1.49991 1.45674 0.0431668
2.70451 1.09011 1.05396 0.036147
2.71285 1.37937 1.32377 0.0555994
2.7212 1.91079 1.87028 0.0405149
2.72955 1.92321 1.88246 0.0407471
2.7379 1.45176 1.41025 0.0415107
2.74624 2.22117 2.17141 0.0497591
2.75459 1.15318 1.09694 0.0562348
2.76294 2.1002 2.05626 0.0439335
2.77129 1.81378 1.77499 0.0387928
2.77963 1.93158 1.87072 0.0608567
2.78798 0.905649 0.858589 0.0470601
2.79633 1.92896 1.89177 0.0371903
2.80467 1.30581 1.24697 0.0588419
2.81302 0.917471 0.861608 0.0558627
2.82137 2.60443 2.55325 0.0511789
2.82972 1.80796 1.76227 0.0456894
2.83806 1.49315 1.43219 0.0609581
2.84641 1.70087 1.63439 0.0664792
2.85476 1.39593 1.35273 0.0432013
2.86311 1.61501 1.56924 0.0457647
2.87145 1.62397 1.56991 0.0540656
2.8798 2.55661 2.50458 0.0520295
2.88815 1.47604 1.43269 0.043348
2.89649 2.03408 1.97813 0.0559458
2.90484 2.31119 2.266 0.0451962
2.91319 1.83554 1.7985 0.0370439
2.92154 1.17105 1.11894 0.0521088
2.92988 1.41499 1.3679 0.0470963
2.93823 2.11244 2.0677 0.0447342
2.94658 1.58104 1.51956 0.0614773
2.95492 1.96273 1.92742 0.0353195
2.96327 2.31553 2.26637 0.0491682
2.97162 1.64371 1.59192 0.0517936
2.97997 1.8524 1.81524 0.0371589
2.98831 1.80633 1.7673 0.0390267
2.99666 1.98968 1.94234 0.0473424
3.00501 1.62299 1.55196 0.071028
3.01336 1.44913 1.4167 0.0324256
3.0217 1.59352 1.54572 0.0478
3.03005 1.24546 1.20814 0.0373163
3.0384 1.73375 1.68583 0.0479213
3.04674 2.13764 2.08645 0.0511899
3.05509 1.45898 1.41871 0.040269
3.06344 1.77875 1.73236 0.0463835
3.07179 2.06998 2.03128 0.0386959
3.08013 1.37125 1.32756 0.0436821
3.08848 2.89103 2.84715 0.043884
3.09683 0.91423 0.865178 0.0490516
3.10518 2.58394 2.53167 0.0522647
3.11352 2.31889 2.25997 0.0589127
3.12187 1.45443 1.40371 0.0507157
3.13022 1.55479 1.51306 0.041727
3.13856 2.02862 1.98513 0.0434915
3.14691 1.30272 1.25101 0.051707
3.15526 1.67192 1.63368 0.0382355
3.16361 1.618 1.57451 0.0434832
3.17195 0.658832 0.617896 0.0409361
3.1803 2.23155 2.16534 0.0662148
3.18865 1.18108 1.11601 0.0650781
3.19699 1.41065 1.37028 0.0403642
3.20534 1.34626 1.29014 0.05612
3.21369 1.64379 1.5778 0.0659908
3.22204 1.27152 1.23027 0.0412504
3.23038 2.55294 2.49936 0.0535805
3.23873 1.58764 1.54521 0.0424255
3.24708 2.21768 2.18752 0.0301602
3.25543 1.78783 1.75507 0.0327624
3.26377 1.84686 1.7661 0.0807606
3.27212 1.00487 0.955299 0.0495685
3.28047 1.64888 1.59702 0.0518646
3.28881 1.39397 1.34978 0.044189
3.29716 1.52455 1.46505 0.0594995
3.30551 1.18308 1.13078 0.0522972
3.31386 2.83514 2.80501 0.0301226
3.3222 2.11947 2.06399 0.0554873
3.33055 1.76516 1.72081 0.0443477
3.3389 3.13461 3.08115 0.0534601
3.34725 1.30309 1.25552 0.0475693
3.35559 1.78956 1.72459 0.0649717
3.36394 2.16851 2.11116 0.05735
3.37229 3.59547 3.54551 0.0499621
3.38063 1.65886 1.60659 0.0522738
3.38898 2.186 2.12575 0.0602528
3.39733 2.04765 2.00776 0.0398897
3.40568 1.47101 1.42032 0.0506843
3.41402 1.68469 1.63063 0.0540582
3.42237 1.14478 1.09291 0.051864
3.43072 2.54968 2.50883 0.0408457
3.43907 1.53614 1.48078 0.0553632
3.44741 2.64627 2.59352 0.0527516
3.45576 1.52472 1.48946 0.0352592
3.46411 3.35951 3.31585 0.0436583
3.47245 2.90499 2.84974 0.0552432
3.4808 2.51061 2.46597 0.0446388
3.48915 1.3897 1.35095 0.0387561
3.4975 1.21956 1.17169 0.0478643
3.50584 2.25309 2.19464 0.0584505
3.51419 2.85997 2.819 0.040975
3.52254 1.2975 1.24385 0.0536506
3.53088 1.73403 1.6896 0.0444298
3.53923 1.49076 1.44111 0.0496485
3.54758 2.09051 2.03693 0.0535816
3.55593 2.41075 2.36172 0.0490348
3.56427 1.19691 1.14014 0.0567757
3.57262 2.37646 2.33913 0.0373226
3.58097 1.89728 1.85868 0.0386003
3.58932 1.53333 1.49579 0.0375422
3.59766 2.72069 2.668 0.0526839
3.60601 1.476 1.41627 0.0597251
3.61436 2.26689 2.22946 0.0374257
3.6227 1.17081 1.12536 0.0454466
3.63105 1.95574 1.91396 0.0417848
3.6394 1.53954 1.49007 0.0494641
3.64775 1.42195 1.35844 0.0635076
3.65609 1.21987 1.16431 0.0555607
3.66444 1.50318 1.44609 0.0570873
3.67279 1.4034 1.37139 0.0320055
3.68114 0.871721 0.805355 0.0663662
3.68948 1.45977 1.42244 0.0373206
3.69783 1.80507 1.76839 0.0366851
3.70618 1.52775 1.47911 0.0486482
3.71452 1.58643 1.54128 0.0451514
3.72287 2.36374 2.31371 0.0500307
3.73122 1.69317 1.64903 0.0441425
3.73957 1.05256 1.00141 0.0511477
3.74791 1.34526 1.29265 0.0526079
3.75626 1.58639 1.53236 0.0540308
3.76461 1.354 1.31695 0.037047
3.77295 1.73371 1.68397 0.0497403
3.7813 2.62019 2.58262 0.0375748
3.78965 2.6447 2.58736 0.0573455
3.798 2.62101 2.56467 0.0563472
3.80634 2.57305 2.51625 0.0568024
3.81469 1.7285 1.6814 0.0471018
3.82304 1.25151 1.20095 0.0505659
3.83139 1.88105 1.83674 0.0443119
3.83973 2.06432 2.00814 0.0561863
3.84808 1.28721 1.23183 0.055385
3.85643 1.56034 1.51528 0.0450569
3.86477 1.10385 1.05273 0.0511238
3.87312 1.79711 1.747 0.050112
3.88147 2.43281 2.38942 0.0433914
3.88982 1.1135 1.06969 0.0438028
3.89816 1.26544 1.20229 0.0631436
3.90651 1.2091 1.16954 0.0395608
3.91486 1.79307 1.75332 0.039744
3.92321 1.98926 1.92341 0.0658508
3.93155 1.38951 1.34527 0.044238
3.9399 1.89413 1.85902 0.0351075
3.94825 1.11184 1.03827 0.0735765
3.95659 1.22953 1.17173 0.0578025
3.96494 1.33017 1.28644 0.0437326
3.97329 1.99457 1.94875 0.0458189
3.98164 1.30337 1.25968 0.0436911
3.98998 2.83111 2.77265 0.0584616
3.99833 2.54573 2.50346 0.0422667
4.00668 1.28206 1.22334 0.0587114
4.01503 1.4805 1.42381 0.0566904
4.02337 2.14838 2.10264 0.0457423
4.03172 3.19932 3.15368 0.0456366
4.04007 2.40076 2.3607 0.0400597
4.04841 1.22809 1.18853 0.0395637
4.05676 1.14805 1.09156 0.0564872
4.06511 1.02236 0.987636 0.0347252
4.07346 0.843737 0.786685 0.0570516
4.0818 1.4372 1.39247 0.0447245
4.09015 1.64328 1.58607 0.057216
4.0985 1.10008 1.06476 0.0353209
4.10684 1.56035 1.51521 0.0451337
4.11519 1.40732 1.34648 0.0608385
4.12354 1.2372 1.19303 0.0441716
4.13189 1.48818 1.42837 0.0598049
4.14023 1.3473 1.30565 0.0416432
4.14858 1.24013 1.20142 0.0387157
4.15693 1.60605 1.56202 0.044035
4.16528 1.30968 1.25735 0.0523291
4.17362 2.44259 2.37731 0.0652764
4.18197 1.98779 1.94231 0.0454739
4.19032 0.991052 0.942475 0.0485764
4.19866 1.16343 1.12841 0.035026
4.20701 2.54371 2.49684 0.046874
4.21536 1.31638 1.25332 0.0630514
4.22371 1.29949 1.25377 0.0457214
4.23205 1.10132 1.04231 0.0590017
4.2404 1.90059 1.85339 0.0471945
4.24875 1.87807 1.82331 0.054756
4.2571 0.988814 0.936165 0.0526495
4.26544 1.45327 1.41211 0.0411566
4.27379 1.63351 1.59248 0.0410268
4.28214 1.71295 1.65984 0.0531132
4.29048 2.01375 1.97103 0.0427227
4.29883 1.91351 1.82746 0.0860457
4.30718 1.64445 1.58725 0.0572049
4.31553 2.05612 1.99267 0.0634494
4.32387 1.05288 1.00647 0.0464102
4.33222 2.28706 2.25795 0.0291082
4.34057 2.14551 2.07279 0.0727199
4.34891 2.30505 2.24972 0.0553223
4.35726 1.3846 1.33947 0.0451226
4.36561 1.25344 1.21157 0.0418692
4.37396 1.19618 1.15797 0.0382093
4.3823 1.20401 1.16637 0.0376367
4.39065 2.08574 2.01755 0.0681895
4.399 1.38083 1.34265 0.0381785
4.40735 0.84778 0.792455 0.0553259
4.41569 1.43412 1.38884 0.0452834
4.42404 1.85889 1.82012 0.0387736
4.43239 1.8625 1.81574 0.0467641
4.44073 2.75543 2.69551 0.0599231
4.44908 1.47273 1.41962 0.0531131
4.45743 1.48984 1.44855 0.0412926
4.46578 1.42011 1.376 0.0441068
4.47412 1.22933 1.18302 0.046314
4.48247 1.38471 1.327 0.0577167
4.49082 1.65765 1.59435 0.0632962
4.49917 2.14421 2.10328 0.0409343
4.50751 1.57275 1.52872 0.0440365
4.51586 1.20344 1.14481 0.0586273
4.52421 2.16275 2.10912 0.0536298
4.53255 1.3215 1.25641 0.0650959
4.5409 1.60927 1.55509 0.0541812
4.54925 1.89628 1.86528 0.0310039
4.5576 0.938129 0.874452 0.0636766
4.56594 2.06205 2.02102 0.0410347
4.57429 2.84233 2.81354 0.0287876
4.58264 1.24867 1.20835 0.0403234
4.59098 1.67129 1.61718 0.0541034
4.59933 2.34659 2.29643 0.0501547
4.60768 1.61305 1.55962 0.0534244
4.61603 0.723248 0.659776 0.0634722
4.62437 2.41587 2.38218 0.0336818
4.63272 1.11229 1.04914 0.0631545
4.64107 1.26577 1.19206 0.0737091
4.64942 1.71578 1.66257 0.0532126
4.65776 1.56653 1.52506 0.0414663
4.66611 1.06795 1.01525 0.0526939
4.67446 2.30342 2.25132 0.0520969
4.6828 2.31028 2.26114 0.0491403
4.69115 1.22564 1.19978 0.0258582
4.6995 1.84955 1.81014 0.0394143
4.70785 1.53368 1.47688 0.0568027
4.71619 1.59455 1.55912 0.0354349
4.72454 1.30885 1.23596 0.0728882
4.73289 1.84968 1.80507 0.0446126
4.74124 2.08998 2.05101 0.0389747
4.74958 1.14918 1.0816 0.0675732
4.75793 1.58789 1.52645 0.0614408
4.76628 1.39114 1.34555 0.0455907
4.77462 2.19788 2.144 0.0538836
4.78297 2.05941 2.01684 0.0425638
4.79132 1.48533 1.39101 0.0943211
4.79967 3.12139 3.07818 0.0432111
4.80801 1.59664 1.55078 0.0458537
4.81636 2.10264 2.04798 0.0546611
4.82471 2.222 2.16426 0.0577381
4.83306 2.37319 2.31216 0.0610234
4.8414 2.4644 2.39001 0.0743946
4.84975 2.40367 2.35118 0.0524929
4.8581 1.94457 1.90589 0.0386804
4.86644 1.35301 1.3003 0.0527078
4.87479 1.42488 1.39196 0.0329122
4.88314 1.52585 1.4708 0.055049
4.89149 2.4946 2.45265 0.0419549
4.89983 1.53451 1.48862 0.0458923
4.90818 1.68435 1.63548 0.0488774
4.91653 1.67571 1.63551 0.0402002
4.92487 2.53837 2.47401 0.064362
4.93322 2.74274 2.70242 0.040321
4.94157 1.52283 1.46982 0.0530047
4.94992 2.37212 2.29558 0.0765383
4.95826 2.77265 2.70895 0.0636943
4.96661 1.20779 1.16214 0.0456526
4.97496 2.21663 2.17855 0.0380787
4.98331 1.36037 1.31237 0.0480034
4.99165 1.29185 1.23909 0.0527649
5 2.17223 2.12777 0.0444618
