#1-Q [GeV] 2--dN/dQdY [GeV-1] 3--dN_{PreEq}/dQdY [GeV-1] 3--dN_{Hydro}/dQdY [GeV-1]
0 0 0 0
0.04004 0.242365 0.242365 0
0.0800801 0.365083 0.365083 0
0.12012 0.253814 0.253814 0
0.16016 0.590538 0.590538 0
0.2002 0.657184 0.657184 0
0.24024 0.525628 0.525628 0
0.28028 0.921282 0.921282 0
0.32032 0.661476 0.661476 0
0.36036 0.885825 0.885825 0
0.4004 0.643275 0.643275 0
0.44044 1.06227 1.06227 0
0.48048 0.57311 0.57311 0
0.520521 0.7609 0.7609 0
0.560561 0.773171 0.773171 0
0.600601 0.939607 0.939607 0
0.640641 1.16261 1.16261 0
0.680681 0.972191 0.972191 0
0.720721 0.809474 0.809474 0
0.760761 0.725827 0.725827 0
0.800801 0.825505 0.825505 0
0.840841 1.17976 1.17976 0
0.880881 1.00375 1.00375 0
0.920921 1.00706 1.00706 0
0.960961 0.935484 0.935484 0
1.001 0.952275 0.952275 0
1.04104 0.752498 0.752498 0
1.08108 0.774241 0.774241 0
1.12112 1.05385 1.05385 0
1.16116 0.908436 0.908436 0
1.2012 1.13794 1.13794 0
1.24124 1.15408 1.15408 0
1.28128 0.817115 0.817115 0
1.32132 1.26157 1.26157 0
1.36136 1.18287 1.18287 0
1.4014 0.944505 0.944505 0
1.44144 0.673484 0.673484 0
1.48148 1.06506 1.06506 0
1.52152 0.968642 0.968642 0
1.56156 1.10782 1.10782 0
1.6016 0.947895 0.947895 0
1.64164 0.679224 0.679224 0
1.68168 0.558631 0.558631 0
1.72172 0.657121 0.657121 0
1.76176 1.31277 1.31277 0
1.8018 1.15756 1.15756 0
1.84184 0.668528 0.668528 0
1.88188 1.12258 1.12258 0
1.92192 0.72613 0.72613 0
1.96196 1.99036 1.99036 0
2.002 1.39486 1.39486 0
2.04204 0.716373 0.716373 0
2.08208 0.759033 0.759033 0
2.12212 1.36445 1.36445 0
2.16216 0.599442 0.599442 0
2.2022 1.37714 1.37714 0
2.24224 0.914856 0.914856 0
2.28228 0.881107 0.881107 0
2.32232 0.797365 0.797365 0
2.36236 1.2724 1.2724 0
2.4024 0.999245 0.999245 0
2.44244 1.35149 1.35149 0
2.48248 0.943591 0.943591 0
2.52252 1.32449 1.32449 0
2.56256 0.604728 0.604728 0
2.6026 0.791176 0.791176 0
2.64264 0.833238 0.833238 0
2.68268 0.798341 0.798341 0
2.72272 0.658507 0.658507 0
2.76276 0.929335 0.929335 0
2.8028 0.80521 0.80521 0
2.84284 0.871526 0.871526 0
2.88288 0.909396 0.909396 0
2.92292 0.771965 0.771965 0
2.96296 0.935595 0.935595 0
3.003 0.486204 0.486204 0
3.04304 2.02279 2.02278 9.06597e-06
3.08308 1.08503 1.08501 2.39856e-05
3.12312 1.43699 1.4368 0.000181114
3.16316 0.836757 0.836633 0.000124152
3.2032 1.19931 1.19812 0.00119027
3.24324 0.853848 0.85274 0.00110831
3.28328 0.828735 0.82768 0.00105548
3.32332 0.894506 0.893864 0.000642018
3.36336 0.855277 0.854856 0.00042045
3.4034 1.64926 1.64761 0.00165666
3.44344 0.429736 0.428973 0.000762998
3.48348 1.60152 1.59959 0.00192765
3.52352 0.89507 0.894176 0.000893258
3.56356 1.46972 1.46883 0.000893736
3.6036 1.01843 1.01713 0.00130065
3.64364 1.04727 1.04362 0.00364635
3.68368 0.561752 0.560142 0.00160973
3.72372 1.07199 1.07035 0.00164682
3.76376 0.500019 0.498721 0.00129773
3.8038 0.777581 0.775937 0.00164454
3.84384 0.542136 0.541098 0.00103842
3.88388 0.770544 0.768998 0.00154632
3.92392 0.612235 0.609886 0.00234882
3.96396 0.793264 0.792275 0.00098879
4.004 1.2415 1.23985 0.00164574
4.04404 0.827151 0.825466 0.00168477
4.08408 1.30005 1.2969 0.00314766
4.12412 0.608847 0.607389 0.0014574
4.16416 0.891517 0.889217 0.00230019
4.2042 1.05924 1.05725 0.00199284
4.24424 0.774833 0.771688 0.00314498
4.28428 1.55654 1.55462 0.00192772
4.32432 0.948646 0.946474 0.00217254
4.36436 1.40266 1.40112 0.0015357
4.4044 0.962405 0.960193 0.00221111
4.44444 0.815196 0.81264 0.00255691
4.48448 1.26419 1.25978 0.00441158
4.52452 2.50401 2.50268 0.00133709
4.56456 0.546909 0.543766 0.00314378
4.6046 1.74258 1.74079 0.00178921
4.64464 1.52599 1.52368 0.00230717
4.68468 0.799741 0.797387 0.00235369
4.72472 1.95569 1.95292 0.00277085
4.76476 0.325206 0.322756 0.00244974
4.8048 1.11837 1.11682 0.00154702
4.84484 1.76296 1.75946 0.00350054
4.88488 0.930576 0.927135 0.00344122
4.92492 1.38314 1.37933 0.00381804
4.96496 1.38237 1.3778 0.00456633
5.00501 1.23828 1.23577 0.00250199
5.04505 1.1712 1.16872 0.00248612
5.08509 0.783417 0.778906 0.00451046
5.12513 1.22654 1.2245 0.00203972
5.16517 0.780067 0.77829 0.00177743
5.20521 0.590612 0.588199 0.00241221
5.24525 0.6677 0.664887 0.00281256
5.28529 0.98804 0.9847 0.00333992
5.32533 0.67802 0.674766 0.00325372
5.36537 1.21221 1.20926 0.00294616
5.40541 0.851764 0.84989 0.00187401
5.44545 1.38954 1.38663 0.00290775
5.48549 0.480727 0.477876 0.00285098
5.52553 0.69375 0.689443 0.00430711
5.56557 0.716505 0.713497 0.00300814
5.60561 0.621967 0.618159 0.0038089
5.64565 1.32432 1.32234 0.00197768
5.68569 0.573111 0.570226 0.00288512
5.72573 0.779483 0.77503 0.00445323
5.76577 0.244722 0.241722 0.00300044
5.80581 0.87047 0.867962 0.00250746
5.84585 0.712652 0.709671 0.00298045
5.88589 0.876456 0.871769 0.00468767
5.92593 1.64333 1.64098 0.00234706
5.96597 0.800678 0.799134 0.00154356
6.00601 1.23075 1.22638 0.00436384
6.04605 0.831213 0.825759 0.00545375
6.08609 0.732847 0.730631 0.00221615
6.12613 0.948061 0.944137 0.00392349
6.16617 0.460406 0.454329 0.00607728
6.20621 1.11622 1.11285 0.00337035
6.24625 0.783611 0.778676 0.00493496
6.28629 0.432171 0.429241 0.00293015
6.32633 1.72809 1.72549 0.00260368
6.36637 0.682481 0.678369 0.00411188
6.40641 1.6887 1.68615 0.00254862
6.44645 0.560912 0.558779 0.00213311
6.48649 0.393499 0.391555 0.00194437
6.52653 1.04895 1.04578 0.003173
6.56657 1.01497 1.01004 0.00493096
6.60661 0.470598 0.467716 0.0028822
6.64665 0.733788 0.728898 0.0048896
6.68669 0.552926 0.550972 0.00195432
6.72673 0.697161 0.694485 0.00267626
6.76677 0.980163 0.97776 0.0024026
6.80681 1.04778 1.04164 0.00613892
6.84685 0.783974 0.780988 0.00298563
6.88689 1.2314 1.22934 0.00206233
6.92693 1.66309 1.65991 0.00317851
6.96697 0.988917 0.986259 0.00265721
7.00701 1.59482 1.59092 0.00389879
7.04705 1.02339 1.02033 0.0030586
7.08709 1.02294 1.01686 0.00608359
7.12713 1.14265 1.13842 0.00423327
7.16717 1.3138 1.3117 0.002102
7.20721 0.89877 0.895126 0.00364357
7.24725 0.949984 0.947259 0.00272562
7.28729 1.02042 1.01549 0.00493128
7.32733 1.12736 1.1242 0.00316091
7.36737 2.07541 2.07094 0.00446912
7.40741 1.21686 1.21418 0.00267621
7.44745 0.650562 0.6481 0.0024623
7.48749 0.91988 0.917101 0.00277873
7.52753 0.927667 0.923688 0.00397944
7.56757 1.28674 1.28353 0.0032112
7.60761 0.724893 0.721734 0.00315901
7.64765 0.529951 0.523826 0.00612458
7.68769 0.58927 0.584614 0.00465616
7.72773 0.578613 0.574156 0.0044567
7.76777 0.646514 0.642936 0.0035782
7.80781 0.580235 0.576599 0.00363644
7.84785 0.882429 0.879809 0.00261998
7.88789 1.27263 1.27026 0.00236654
7.92793 0.861111 0.855829 0.00528145
7.96797 0.517383 0.514538 0.00284512
8.00801 1.41151 1.40697 0.00453565
8.04805 0.609664 0.605048 0.00461619
8.08809 0.80759 0.805749 0.00184137
8.12813 0.702187 0.699496 0.00269148
8.16817 0.614238 0.611333 0.00290554
8.20821 0.684041 0.680875 0.00316639
8.24825 1.29596 1.29349 0.00246577
8.28829 2.06412 2.06132 0.00279667
8.32833 1.02276 1.01926 0.00350636
8.36837 1.13944 1.13623 0.00321002
8.40841 0.601256 0.59852 0.0027368
8.44845 1.47566 1.47333 0.00233275
8.48849 0.512425 0.506004 0.00642093
8.52853 0.463931 0.460591 0.00333992
8.56857 1.09335 1.09075 0.00259289
8.60861 0.414149 0.412066 0.00208336
8.64865 1.16961 1.16345 0.00616028
8.68869 2.64417 2.64157 0.00259709
8.72873 0.824478 0.822502 0.00197516
8.76877 1.07585 1.07317 0.00267969
8.80881 1.11481 1.11226 0.00255605
8.84885 0.849652 0.844864 0.00478764
8.88889 1.4868 1.48499 0.00180855
8.92893 1.29346 1.2898 0.00366199
8.96897 0.387582 0.381559 0.00602269
9.00901 0.289131 0.282569 0.00656168
9.04905 0.832284 0.827785 0.00449924
9.08909 1.27918 1.27697 0.0022093
9.12913 1.01842 1.01437 0.00404881
9.16917 0.958195 0.955019 0.00317624
9.20921 1.17628 1.17297 0.00330921
9.24925 0.862286 0.856866 0.0054198
9.28929 0.658501 0.652838 0.00566299
9.32933 0.573383 0.568281 0.00510267
9.36937 0.552689 0.550199 0.00248973
9.40941 0.762453 0.759618 0.00283558
9.44945 1.25264 1.24999 0.00264791
9.48949 0.624583 0.621757 0.00282628
9.52953 0.700775 0.697903 0.00287214
9.56957 0.483947 0.480368 0.00357929
9.60961 1.31047 1.30549 0.0049718
9.64965 0.748659 0.746274 0.00238516
9.68969 1.93471 1.93378 0.000924586
9.72973 1.04334 1.04097 0.00236514
9.76977 0.750438 0.74885 0.00158803
9.80981 0.373131 0.368959 0.00417226
9.84985 0.589387 0.585134 0.0042533
9.88989 0.816074 0.813556 0.00251771
9.92993 1.2714 1.26997 0.00142311
9.96997 0.954807 0.952686 0.00212104
10.01 0.918326 0.915332 0.00299444
10.0501 0.73219 0.727436 0.00475376
10.0901 0.919819 0.91331 0.00650898
10.1301 0.555447 0.554001 0.00144653
10.1702 1.78649 1.7829 0.00358357
10.2102 0.271319 0.267761 0.00355773
10.2503 0.373565 0.370964 0.00260073
10.2903 2.43634 2.4329 0.00343196
10.3303 1.33658 1.33391 0.00267161
10.3704 1.21139 1.20945 0.00193296
10.4104 1.54603 1.54338 0.00265612
10.4505 0.609893 0.60664 0.00325264
10.4905 0.719077 0.714804 0.00427288
10.5305 0.410014 0.407268 0.00274641
10.5706 0.950782 0.946753 0.00402891
10.6106 0.326983 0.323261 0.00372185
10.6507 1.37829 1.37457 0.00372675
10.6907 1.20228 1.19561 0.00666512
10.7307 1.44163 1.43741 0.00422506
10.7708 2.4377 2.43551 0.00218632
10.8108 0.621221 0.618425 0.00279654
10.8509 0.551433 0.546996 0.00443691
10.8909 1.27284 1.27008 0.00275764
10.9309 0.200486 0.196859 0.00362718
10.971 0.573967 0.570592 0.0033752
11.011 1.70738 1.70327 0.00411224
11.0511 0.648371 0.64626 0.0021111
11.0911 0.340341 0.33361 0.0067304
11.1311 1.33139 1.32428 0.007114
11.1712 2.15074 2.14886 0.00188116
11.2112 0.417574 0.415202 0.00237213
11.2513 1.21412 1.21123 0.00289633
11.2913 0.472193 0.4697 0.00249299
11.3313 0.453487 0.448856 0.00463146
11.3714 1.82215 1.81844 0.00371476
11.4114 0.893647 0.88999 0.00365674
11.4515 1.64995 1.64779 0.00216704
11.4915 1.39267 1.38777 0.0049045
11.5315 0.884432 0.882637 0.00179484
11.5716 0.708622 0.702161 0.00646135
11.6116 0.926831 0.924288 0.0025433
11.6517 0.987543 0.98564 0.00190299
11.6917 0.479392 0.476958 0.00243416
11.7317 0.453605 0.448751 0.00485346
11.7718 0.896335 0.892517 0.00381815
11.8118 0.895871 0.891824 0.0040463
11.8519 1.96883 1.96642 0.00240645
11.8919 1.01455 1.01081 0.00373821
11.9319 2.48304 2.47864 0.00439826
11.972 0.845536 0.841057 0.00447945
12.012 0.822584 0.818879 0.00370498
12.0521 0.521455 0.519606 0.00184972
12.0921 0.406526 0.401704 0.00482194
12.1321 0.409662 0.406037 0.00362545
12.1722 0.520399 0.51527 0.00512915
12.2122 0.600047 0.596384 0.00366323
12.2523 0.645481 0.64222 0.00326109
12.2923 0.970053 0.965458 0.0045954
12.3323 0.195232 0.188277 0.00695544
12.3724 1.34718 1.34413 0.0030559
12.4124 0.837028 0.832452 0.0045762
12.4525 0.870807 0.868208 0.00259885
12.4925 2.24248 2.23903 0.00344719
12.5325 1.25107 1.24912 0.0019511
12.5726 0.70593 0.700421 0.00550892
12.6126 0.515136 0.510326 0.00481016
12.6527 1.44087 1.43733 0.00353592
12.6927 1.1012 1.09869 0.00250712
12.7327 2.05997 2.05808 0.00188371
12.7728 1.68042 1.67527 0.0051577
12.8128 0.291022 0.287819 0.00320363
12.8529 1.12313 1.11528 0.00784579
12.8929 1.0665 1.06193 0.0045638
12.9329 0.808232 0.806431 0.00180122
12.973 0.887261 0.884502 0.00275924
13.013 0.313443 0.309898 0.00354496
13.0531 0.528163 0.526451 0.0017125
13.0931 0.484191 0.482063 0.00212798
13.1331 1.94262 1.93746 0.00516064
13.1732 1.7617 1.75733 0.00437507
13.2132 1.42359 1.42171 0.00187964
13.2533 0.232201 0.230773 0.001428
13.2933 0.995785 0.991094 0.0046904
13.3333 1.49523 1.49195 0.00327445
13.3734 1.7821 1.77873 0.00337036
13.4134 0.813811 0.811976 0.00183439
13.4535 0.526184 0.521165 0.00501873
13.4935 0.599095 0.594198 0.00489703
13.5335 1.37049 1.36827 0.00221402
13.5736 1.48641 1.48103 0.00538034
13.6136 0.599026 0.594315 0.00471024
13.6537 0.399888 0.397035 0.00285292
13.6937 0.617066 0.612008 0.00505765
13.7337 2.77524 2.77015 0.00509017
13.7738 1.64663 1.64361 0.00301664
13.8138 0.785302 0.782073 0.00322868
13.8539 1.10931 1.10312 0.00619172
13.8939 0.281347 0.277905 0.00344166
13.9339 0.230691 0.227334 0.00335668
13.974 0.313578 0.311191 0.00238653
14.014 0.477105 0.472606 0.00449912
14.0541 0.197158 0.194977 0.00218161
14.0941 0.760683 0.757391 0.00329167
14.1341 1.06993 1.06734 0.0025908
14.1742 0.580262 0.577414 0.0028485
14.2142 1.05378 1.05145 0.0023349
14.2543 0.892638 0.889651 0.00298682
14.2943 1.41273 1.40933 0.00339555
14.3343 0.55003 0.546448 0.00358259
14.3744 1.73044 1.72733 0.00311795
14.4144 0.415893 0.409425 0.00646838
14.4545 0.425085 0.422103 0.00298223
14.4945 1.14417 1.14136 0.0028103
14.5345 1.8529 1.85085 0.0020466
14.5746 0.487224 0.4827 0.00452408
14.6146 0.189492 0.186954 0.00253758
14.6547 0.836584 0.83477 0.00181376
14.6947 0.864245 0.861713 0.00253193
14.7347 0.727339 0.721812 0.00552627
14.7748 0.692335 0.6892 0.00313552
14.8148 4.81239 4.80822 0.00416819
14.8549 0.485885 0.483646 0.0022387
14.8949 0.911599 0.908505 0.00309377
14.9349 0.203499 0.196791 0.00670786
14.975 0.708938 0.706552 0.00238605
15.015 1.53314 1.52814 0.00500119
15.0551 1.03812 1.03359 0.00452874
15.0951 1.83061 1.8283 0.00231341
15.1351 0.497638 0.495192 0.00244657
15.1752 0.958522 0.954916 0.00360642
15.2152 0.541388 0.539324 0.00206328
15.2553 2.46785 2.4615 0.00634882
15.2953 0.620413 0.619385 0.00102783
15.3353 0.651228 0.648849 0.00237925
15.3754 0.558678 0.555269 0.00340899
15.4154 0.963316 0.960577 0.00273921
15.4555 0.857912 0.856533 0.0013791
15.4955 0.373416 0.371638 0.00177797
15.5355 0.386585 0.382103 0.00448273
15.5756 0.403003 0.399572 0.00343118
15.6156 0.598472 0.595479 0.00299231
15.6557 0.386787 0.382817 0.00397029
15.6957 1.82834 1.82514 0.00320176
15.7357 0.577038 0.575932 0.00110633
15.7758 0.330811 0.328537 0.00227383
15.8158 0.774919 0.76816 0.00675924
15.8559 1.2995 1.2977 0.00180199
15.8959 0.513754 0.511191 0.00256275
15.9359 0.652285 0.650472 0.00181266
15.976 0.410767 0.406026 0.00474145
16.016 0.371153 0.3694 0.00175248
16.0561 1.7591 1.75669 0.00240785
16.0961 0.435355 0.433068 0.00228785
16.1361 1.13006 1.12529 0.00476385
16.1762 0.580311 0.577399 0.00291109
16.2162 0.328254 0.327012 0.00124155
16.2563 0.291433 0.288364 0.00306834
16.2963 0.406939 0.404511 0.00242832
16.3363 0.864101 0.858836 0.00526502
16.3764 0.559103 0.554059 0.00504409
16.4164 2.10036 2.0979 0.00245317
16.4565 3.80939 3.8055 0.00389253
16.4965 1.60394 1.59868 0.00526199
16.5365 1.68796 1.68529 0.00267205
16.5766 1.04348 1.03933 0.00414941
16.6166 1.18867 1.18455 0.0041221
16.6567 0.718998 0.715379 0.00361901
16.6967 0.366044 0.360484 0.00555986
16.7367 0.644147 0.642229 0.00191824
16.7768 0.445299 0.442791 0.0025084
16.8168 0.935009 0.928932 0.00607644
16.8569 1.06377 1.05806 0.0057075
16.8969 0.802779 0.796316 0.00646238
16.9369 1.77051 1.76741 0.00310293
16.977 0.664581 0.661322 0.00325846
17.017 0.671489 0.669868 0.00162175
17.0571 0.747192 0.744067 0.0031251
17.0971 1.34339 1.33968 0.00371358
17.1371 0.351968 0.347309 0.00465864
17.1772 0.945546 0.942541 0.0030057
17.2172 1.25179 1.24884 0.00294974
17.2573 0.257599 0.254139 0.00346016
17.2973 1.40507 1.4032 0.00187072
17.3373 0.657978 0.654106 0.0038724
17.3774 0.53447 0.526649 0.00782063
17.4174 0.231878 0.229169 0.002709
17.4575 0.424135 0.420098 0.00403745
17.4975 0.476529 0.474051 0.00247768
17.5375 1.22311 1.22137 0.00174808
17.5776 3.24692 3.24498 0.00194091
17.6176 0.657773 0.653913 0.00385974
17.6577 1.13498 1.13166 0.00331571
17.6977 1.60007 1.59724 0.00283292
17.7377 1.19142 1.18903 0.00238798
17.7778 0.5458 0.54312 0.00267989
17.8178 0.568059 0.565794 0.00226499
17.8579 0.443918 0.441363 0.00255461
17.8979 1.34208 1.33527 0.0068164
17.9379 2.60528 2.6033 0.00197551
17.978 1.86432 1.86344 0.000880482
18.018 0.997848 0.995556 0.0022925
18.0581 2.34428 2.33877 0.00551169
18.0981 0.545971 0.542131 0.00384014
18.1381 0.376274 0.374053 0.00222129
18.1782 2.6395 2.63724 0.00226256
18.2182 0.739873 0.736255 0.00361742
18.2583 0.455771 0.451 0.00477093
18.2983 0.254174 0.249514 0.00465943
18.3383 0.397678 0.39524 0.0024384
18.3784 2.32098 2.31891 0.00207051
18.4184 1.07178 1.06888 0.00290078
18.4585 1.18728 1.18315 0.00413664
18.4985 0.535019 0.53102 0.00399859
18.5385 0.565291 0.562643 0.00264803
18.5786 0.194173 0.189552 0.00462131
18.6186 1.37919 1.37214 0.00705027
18.6587 0.510726 0.507181 0.00354448
18.6987 0.815008 0.813644 0.00136434
18.7387 0.303184 0.301461 0.0017229
18.7788 0.782369 0.780248 0.00212035
18.8188 1.05547 1.05025 0.00521627
18.8589 1.97757 1.97328 0.00428925
18.8989 0.628718 0.627115 0.00160308
18.9389 0.352231 0.350291 0.00193998
18.979 0.640391 0.638819 0.00157212
19.019 0.683199 0.676585 0.00661384
19.0591 1.17516 1.17222 0.00293155
19.0991 0.134827 0.12958 0.00524701
19.1391 0.5083 0.502489 0.00581125
19.1792 0.584647 0.581427 0.00322019
19.2192 0.876725 0.871531 0.00519414
19.2593 0.675795 0.672932 0.00286255
19.2993 2.35637 2.35493 0.00144578
19.3393 1.33562 1.33225 0.0033655
19.3794 0.593995 0.591014 0.00298152
19.4194 1.52273 1.52151 0.00122173
19.4595 0.326377 0.322125 0.00425181
19.4995 1.79753 1.79341 0.00412672
19.5395 0.692528 0.689144 0.00338378
19.5796 3.11743 3.11513 0.00229961
19.6196 0.337586 0.33649 0.00109645
19.6597 0.479556 0.47588 0.0036761
19.6997 0.648485 0.645969 0.00251681
19.7397 2.1145 2.11221 0.00228991
19.7798 0.201161 0.194289 0.00687198
19.8198 0.636271 0.635011 0.00126042
19.8599 1.11645 1.11506 0.00138673
19.8999 0.130171 0.127709 0.00246182
19.9399 0.302022 0.298382 0.0036395
19.98 1.65769 1.65422 0.00347386
20.02 1.44443 1.44272 0.00171019
20.0601 0.157807 0.154835 0.00297238
20.1001 1.13617 1.13514 0.00102438
20.1401 0.378531 0.374956 0.00357507
20.1802 0.407263 0.404439 0.00282423
20.2202 1.03937 1.03695 0.0024118
20.2603 0.552374 0.550571 0.00180285
20.3003 0.630733 0.629277 0.00145645
20.3403 0.913937 0.911714 0.0022234
20.3804 2.30713 2.30471 0.00242255
20.4204 0.698715 0.69256 0.00615526
20.4605 0.727131 0.721748 0.00538271
20.5005 0.694364 0.692117 0.00224653
20.5405 2.09926 2.09602 0.00323728
20.5806 2.3003 2.29243 0.00786668
20.6206 0.361298 0.360127 0.00117049
20.6607 2.2981 2.29352 0.00457487
20.7007 0.345926 0.342935 0.00299093
20.7407 0.558961 0.557059 0.00190186
20.7808 2.35398 2.35158 0.00239333
20.8208 0.432554 0.430771 0.00178391
20.8609 0.588536 0.586163 0.0023733
20.9009 0.247813 0.245905 0.0019083
20.9409 1.15124 1.14946 0.00178012
20.981 1.33826 1.33532 0.00294757
21.021 0.268084 0.263067 0.00501656
21.0611 0.886702 0.884142 0.00255964
21.1011 0.562749 0.558862 0.00388743
21.1411 0.643579 0.635786 0.0077931
21.1812 0.73375 0.731164 0.00258596
21.2212 0.235761 0.232585 0.00317603
21.2613 0.231749 0.231014 0.000735763
21.3013 1.54058 1.53795 0.00263538
21.3413 0.288349 0.286428 0.00192105
21.3814 0.723501 0.720319 0.00318143
21.4214 0.741561 0.738677 0.00288309
21.4615 0.952772 0.949708 0.00306369
21.5015 1.20273 1.19963 0.00309388
21.5415 0.538555 0.536763 0.00179213
21.5816 0.736266 0.728539 0.00772786
21.6216 0.174309 0.170107 0.00420183
21.6617 1.96089 1.9587 0.00218792
21.7017 0.84365 0.840314 0.00333663
21.7417 1.32423 1.32262 0.00160434
21.7818 1.24747 1.24588 0.00159057
21.8218 1.12739 1.12531 0.00208915
21.8619 0.210953 0.202089 0.00886413
21.9019 0.399566 0.395199 0.00436679
21.9419 0.519629 0.517746 0.00188281
21.982 1.67605 1.67183 0.00421435
22.022 0.251492 0.24726 0.00423219
22.0621 1.09672 1.09582 0.000901058
22.1021 0.246803 0.238318 0.00848551
22.1421 2.84328 2.83889 0.00438717
22.1822 1.56181 1.55448 0.00733148
22.2222 0.895891 0.894352 0.00153937
22.2623 2.21021 2.20946 0.000751952
22.3023 6.60536 6.60282 0.00253923
22.3423 0.728163 0.7201 0.00806335
22.3824 1.01885 1.01664 0.00220847
22.4224 0.282506 0.281517 0.000989345
22.4625 0.212214 0.208299 0.00391545
22.5025 0.286539 0.281948 0.00459163
22.5425 0.245067 0.243402 0.00166468
22.5826 0.169986 0.168765 0.00122114
22.6226 0.729161 0.7251 0.00406144
22.6627 0.293187 0.290975 0.00221145
22.7027 0.362965 0.359436 0.00352935
22.7427 3.00569 3.00348 0.00221587
22.7828 0.264108 0.255573 0.00853453
22.8228 0.170979 0.169146 0.00183342
22.8629 0.777536 0.774199 0.00333711
22.9029 0.486345 0.483654 0.00269066
22.9429 1.67163 1.669 0.00262753
22.983 2.59909 2.59283 0.00626103
23.023 1.77666 1.76553 0.0111222
23.0631 0.509142 0.507589 0.00155344
23.1031 1.30562 1.30323 0.00238779
23.1431 0.537673 0.53163 0.00604295
23.1832 1.68789 1.68043 0.00745623
23.2232 1.51981 1.51435 0.00545566
23.2633 0.566418 0.564293 0.00212498
23.3033 0.414666 0.409597 0.0050688
23.3433 0.73452 0.731802 0.00271861
23.3834 0.706828 0.701407 0.00542075
23.4234 1.03538 1.03274 0.00264055
23.4635 1.02664 1.02447 0.00217026
23.5035 1.48116 1.47894 0.00221687
23.5435 0.952907 0.951449 0.00145743
23.5836 0.237114 0.232304 0.00481002
23.6236 3.52716 3.52167 0.00549838
23.6637 0.260798 0.259068 0.00172988
23.7037 0.514647 0.512313 0.00233393
23.7437 0.419181 0.414232 0.00494843
23.7838 0.334708 0.331998 0.00270979
23.8238 1.06854 1.06658 0.00195987
23.8639 0.36377 0.361418 0.00235172
23.9039 0.357672 0.354103 0.00356913
23.9439 0.376093 0.374531 0.00156211
23.984 1.09389 1.09015 0.00373686
24.024 0.733492 0.728834 0.00465705
24.0641 1.76956 1.76364 0.00591429
24.1041 0.239123 0.235401 0.00372269
24.1441 1.43088 1.42577 0.00510305
24.1842 2.11961 2.11718 0.00242813
24.2242 2.29867 2.29353 0.00513894
24.2643 0.582519 0.581212 0.00130747
24.3043 1.27836 1.2754 0.00295933
24.3443 0.302473 0.299163 0.00331019
24.3844 0.831644 0.82917 0.00247394
24.4244 0.187176 0.184762 0.00241409
24.4645 0.33696 0.334278 0.00268184
24.5045 0.751415 0.746562 0.00485353
24.5445 1.00486 1.00194 0.00291414
24.5846 0.88561 0.881235 0.00437446
24.6246 0.669807 0.668732 0.00107557
24.6647 0.452064 0.447374 0.00469072
24.7047 0.438848 0.436584 0.00226412
24.7447 0.80194 0.800672 0.00126792
24.7848 2.04336 2.03626 0.0071077
24.8248 1.5575 1.55328 0.0042227
24.8649 0.687066 0.681482 0.00558441
24.9049 1.68658 1.67883 0.00774443
24.9449 1.14723 1.14367 0.00355988
24.985 0.668018 0.666131 0.00188711
25.025 0.87127 0.869381 0.0018889
25.0651 0.543544 0.54139 0.00215385
25.1051 0.486105 0.481406 0.00469854
25.1451 1.41456 1.41032 0.00423558
25.1852 0.582331 0.580508 0.00182304
25.2252 0.454864 0.448083 0.00678134
25.2653 1.29073 1.28807 0.00265568
25.3053 0.518457 0.517117 0.00133957
25.3453 0.353508 0.350061 0.00344695
25.3854 0.361685 0.357282 0.00440272
25.4254 0.10696 0.104992 0.00196795
25.4655 0.661391 0.657199 0.00419176
25.5055 2.32803 2.32453 0.00350292
25.5455 0.611796 0.610675 0.00112122
25.5856 0.117297 0.114546 0.00275133
25.6256 0.70321 0.701437 0.00177335
25.6657 0.344348 0.341021 0.00332702
25.7057 0.755952 0.753249 0.00270346
25.7457 0.425715 0.422537 0.00317769
25.7858 0.118551 0.114 0.00455093
25.8258 0.778789 0.773738 0.00505191
25.8659 0.463491 0.46105 0.00244121
25.9059 1.14805 1.14498 0.0030706
25.9459 0.235672 0.234181 0.0014908
25.986 0.200931 0.197982 0.00294919
26.026 0.274975 0.271357 0.00361781
26.0661 1.13697 1.13176 0.00521456
26.1061 0.753854 0.751236 0.00261869
26.1461 1.41091 1.40492 0.00599115
26.1862 1.20043 1.19879 0.0016361
26.2262 0.464748 0.460355 0.00439345
26.2663 0.590298 0.587162 0.00313585
26.3063 1.53672 1.53251 0.00421023
26.3463 0.285587 0.278649 0.00693834
26.3864 1.59875 1.595 0.00374138
26.4264 2.50282 2.50135 0.00147116
26.4665 0.285775 0.28426 0.00151453
26.5065 0.265534 0.262744 0.00278957
26.5465 1.50249 1.5013 0.00119392
26.5866 0.699662 0.694472 0.0051902
26.6266 0.444334 0.435279 0.00905499
26.6667 0.67313 0.670526 0.00260353
26.7067 0.852448 0.850056 0.00239191
26.7467 0.974516 0.971086 0.00343012
26.7868 0.666433 0.664793 0.00164053
26.8268 2.0155 2.01285 0.00264981
26.8669 0.331513 0.324945 0.00656726
26.9069 0.618953 0.616577 0.00237605
26.9469 1.01025 1.00733 0.00291712
26.987 0.760518 0.755486 0.00503217
27.027 0.434011 0.427141 0.00687014
27.0671 0.524806 0.521902 0.00290393
27.1071 0.705135 0.703221 0.00191361
27.1471 1.92248 1.92021 0.00226294
27.1872 0.663234 0.656483 0.00675088
27.2272 1.71446 1.70763 0.00682616
27.2673 3.14933 3.14555 0.00377637
27.3073 0.529524 0.528137 0.00138705
27.3473 0.458775 0.454564 0.0042106
27.3874 1.23166 1.22721 0.00445279
27.4274 1.06932 1.06201 0.00730517
27.4675 0.12282 0.117544 0.0052752
27.5075 0.540803 0.537576 0.00322764
27.5475 1.11145 1.10865 0.00280313
27.5876 1.39253 1.38915 0.00337261
27.6276 1.15475 1.15253 0.00222264
27.6677 0.345522 0.344568 0.000954408
27.7077 0.308729 0.306486 0.00224322
27.7477 0.259988 0.251855 0.00813335
27.7878 0.327394 0.324237 0.00315717
27.8278 0.160757 0.159518 0.00123865
27.8679 1.71398 1.70931 0.00466838
27.9079 0.367646 0.365205 0.00244098
27.9479 1.5079 1.50417 0.00373194
27.988 1.66828 1.66617 0.00211314
28.028 0.412435 0.409796 0.00263854
28.0681 0.402947 0.39747 0.0054772
28.1081 0.879055 0.873684 0.00537137
28.1481 2.16544 2.16238 0.00305578
28.1882 0.408702 0.405599 0.00310262
28.2282 3.74005 3.73722 0.00283636
28.2683 0.628506 0.622883 0.00562366
28.3083 0.3921 0.38895 0.00315014
28.3483 3.23606 3.23284 0.00321677
28.3884 3.22469 3.22242 0.00226351
28.4284 3.1832 3.18134 0.00185644
28.4685 1.02162 1.01988 0.00173305
28.5085 0.166494 0.161369 0.00512433
28.5485 0.575386 0.572585 0.00280096
28.5886 0.201925 0.199462 0.00246299
28.6286 0.543021 0.541083 0.00193736
28.6687 12.5268 12.5244 0.002414
28.7087 0.244676 0.243096 0.00158073
28.7487 0.346584 0.341613 0.00497187
28.7888 0.392288 0.388775 0.00351365
28.8288 0.833267 0.830506 0.0027608
28.8689 0.537723 0.532968 0.00475435
28.9089 1.95632 1.95274 0.00357777
28.9489 0.48058 0.478624 0.00195657
28.989 0.519049 0.51605 0.00299896
29.029 0.403363 0.39913 0.00423353
29.0691 0.947661 0.945984 0.00167693
29.1091 0.0688042 0.0656805 0.00312366
29.1491 0.453517 0.451152 0.00236474
29.1892 0.205353 0.201435 0.00391739
29.2292 0.46853 0.462432 0.00609835
29.2693 0.351313 0.346957 0.00435637
29.3093 1.08634 1.08072 0.00561359
29.3493 0.264096 0.258323 0.00577288
29.3894 0.806439 0.803447 0.00299273
29.4294 0.138915 0.137197 0.00171771
29.4695 0.932329 0.930756 0.00157248
29.5095 0.548962 0.546832 0.00212986
29.5495 2.94754 2.94598 0.00155765
29.5896 0.547763 0.545999 0.00176374
29.6296 0.937797 0.93493 0.00286668
29.6697 0.872603 0.870747 0.00185565
29.7097 0.320686 0.316654 0.00403152
29.7497 0.802854 0.797975 0.00487909
29.7898 0.40479 0.403483 0.0013068
29.8298 0.895657 0.891492 0.00416543
29.8699 1.01718 1.01181 0.00537362
29.9099 0.475949 0.473179 0.00276999
29.9499 1.94317 1.93379 0.00938485
29.99 1.50867 1.50182 0.00684828
30.03 0.3223 0.319891 0.00240865
30.0701 0.28259 0.281289 0.0013003
30.1101 0.633403 0.629618 0.00378493
30.1502 0.34009 0.334094 0.00599642
30.1902 1.07606 1.07286 0.00319946
30.2302 0.992093 0.988469 0.00362445
30.2703 0.165455 0.158341 0.00711417
30.3103 0.228325 0.225552 0.00277262
30.3504 1.5264 1.52399 0.00240853
30.3904 0.653301 0.649673 0.00362754
30.4304 3.43605 3.43282 0.0032345
30.4705 2.96091 2.95834 0.0025698
30.5105 0.649538 0.648629 0.000908848
30.5506 0.127062 0.124828 0.00223473
30.5906 0.656712 0.651446 0.00526617
30.6306 0.79371 0.787337 0.00637308
30.6707 2.80783 2.8057 0.00213205
30.7107 0.351217 0.34309 0.00812722
30.7508 0.516464 0.510094 0.00636916
30.7908 0.151283 0.149609 0.00167412
30.8308 0.219405 0.214459 0.00494601
30.8709 0.265376 0.262845 0.00253084
30.9109 0.216302 0.21435 0.00195189
30.951 0.288826 0.283794 0.00503231
30.991 0.264893 0.262228 0.00266518
31.031 0.241392 0.238212 0.00318033
31.0711 0.504993 0.501657 0.00333653
31.1111 0.599085 0.594135 0.00494981
31.1512 0.560393 0.55744 0.00295314
31.1912 0.947266 0.940209 0.00705773
31.2312 0.36194 0.357688 0.00425116
31.2713 0.826539 0.824894 0.00164515
31.3113 0.649807 0.646765 0.00304216
31.3514 1.2243 1.21931 0.00498886
31.3914 0.605202 0.600825 0.00437708
31.4314 1.14439 1.13952 0.00486749
31.4715 0.115462 0.111774 0.00368817
31.5115 0.957856 0.953396 0.00445957
31.5516 2.21715 2.21331 0.00384104
31.5916 0.899465 0.897265 0.0021999
31.6316 3.85595 3.85378 0.00217125
31.6717 0.968952 0.962238 0.00671344
31.7117 3.67505 3.67163 0.00342114
31.7518 0.176394 0.170284 0.00611029
31.7918 1.29619 1.29425 0.00194789
31.8318 0.365332 0.36198 0.00335206
31.8719 8.89149 8.89012 0.00137716
31.9119 0.861404 0.857613 0.00379023
31.952 0.173716 0.171433 0.00228306
31.992 1.01368 1.01198 0.00169694
32.032 2.88733 2.88489 0.00244569
32.0721 0.784361 0.782788 0.00157327
32.1121 0.546605 0.545581 0.00102427
32.1522 0.207425 0.205468 0.00195737
32.1922 0.793037 0.788134 0.00490386
32.2322 0.269545 0.265877 0.00366827
32.2723 0.742965 0.738591 0.00437363
32.3123 0.214511 0.212793 0.00171821
32.3524 1.67908 1.67312 0.00596001
32.3924 0.309482 0.307111 0.00237092
32.4324 0.154266 0.151887 0.00237989
32.4725 0.222109 0.219057 0.00305231
32.5125 0.210896 0.209071 0.00182568
32.5526 0.944746 0.943738 0.00100809
32.5926 0.352227 0.349553 0.0026745
32.6326 0.218058 0.213768 0.00428996
32.6727 0.169709 0.165227 0.0044819
32.7127 0.40067 0.397045 0.0036248
32.7528 0.776877 0.776052 0.00082455
32.7928 0.551815 0.549804 0.00201045
32.8328 1.00384 0.999421 0.0044146
32.8729 2.24598 2.2421 0.00387795
32.9129 0.288573 0.286823 0.0017495
32.953 6.16054 6.15703 0.00350937
32.993 0.431197 0.428492 0.0027046
33.033 0.410222 0.405815 0.00440632
33.0731 1.16873 1.16653 0.00219573
33.1131 1.38944 1.38739 0.00204474
33.1532 0.178674 0.176989 0.00168507
33.1932 0.195294 0.186773 0.00852069
33.2332 0.690272 0.689149 0.00112249
33.2733 1.4345 1.43059 0.00391013
33.3133 0.317482 0.313313 0.00416933
33.3534 0.208919 0.20745 0.00146888
33.3934 1.12815 1.12673 0.00141773
33.4334 0.337307 0.335998 0.00130933
33.4735 0.551737 0.547859 0.00387819
33.5135 0.351548 0.34919 0.00235829
33.5536 0.604887 0.601487 0.00339997
33.5936 0.208535 0.204483 0.00405213
33.6336 0.50717 0.498136 0.00903382
33.6737 0.181397 0.178769 0.0026279
33.7137 1.77779 1.77253 0.00526614
33.7538 0.867712 0.862222 0.00549078
33.7938 1.42361 1.42188 0.00173116
33.8338 0.996986 0.993862 0.00312489
33.8739 0.223457 0.220866 0.0025909
33.9139 0.276316 0.27123 0.00508557
33.954 0.389968 0.382572 0.00739595
33.994 0.400712 0.390005 0.0107066
34.034 0.666273 0.659133 0.00713996
34.0741 0.477031 0.473683 0.00334763
34.1141 0.922629 0.920375 0.00225374
34.1542 0.271467 0.267742 0.00372548
34.1942 1.17992 1.17823 0.00168727
34.2342 0.347016 0.345433 0.00158268
34.2743 0.863345 0.855493 0.00785282
34.3143 0.859163 0.856776 0.0023871
34.3544 0.47735 0.474346 0.00300412
34.3944 0.788773 0.787516 0.00125657
34.4344 0.563294 0.559916 0.00337797
34.4745 1.6675 1.66513 0.00237136
34.5145 0.899936 0.896186 0.00375048
34.5546 1.91694 1.91145 0.00548336
34.5946 1.30197 1.29971 0.00225864
34.6346 0.386153 0.383729 0.00242443
34.6747 1.84636 1.84492 0.0014342
34.7147 1.2805 1.2796 0.000907128
34.7548 0.374102 0.369245 0.00485686
34.7948 2.03294 2.03165 0.00128625
34.8348 0.478818 0.473681 0.00513683
34.8749 1.15453 1.15137 0.00316045
34.9149 0.874825 0.869565 0.0052596
34.955 0.913709 0.912614 0.00109543
34.995 0.348186 0.344553 0.00363298
35.035 0.609484 0.605757 0.00372662
35.0751 0.576606 0.574006 0.00260035
35.1151 1.5936 1.592 0.00160278
35.1552 1.58606 1.58387 0.00218871
35.1952 3.83482 3.8323 0.00252366
35.2352 0.702422 0.697653 0.00476942
35.2753 0.444188 0.44238 0.00180816
35.3153 0.545387 0.543012 0.00237545
35.3554 1.67009 1.66907 0.00101773
35.3954 0.151346 0.148518 0.00282766
35.4354 0.417221 0.414511 0.0027097
35.4755 0.789998 0.787897 0.00210117
35.5155 0.390903 0.387516 0.0033866
35.5556 1.79424 1.79285 0.0013974
35.5956 0.732356 0.72979 0.00256512
35.6356 3.61884 3.61691 0.00192309
35.6757 0.146219 0.139308 0.00691134
35.7157 1.03335 1.02716 0.00619432
35.7558 0.0988885 0.0956614 0.00322707
35.7958 0.790028 0.787713 0.00231556
35.8358 0.183909 0.181944 0.00196521
35.8759 0.283307 0.269067 0.0142393
35.9159 0.482358 0.480507 0.0018513
35.956 1.02606 1.02336 0.00270032
35.996 0.870069 0.863589 0.00647981
36.036 0.205369 0.202217 0.00315138
36.0761 0.52609 0.524369 0.00172057
36.1161 0.287946 0.285261 0.00268487
36.1562 2.96976 2.96569 0.00406657
36.1962 3.31465 3.30644 0.00821206
36.2362 0.558346 0.553838 0.00450735
36.2763 0.58283 0.580799 0.00203097
36.3163 0.143441 0.140816 0.00262454
36.3564 0.577211 0.574187 0.0030237
36.3964 0.492883 0.491223 0.00166012
36.4364 1.47624 1.47189 0.00435091
36.4765 0.470542 0.468974 0.00156815
36.5165 1.98452 1.98353 0.000993283
36.5566 0.350136 0.347857 0.00227902
36.5966 0.981998 0.975211 0.00678715
36.6366 1.16693 1.16467 0.00225516
36.6767 0.0545219 0.0528058 0.00171611
36.7167 0.766293 0.760453 0.00583975
36.7568 6.67987 6.67492 0.00494933
36.7968 0.159122 0.157402 0.00171996
36.8368 0.73081 0.726299 0.00451092
36.8769 0.483884 0.48227 0.00161394
36.9169 0.995853 0.993772 0.00208095
36.957 0.604623 0.601985 0.00263766
36.997 0.874239 0.871217 0.00302234
37.037 0.968052 0.966189 0.00186265
37.0771 0.95792 0.956891 0.00102974
37.1171 2.1527 2.1511 0.00159635
37.1572 2.04596 2.04217 0.00378673
37.1972 0.951179 0.950259 0.00092053
37.2372 0.482256 0.477255 0.00500094
37.2773 1.80648 1.80473 0.00175845
37.3173 3.71064 3.70346 0.00717633
37.3574 0.982986 0.980591 0.00239493
37.3974 2.113 2.10105 0.011957
37.4374 2.43951 2.43559 0.00392165
37.4775 0.250837 0.249201 0.00163666
37.5175 0.676092 0.660417 0.0156755
37.5576 2.36959 2.35963 0.00995898
37.5976 0.995307 0.993189 0.00211838
37.6376 0.37095 0.367648 0.00330211
37.6777 1.53103 1.52922 0.0018037
37.7177 0.286752 0.285709 0.00104318
37.7578 4.62474 4.62397 0.000771234
37.7978 0.450055 0.448152 0.00190242
37.8378 0.396257 0.392312 0.00394558
37.8779 0.767499 0.759999 0.00750028
37.9179 0.439918 0.437332 0.00258588
37.958 0.563016 0.559403 0.00361348
37.998 0.246897 0.239712 0.00718484
38.038 0.952457 0.948341 0.00411639
38.0781 0.161104 0.158127 0.00297703
38.1181 0.731582 0.72389 0.00769209
38.1582 0.237628 0.234178 0.00345008
38.1982 0.285827 0.284107 0.00171997
38.2382 0.406151 0.400795 0.00535597
38.2783 0.944963 0.944722 0.000241201
38.3183 1.2965 1.29273 0.00377383
38.3584 0.597608 0.594967 0.00264072
38.3984 2.08244 2.07724 0.0052037
38.4384 0.0801529 0.0791706 0.000982272
38.4785 0.476581 0.470378 0.00620253
38.5185 0.236632 0.235119 0.00151346
38.5586 0.202736 0.201932 0.000804486
38.5986 0.43794 0.436935 0.00100557
38.6386 0.244196 0.242142 0.00205429
38.6787 0.457962 0.451667 0.00629543
38.7187 0.874635 0.873104 0.00153039
38.7588 1.20443 1.2026 0.00183597
38.7988 1.06114 1.05677 0.00437427
38.8388 4.88271 4.88149 0.00122027
38.8789 0.989702 0.987859 0.00184314
38.9189 0.346709 0.344589 0.00212087
38.959 2.48177 2.47773 0.00404596
38.999 0.342877 0.340488 0.00238843
39.039 1.98801 1.98428 0.00372791
39.0791 3.00288 2.99964 0.00323937
39.1191 1.03695 1.03314 0.00380366
39.1592 0.346808 0.344125 0.00268367
39.1992 1.39654 1.38992 0.00662155
39.2392 2.97423 2.97208 0.00215159
39.2793 2.04548 2.04283 0.00265277
39.3193 1.40937 1.4031 0.00627271
39.3594 0.47395 0.470365 0.00358532
39.3994 0.319168 0.315524 0.0036438
39.4394 1.43873 1.43484 0.0038845
39.4795 1.11096 1.10881 0.00214402
39.5195 0.360376 0.357046 0.00333038
39.5596 1.09091 1.08909 0.00181171
39.5996 0.284526 0.283395 0.00113041
39.6396 0.761372 0.746116 0.0152561
39.6797 2.86326 2.86066 0.00259041
39.7197 0.156033 0.153614 0.00241922
39.7598 2.81098 2.8101 0.000883865
39.7998 1.27279 1.26946 0.00333409
39.8398 0.304835 0.301149 0.00368583
39.8799 0.265772 0.261204 0.00456756
39.9199 1.28781 1.27589 0.0119232
39.96 0.120687 0.119411 0.00127624
40 0.418484 0.411707 0.0067762
