#1-Q [GeV] 2--dN/dQdY [GeV-1] 3--dN_{PreEq}/dQdY [GeV-1] 3--dN_{Hydro}/dQdY [GeV-1]
0 0 0 0
0.001001 0.00700057 0.00700057 0
0.002002 0.0215277 0.0215277 0
0.003003 0.0271068 0.0271068 0
0.004004 0.0395674 0.0395674 0
0.00500501 0.0674753 0.0674753 0
0.00600601 0.0700523 0.0700523 0
0.00700701 0.0787929 0.0787929 0
0.00800801 0.0826231 0.0826231 0
0.00900901 0.106312 0.106312 0
0.01001 0.116727 0.116727 0
0.011011 0.133248 0.133248 0
0.012012 0.160154 0.160154 0
0.013013 0.166473 0.166473 0
0.014014 0.152541 0.152541 0
0.015015 0.17743 0.17743 0
0.016016 0.183714 0.183714 0
0.017017 0.205871 0.205871 0
0.018018 0.224604 0.224604 0
0.019019 0.257681 0.257681 0
0.02002 0.274958 0.274958 0
0.021021 0.327424 0.327424 0
0.022022 0.294641 0.294641 0
0.023023 0.249224 0.249224 0
0.024024 0.269547 0.269547 0
0.025025 0.307469 0.307469 0
0.026026 0.352266 0.352266 0
0.027027 0.397286 0.397286 0
0.028028 0.350596 0.350596 0
0.029029 0.390774 0.390774 0
0.03003 0.38039 0.38039 0
0.031031 0.401714 0.401714 0
0.032032 0.40398 0.40398 0
0.033033 0.343631 0.343631 0
0.034034 0.436753 0.436753 0
0.035035 0.490734 0.490734 0
0.036036 0.429459 0.429459 0
0.037037 0.420356 0.420356 0
0.038038 0.476152 0.476152 0
0.039039 0.430866 0.430866 0
0.04004 0.480453 0.480453 0
0.041041 0.491058 0.491058 0
0.042042 0.521787 0.521787 0
0.043043 0.446664 0.446664 0
0.044044 0.49499 0.49499 0
0.045045 0.541625 0.541625 0
0.046046 0.558268 0.558268 0
0.047047 0.614723 0.614723 0
0.048048 0.575003 0.575003 0
0.049049 0.527625 0.527625 0
0.0500501 0.518055 0.518055 0
0.0510511 0.50869 0.50869 0
0.0520521 0.599867 0.599867 0
0.0530531 0.615903 0.615903 0
0.0540541 0.474861 0.474861 0
0.0550551 0.563492 0.563492 0
0.0560561 0.632896 0.632896 0
0.0570571 0.59356 0.59356 0
0.0580581 0.460572 0.460572 0
0.0590591 0.593685 0.593685 0
0.0600601 0.645091 0.645091 0
0.0610611 0.583453 0.583453 0
0.0620621 0.671453 0.671453 0
0.0630631 0.701355 0.701355 0
0.0640641 0.66315 0.66315 0
0.0650651 0.686117 0.686117 0
0.0660661 0.692088 0.692088 0
0.0670671 0.727096 0.727096 0
0.0680681 0.699044 0.699044 0
0.0690691 0.696386 0.696386 0
0.0700701 0.661084 0.661084 0
0.0710711 0.784612 0.784612 0
0.0720721 0.722084 0.722084 0
0.0730731 0.681178 0.681178 0
0.0740741 0.818823 0.818823 0
0.0750751 0.702976 0.702976 0
0.0760761 0.715394 0.715394 0
0.0770771 0.690067 0.690067 0
0.0780781 0.752814 0.752814 0
0.0790791 0.855206 0.855206 0
0.0800801 0.702576 0.702576 0
0.0810811 0.746689 0.746689 0
0.0820821 0.953995 0.953995 0
0.0830831 0.859101 0.859101 0
0.0840841 0.850426 0.850426 0
0.0850851 0.812978 0.812978 0
0.0860861 0.848933 0.848933 0
0.0870871 0.838986 0.838986 0
0.0880881 0.960889 0.960889 0
0.0890891 0.779337 0.779337 0
0.0900901 0.853434 0.853434 0
0.0910911 0.82163 0.82163 0
0.0920921 0.885578 0.885578 0
0.0930931 0.983915 0.983915 0
0.0940941 0.801479 0.801479 0
0.0950951 0.910692 0.910692 0
0.0960961 0.777323 0.777323 0
0.0970971 0.9162 0.9162 0
0.0980981 0.866706 0.866706 0
0.0990991 0.891623 0.891623 0
0.1001 0.911344 0.911344 0
0.101101 0.872682 0.872682 0
0.102102 0.709132 0.709132 0
0.103103 1.13531 1.13531 0
0.104104 1.07969 1.07969 0
0.105105 0.848254 0.848254 0
0.106106 0.908449 0.908449 0
0.107107 0.957173 0.957173 0
0.108108 0.936989 0.936989 0
0.109109 0.938252 0.938252 0
0.11011 0.882556 0.882556 0
0.111111 1.04148 1.04148 0
0.112112 0.962414 0.962414 0
0.113113 0.979099 0.979099 0
0.114114 0.986623 0.986623 0
0.115115 0.903928 0.903928 0
0.116116 1.09856 1.09856 0
0.117117 0.955801 0.955801 0
0.118118 1.02577 1.02577 0
0.119119 0.970404 0.970404 0
0.12012 0.83798 0.83798 0
0.121121 0.964478 0.964478 0
0.122122 0.996393 0.996393 0
0.123123 1.13558 1.13558 0
0.124124 1.07852 1.07852 0
0.125125 1.05055 1.05055 0
0.126126 0.922999 0.922999 0
0.127127 1.05973 1.05973 0
0.128128 0.835857 0.835857 0
0.129129 1.03137 1.03137 0
0.13013 0.939607 0.939607 0
0.131131 1.09081 1.09081 0
0.132132 1.08334 1.08334 0
0.133133 1.02494 1.02494 0
0.134134 0.905205 0.905205 0
0.135135 0.891472 0.891472 0
0.136136 1.0028 1.0028 0
0.137137 1.01797 1.01797 0
0.138138 1.19154 1.19154 0
0.139139 0.910033 0.910033 0
0.14014 1.12687 1.12687 0
0.141141 0.921106 0.921106 0
0.142142 0.972609 0.972609 0
0.143143 1.0595 1.0595 0
0.144144 1.02082 1.02082 0
0.145145 0.94817 0.94817 0
0.146146 1.11517 1.11517 0
0.147147 1.15893 1.15893 0
0.148148 0.97945 0.97945 0
0.149149 1.13048 1.13048 0
0.15015 0.969996 0.969996 0
0.151151 0.967726 0.967726 0
0.152152 1.0741 1.0741 0
0.153153 1.00889 1.00889 0
0.154154 1.13626 1.13626 0
0.155155 1.18581 1.18581 0
0.156156 1.04659 1.04659 0
0.157157 1.14591 1.14591 0
0.158158 1.14582 1.14582 0
0.159159 1.04053 1.04053 0
0.16016 1.0905 1.0905 0
0.161161 1.11564 1.11564 0
0.162162 1.09863 1.09863 0
0.163163 1.09674 1.09674 0
0.164164 1.25442 1.25442 0
0.165165 1.06763 1.06763 0
0.166166 1.19926 1.19926 0
0.167167 1.32368 1.32368 0
0.168168 1.05156 1.05156 0
0.169169 1.16397 1.16397 0
0.17017 1.23978 1.23978 0
0.171171 1.41061 1.41061 0
0.172172 1.03005 1.03005 0
0.173173 0.991962 0.991962 0
0.174174 1.20363 1.20363 0
0.175175 1.13424 1.13424 0
0.176176 0.996665 0.996665 0
0.177177 1.06111 1.06111 0
0.178178 1.23717 1.23717 0
0.179179 1.14395 1.14395 0
0.18018 1.12859 1.12859 0
0.181181 1.21967 1.21967 0
0.182182 0.970101 0.970101 0
0.183183 1.12758 1.12758 0
0.184184 1.24856 1.24856 0
0.185185 1.16518 1.16518 0
0.186186 1.14818 1.14818 0
0.187187 1.25265 1.25265 0
0.188188 1.04437 1.04437 0
0.189189 1.16575 1.16575 0
0.19019 1.08994 1.08994 0
0.191191 1.38211 1.38211 0
0.192192 1.30453 1.30453 0
0.193193 1.26336 1.26336 0
0.194194 1.24856 1.24856 0
0.195195 1.15266 1.15266 0
0.196196 1.03311 1.03311 0
0.197197 1.36643 1.36643 0
0.198198 1.17027 1.17027 0
0.199199 1.1649 1.1649 0
0.2002 1.12703 1.12703 0
0.201201 1.39322 1.39322 0
0.202202 1.27456 1.27456 0
0.203203 1.21002 1.21002 0
0.204204 1.19474 1.19474 0
0.205205 1.2154 1.2154 0
0.206206 1.28612 1.28612 0
0.207207 1.19522 1.19522 0
0.208208 1.46148 1.46148 0
0.209209 1.29295 1.29295 0
0.21021 1.30925 1.30925 0
0.211211 1.09472 1.09472 0
0.212212 1.06809 1.06809 0
0.213213 1.15462 1.15462 0
0.214214 1.28336 1.28336 0
0.215215 1.13903 1.13903 0
0.216216 1.42328 1.42328 0
0.217217 1.39593 1.39593 0
0.218218 1.19072 1.19072 0
0.219219 1.3334 1.3334 0
0.22022 1.32933 1.32933 0
0.221221 1.25166 1.25166 0
0.222222 1.22791 1.22791 0
0.223223 1.18572 1.18572 0
0.224224 1.36267 1.36267 0
0.225225 1.25538 1.25538 0
0.226226 1.39569 1.39569 0
0.227227 1.07474 1.07474 0
0.228228 1.22851 1.22851 0
0.229229 1.28115 1.28115 0
0.23023 1.39987 1.39987 0
0.231231 1.2291 1.2291 0
0.232232 1.35981 1.35981 0
0.233233 1.35327 1.35327 0
0.234234 1.41456 1.41456 0
0.235235 1.2589 1.2589 0
0.236236 1.09581 1.09581 0
0.237237 1.49285 1.49285 0
0.238238 1.25914 1.25914 0
0.239239 1.01576 1.01576 0
0.24024 1.17526 1.17526 0
0.241241 1.19905 1.19905 0
0.242242 1.68789 1.68789 0
0.243243 1.30645 1.30645 0
0.244244 1.18221 1.18221 0
0.245245 1.04074 1.04074 0
0.246246 1.08956 1.08956 0
0.247247 1.35178 1.35178 0
0.248248 1.03408 1.03408 0
0.249249 1.25447 1.25447 0
0.25025 1.05599 1.05599 0
0.251251 1.45355 1.45355 0
0.252252 1.30834 1.30834 0
0.253253 1.43179 1.43179 0
0.254254 1.20919 1.20919 0
0.255255 1.26676 1.26676 0
0.256256 1.24846 1.24846 0
0.257257 1.41915 1.41915 0
0.258258 1.05466 1.05466 0
0.259259 1.50126 1.50126 0
0.26026 1.2752 1.2752 0
0.261261 1.35395 1.35395 0
0.262262 1.44573 1.44573 0
0.263263 1.0367 1.0367 0
0.264264 1.53701 1.53701 0
0.265265 1.13162 1.13162 0
0.266266 1.40761 1.40761 0
0.267267 1.21988 1.21988 0
0.268268 1.29562 1.29562 0
0.269269 1.36795 1.36795 0
0.27027 1.32172 1.32172 0
0.271271 1.27815 1.27815 0
0.272272 1.28212 1.28212 0
0.273273 1.54619 1.54619 0
0.274274 1.17175 1.17175 0
0.275275 1.46063 1.46063 0
0.276276 1.48776 1.48776 0
0.277277 1.54437 1.54437 0
0.278278 1.38283 1.38283 0
0.279279 1.30601 1.30601 0
0.28028 1.68798 1.68798 0
0.281281 1.26805 1.26805 0
0.282282 1.27409 1.27409 0
0.283283 1.49739 1.49739 0
0.284284 1.6189 1.6189 0
0.285285 1.47992 1.47992 0
0.286286 1.43034 1.43034 0
0.287287 1.41976 1.41976 0
0.288288 1.39322 1.39322 0
0.289289 1.33615 1.33615 0
0.29029 0.994372 0.994372 0
0.291291 1.55492 1.55492 0
0.292292 1.78598 1.78598 0
0.293293 1.49852 1.49852 0
0.294294 1.6636 1.6636 0
0.295295 1.34797 1.34797 0
0.296296 1.09781 1.09781 0
0.297297 1.40735 1.40735 0
0.298298 1.47242 1.47242 0
0.299299 1.44014 1.44014 0
0.3003 1.20072 1.20072 0
0.301301 1.36819 1.36819 0
0.302302 1.45741 1.45741 0
0.303303 1.56044 1.56044 0
0.304304 1.37817 1.37817 0
0.305305 1.25513 1.25513 0
0.306306 1.53249 1.53249 0
0.307307 1.2162 1.2162 0
0.308308 1.3565 1.3565 0
0.309309 1.43954 1.43954 0
0.31031 1.50057 1.50057 0
0.311311 1.43181 1.43181 0
0.312312 1.50164 1.50164 0
0.313313 1.47616 1.47616 0
0.314314 1.63422 1.63422 0
0.315315 1.38809 1.38809 0
0.316316 1.47792 1.47792 0
0.317317 1.72412 1.72412 0
0.318318 1.24762 1.24762 0
0.319319 1.29421 1.29421 0
0.32032 1.35781 1.35781 0
0.321321 1.51481 1.51481 0
0.322322 1.30043 1.30043 0
0.323323 1.73349 1.73349 0
0.324324 1.22181 1.22181 0
0.325325 1.36703 1.36703 0
0.326326 1.36764 1.36764 0
0.327327 1.3224 1.3224 0
0.328328 1.16911 1.16911 0
0.329329 1.51754 1.51754 0
0.33033 1.21017 1.21017 0
0.331331 1.64475 1.64475 0
0.332332 1.26188 1.26188 0
0.333333 1.14978 1.14978 0
0.334334 1.31111 1.31111 0
0.335335 1.38461 1.38461 0
0.336336 1.42362 1.42362 0
0.337337 1.19895 1.19895 0
0.338338 1.32808 1.32808 0
0.339339 1.53513 1.53513 0
0.34034 1.32926 1.32926 0
0.341341 1.45257 1.45257 0
0.342342 1.28212 1.28212 0
0.343343 1.00814 1.00814 0
0.344344 1.3562 1.3562 0
0.345345 1.10558 1.10558 0
0.346346 1.43907 1.43907 0
0.347347 1.46638 1.46638 0
0.348348 1.29186 1.29186 0
0.349349 1.3006 1.3006 0
0.35035 1.25201 1.25201 0
0.351351 1.30357 1.30357 0
0.352352 1.68604 1.68604 0
0.353353 1.72656 1.72656 0
0.354354 1.40523 1.40523 0
0.355355 1.35693 1.35693 0
0.356356 1.44911 1.44911 0
0.357357 1.80958 1.80958 0
0.358358 1.56934 1.56934 0
0.359359 1.55278 1.55278 0
0.36036 1.5078 1.5078 0
0.361361 1.66859 1.66859 0
0.362362 1.53865 1.53865 0
0.363363 1.60295 1.60295 0
0.364364 1.77497 1.77497 0
0.365365 1.57179 1.57179 0
0.366366 1.69945 1.69945 0
0.367367 1.46793 1.46793 0
0.368368 1.47066 1.47066 0
0.369369 1.58565 1.58565 0
0.37037 1.44787 1.44787 0
0.371371 1.56443 1.56443 0
0.372372 1.66338 1.66338 0
0.373373 1.78956 1.78956 0
0.374374 1.87036 1.87036 0
0.375375 1.35669 1.35669 0
0.376376 1.28496 1.28496 0
0.377377 1.56787 1.56787 0
0.378378 1.24676 1.24676 0
0.379379 1.54886 1.54886 0
0.38038 1.17381 1.17381 0
0.381381 1.5196 1.5196 0
0.382382 1.47354 1.47354 0
0.383383 1.75845 1.75845 0
0.384384 1.41497 1.41497 0
0.385385 1.19055 1.19055 0
0.386386 1.23203 1.23203 0
0.387387 1.15137 1.15137 0
0.388388 1.4108 1.4108 0
0.389389 1.18277 1.18277 0
0.39039 1.3382 1.3382 0
0.391391 1.40725 1.40725 0
0.392392 1.43933 1.43933 0
0.393393 1.4249 1.4249 0
0.394394 1.28928 1.28928 0
0.395395 1.37203 1.37203 0
0.396396 1.82195 1.82195 0
0.397397 1.62581 1.62581 0
0.398398 1.60485 1.60485 0
0.399399 1.32501 1.32501 0
0.4004 1.9668 1.9668 0
0.401401 1.33212 1.33212 0
0.402402 1.71712 1.71712 0
0.403403 1.57419 1.57419 0
0.404404 1.51888 1.51888 0
0.405405 1.39035 1.39035 0
0.406406 1.47293 1.47293 0
0.407407 1.42411 1.42411 0
0.408408 1.80637 1.80637 0
0.409409 1.5184 1.5184 0
0.41041 1.19922 1.19922 0
0.411411 1.5307 1.5307 0
0.412412 1.73003 1.73003 0
0.413413 1.47966 1.47966 0
0.414414 1.83569 1.83569 0
0.415415 1.4747 1.4747 0
0.416416 1.25283 1.25283 0
0.417417 1.48554 1.48554 0
0.418418 1.43754 1.43754 0
0.419419 1.32437 1.32437 0
0.42042 1.67555 1.67555 0
0.421421 1.59007 1.59007 0
0.422422 1.50689 1.50689 0
0.423423 1.72501 1.72501 0
0.424424 1.65528 1.65528 0
0.425425 1.60869 1.60869 0
0.426426 1.35972 1.35972 0
0.427427 1.53207 1.53207 0
0.428428 1.52623 1.52623 0
0.429429 1.85807 1.85807 0
0.43043 1.47689 1.47689 0
0.431431 1.80718 1.80718 0
0.432432 1.27009 1.27009 0
0.433433 1.4104 1.4104 0
0.434434 1.49802 1.49802 0
0.435435 1.42764 1.42764 0
0.436436 1.28908 1.28908 0
0.437437 1.32531 1.32531 0
0.438438 1.59564 1.59564 0
0.439439 1.24666 1.24666 0
0.44044 1.39658 1.39658 0
0.441441 1.59936 1.59936 0
0.442442 1.42987 1.42987 0
0.443443 1.46929 1.46929 0
0.444444 1.79599 1.79599 0
0.445445 1.45715 1.45715 0
0.446446 1.56541 1.56541 0
0.447447 1.51572 1.51572 0
0.448448 1.7286 1.7286 0
0.449449 1.34577 1.34577 0
0.45045 1.34899 1.34899 0
0.451451 1.35947 1.35947 0
0.452452 1.58253 1.58253 0
0.453453 1.25125 1.25125 0
0.454454 1.63181 1.63181 0
0.455455 1.98413 1.98413 0
0.456456 1.4035 1.4035 0
0.457457 1.28418 1.28418 0
0.458458 1.31148 1.31148 0
0.459459 1.76488 1.76488 0
0.46046 1.54628 1.54628 0
0.461461 1.48164 1.48164 0
0.462462 1.54413 1.54413 0
0.463463 1.72025 1.72025 0
0.464464 1.45667 1.45667 0
0.465465 2.05323 2.05323 0
0.466466 1.43796 1.43796 0
0.467467 1.47098 1.47098 0
0.468468 1.9463 1.9463 0
0.469469 1.54114 1.54114 0
0.47047 1.7169 1.7169 0
0.471471 1.21707 1.21707 0
0.472472 1.43832 1.43832 0
0.473473 1.58452 1.58452 0
0.474474 1.39277 1.39277 0
0.475475 1.6366 1.6366 0
0.476476 1.89082 1.89082 0
0.477477 1.64086 1.64086 0
0.478478 1.85881 1.85881 0
0.479479 1.6454 1.6454 0
0.48048 1.69554 1.69554 0
0.481481 1.40457 1.40457 0
0.482482 2.10496 2.10496 0
0.483483 1.65971 1.65971 0
0.484484 1.40804 1.40804 0
0.485485 1.5743 1.5743 0
0.486486 1.35758 1.35758 0
0.487487 1.31323 1.31323 0
0.488488 1.62536 1.62536 0
0.489489 1.78677 1.78677 0
0.49049 1.36683 1.36683 0
0.491491 1.50851 1.50851 0
0.492492 1.49455 1.49455 0
0.493493 1.62861 1.62861 0
0.494494 1.59325 1.59325 0
0.495495 1.49356 1.49356 0
0.496496 1.77986 1.77986 0
0.497497 1.57364 1.57364 0
0.498498 1.24875 1.24875 0
0.499499 1.76624 1.76624 0
0.500501 1.55969 1.55969 0
0.501502 1.70568 1.70568 0
0.502503 1.42773 1.42773 0
0.503504 1.8239 1.8239 0
0.504505 1.62265 1.62265 0
0.505506 1.45829 1.45829 0
0.506507 1.67089 1.67089 0
0.507508 1.4729 1.4729 0
0.508509 1.51702 1.51702 0
0.50951 1.39782 1.39782 0
0.510511 1.69836 1.69836 0
0.511512 1.62533 1.62533 0
0.512513 1.27653 1.27653 0
0.513514 1.3703 1.3703 0
0.514515 1.13661 1.13661 0
0.515516 1.2046 1.2046 0
0.516517 1.25544 1.25544 0
0.517518 1.70173 1.70173 0
0.518519 1.34526 1.34526 0
0.51952 1.66371 1.66371 0
0.520521 1.48347 1.48347 0
0.521522 1.7128 1.7128 0
0.522523 1.86111 1.86111 0
0.523524 1.73338 1.73338 0
0.524525 1.14031 1.14031 0
0.525526 1.6645 1.6645 0
0.526527 1.66503 1.66503 0
0.527528 1.51931 1.51931 0
0.528529 1.62178 1.62178 0
0.52953 1.63944 1.63944 0
0.530531 1.24773 1.24773 0
0.531532 1.41106 1.41106 0
0.532533 1.26373 1.26373 0
0.533534 1.85125 1.85125 0
0.534535 1.67391 1.67391 0
0.535536 1.72257 1.72257 0
0.536537 1.63049 1.63049 0
0.537538 1.36962 1.36962 0
0.538539 1.37784 1.37784 0
0.53954 1.45397 1.45397 0
0.540541 1.67575 1.67575 0
0.541542 1.45131 1.45131 0
0.542543 1.53393 1.53393 0
0.543544 1.46518 1.46518 0
0.544545 1.60736 1.60736 0
0.545546 1.58454 1.58454 0
0.546547 1.78064 1.78064 0
0.547548 1.32662 1.32662 0
0.548549 1.77366 1.77366 0
0.54955 1.68003 1.68003 0
0.550551 1.8755 1.8755 0
0.551552 1.41395 1.41395 0
0.552553 1.51363 1.51363 0
0.553554 1.42706 1.42706 0
0.554555 1.34818 1.34818 0
0.555556 1.43236 1.43236 0
0.556557 1.51512 1.51512 0
0.557558 1.81514 1.81514 0
0.558559 1.29759 1.29759 0
0.55956 1.41896 1.41896 0
0.560561 1.79576 1.79576 0
0.561562 1.61023 1.61023 0
0.562563 1.36241 1.36241 0
0.563564 1.23903 1.23903 0
0.564565 1.41292 1.41292 0
0.565566 1.4622 1.4622 0
0.566567 1.63451 1.63451 0
0.567568 1.58942 1.58942 0
0.568569 1.48157 1.48157 0
0.56957 1.46717 1.46717 0
0.570571 1.84382 1.84382 0
0.571572 1.37009 1.37009 0
0.572573 1.61907 1.61907 0
0.573574 2.04669 2.04669 0
0.574575 1.77115 1.77115 0
0.575576 1.48876 1.48876 0
0.576577 1.60283 1.60283 0
0.577578 1.41646 1.41646 0
0.578579 1.65806 1.65806 0
0.57958 1.73554 1.73554 0
0.580581 1.57822 1.57822 0
0.581582 1.695 1.695 0
0.582583 1.48473 1.48473 0
0.583584 1.37692 1.37692 0
0.584585 1.60576 1.60576 0
0.585586 1.6269 1.6269 0
0.586587 1.85024 1.85024 0
0.587588 1.7126 1.7126 0
0.588589 1.78196 1.78196 0
0.58959 1.70154 1.70154 0
0.590591 1.29994 1.29994 0
0.591592 1.48999 1.48999 0
0.592593 1.64619 1.64619 0
0.593594 1.32249 1.32249 0
0.594595 1.80251 1.80251 0
0.595596 1.43192 1.43192 0
0.596597 1.49005 1.49005 0
0.597598 1.51106 1.51106 0
0.598599 1.7431 1.7431 0
0.5996 1.20909 1.20909 0
0.600601 1.6128 1.6128 0
0.601602 1.47405 1.47405 0
0.602603 1.53904 1.53904 0
0.603604 1.61584 1.61584 0
0.604605 1.52623 1.52623 0
0.605606 1.45625 1.45625 0
0.606607 1.51955 1.51955 0
0.607608 1.60744 1.60744 0
0.608609 2.01882 2.01882 0
0.60961 1.42625 1.42625 0
0.610611 1.92555 1.92555 0
0.611612 1.75623 1.75623 0
0.612613 1.65918 1.65918 0
0.613614 1.60993 1.60993 0
0.614615 2.02318 2.02318 0
0.615616 1.81267 1.81267 0
0.616617 1.64563 1.64563 0
0.617618 1.69729 1.69729 0
0.618619 1.79666 1.79666 0
0.61962 1.45556 1.45556 0
0.620621 1.42248 1.42248 0
0.621622 1.63289 1.63289 0
0.622623 1.72693 1.72693 0
0.623624 1.78205 1.78205 0
0.624625 1.55024 1.55024 0
0.625626 1.47267 1.47267 0
0.626627 1.60291 1.60291 0
0.627628 1.53826 1.53826 0
0.628629 1.62063 1.62063 0
0.62963 1.63316 1.63316 0
0.630631 1.43788 1.43788 0
0.631632 1.52288 1.52288 0
0.632633 1.68128 1.68128 0
0.633634 1.59334 1.59334 0
0.634635 1.41064 1.41064 0
0.635636 2.05584 2.05584 0
0.636637 1.37465 1.37465 0
0.637638 1.44279 1.44279 0
0.638639 1.52609 1.52609 0
0.63964 1.78646 1.78646 0
0.640641 1.34559 1.34559 0
0.641642 1.92326 1.92326 0
0.642643 1.91878 1.91878 0
0.643644 1.69862 1.69862 0
0.644645 1.20793 1.20793 0
0.645646 1.47453 1.47453 0
0.646647 1.67086 1.67086 0
0.647648 1.29283 1.29283 0
0.648649 1.61393 1.61393 0
0.64965 1.2289 1.2289 0
0.650651 1.6446 1.6446 0
0.651652 1.57462 1.57462 0
0.652653 1.79513 1.79513 0
0.653654 1.46863 1.46863 0
0.654655 1.31538 1.31538 0
0.655656 1.6864 1.6864 0
0.656657 1.52225 1.52225 0
0.657658 1.49718 1.49718 0
0.658659 2.02046 2.02046 0
0.65966 1.65594 1.65594 0
0.660661 1.35624 1.35624 0
0.661662 1.51459 1.51459 0
0.662663 1.80507 1.80507 0
0.663664 1.55628 1.55628 0
0.664665 1.54171 1.54171 0
0.665666 1.38136 1.38136 0
0.666667 1.50765 1.50765 0
0.667668 1.39285 1.39285 0
0.668669 1.53227 1.53227 0
0.66967 1.68696 1.68696 0
0.670671 1.64983 1.64983 0
0.671672 1.84973 1.84973 0
0.672673 1.69937 1.69937 0
0.673674 1.30515 1.30515 0
0.674675 1.63136 1.63136 0
0.675676 1.61947 1.61947 0
0.676677 1.46357 1.46357 0
0.677678 1.6995 1.6995 0
0.678679 1.75106 1.75106 0
0.67968 1.53862 1.53862 0
0.680681 1.82993 1.82993 0
0.681682 1.43175 1.43175 0
0.682683 1.31052 1.31052 0
0.683684 1.82006 1.82006 0
0.684685 1.72763 1.72763 0
0.685686 1.3279 1.3279 0
0.686687 1.58039 1.58039 0
0.687688 1.52345 1.52345 0
0.688689 1.70542 1.70542 0
0.68969 1.375 1.375 0
0.690691 1.58363 1.58363 0
0.691692 1.79762 1.79762 0
0.692693 1.89358 1.89358 0
0.693694 1.55427 1.55427 0
0.694695 1.39398 1.39398 0
0.695696 1.49314 1.49314 0
0.696697 1.71353 1.71353 0
0.697698 1.55298 1.55298 0
0.698699 1.62059 1.62059 0
0.6997 1.78904 1.78904 0
0.700701 1.171 1.171 0
0.701702 1.46163 1.46163 0
0.702703 1.50657 1.50657 0
0.703704 1.6669 1.6669 0
0.704705 1.8137 1.8137 0
0.705706 1.34903 1.34903 0
0.706707 1.88549 1.88549 0
0.707708 1.2642 1.2642 0
0.708709 1.80338 1.80338 0
0.70971 1.8609 1.8609 0
0.710711 1.74065 1.74065 0
0.711712 1.81464 1.81464 0
0.712713 1.66713 1.66713 0
0.713714 1.75467 1.75467 0
0.714715 1.75586 1.75586 0
0.715716 1.60296 1.60296 0
0.716717 1.38391 1.38391 0
0.717718 1.55936 1.55936 0
0.718719 1.83512 1.83512 0
0.71972 1.22128 1.22128 0
0.720721 1.34872 1.34872 0
0.721722 1.28811 1.28811 0
0.722723 1.16286 1.16286 0
0.723724 1.40634 1.40634 0
0.724725 1.64002 1.64002 0
0.725726 1.3301 1.3301 0
0.726727 1.50984 1.50984 0
0.727728 1.57096 1.57096 0
0.728729 1.67481 1.67481 0
0.72973 1.7832 1.7832 0
0.730731 1.64561 1.64561 0
0.731732 1.54629 1.54629 0
0.732733 1.7049 1.7049 0
0.733734 1.60355 1.60355 0
0.734735 1.38815 1.38815 0
0.735736 1.77705 1.77705 0
0.736737 1.71035 1.71035 0
0.737738 1.51561 1.51561 0
0.738739 2.05047 2.05047 0
0.73974 1.55605 1.55605 0
0.740741 1.69355 1.69355 0
0.741742 1.49039 1.49039 0
0.742743 1.42069 1.42069 0
0.743744 1.74461 1.74461 0
0.744745 2.00777 2.00777 0
0.745746 1.8654 1.8654 0
0.746747 1.66575 1.66575 0
0.747748 1.60416 1.60416 0
0.748749 1.30024 1.30024 0
0.74975 2.17802 2.17802 0
0.750751 1.96141 1.96141 0
0.751752 1.54433 1.54433 0
0.752753 2.33053 2.33053 0
0.753754 1.86537 1.86537 0
0.754755 1.36728 1.36728 0
0.755756 1.93086 1.93086 0
0.756757 1.78294 1.78294 0
0.757758 2.20977 2.20977 0
0.758759 1.46597 1.46597 0
0.75976 1.3737 1.3737 0
0.760761 1.59196 1.59196 0
0.761762 1.72511 1.72511 0
0.762763 2.00707 2.00707 0
0.763764 1.47253 1.47253 0
0.764765 1.68372 1.68372 0
0.765766 1.61258 1.61258 0
0.766767 1.40191 1.40191 0
0.767768 1.62183 1.62183 0
0.768769 1.64932 1.64932 0
0.76977 1.69079 1.69079 0
0.770771 1.56782 1.56782 0
0.771772 1.46955 1.46955 0
0.772773 1.45165 1.45165 0
0.773774 1.67214 1.67214 0
0.774775 1.59469 1.59469 0
0.775776 1.46388 1.46388 0
0.776777 1.86567 1.86567 0
0.777778 1.53599 1.53599 0
0.778779 1.59988 1.59988 0
0.77978 1.90411 1.90411 0
0.780781 1.47151 1.47151 0
0.781782 1.33631 1.33631 0
0.782783 1.06146 1.06146 0
0.783784 1.28649 1.28649 0
0.784785 1.28937 1.28937 0
0.785786 1.53485 1.53485 0
0.786787 1.60144 1.60144 0
0.787788 1.63635 1.63635 0
0.788789 1.69268 1.69268 0
0.78979 1.69346 1.69346 0
0.790791 1.74276 1.74276 0
0.791792 1.46187 1.46187 0
0.792793 1.41905 1.41905 0
0.793794 1.32739 1.32739 0
0.794795 1.83907 1.83907 0
0.795796 1.49263 1.49263 0
0.796797 1.65706 1.65706 0
0.797798 1.806 1.806 0
0.798799 1.90645 1.90645 0
0.7998 1.76396 1.76396 0
0.800801 1.51083 1.51083 0
0.801802 1.63159 1.63159 0
0.802803 1.9665 1.9665 0
0.803804 1.67436 1.67436 0
0.804805 1.85415 1.85415 0
0.805806 1.49912 1.49912 0
0.806807 1.73754 1.73754 0
0.807808 1.81577 1.81577 0
0.808809 2.03017 2.03017 0
0.80981 1.35554 1.35554 0
0.810811 1.66661 1.66661 0
0.811812 1.38127 1.38127 0
0.812813 1.47262 1.47262 0
0.813814 1.46673 1.46673 0
0.814815 1.63626 1.63626 0
0.815816 1.5083 1.5083 0
0.816817 1.5918 1.5918 0
0.817818 1.38426 1.38426 0
0.818819 1.42193 1.42193 0
0.81982 2.02164 2.02164 0
0.820821 1.93746 1.93746 0
0.821822 1.41688 1.41688 0
0.822823 1.46734 1.46734 0
0.823824 1.77791 1.77791 0
0.824825 1.77665 1.77665 0
0.825826 2.01387 2.01387 0
0.826827 1.25392 1.25392 0
0.827828 1.64605 1.64605 0
0.828829 1.2411 1.2411 0
0.82983 1.9926 1.9926 0
0.830831 1.39227 1.39227 0
0.831832 1.35422 1.35422 0
0.832833 1.61017 1.61017 0
0.833834 1.66948 1.66948 0
0.834835 1.82639 1.82639 0
0.835836 1.8579 1.8579 0
0.836837 1.50043 1.50043 0
0.837838 1.43184 1.43184 0
0.838839 2.56858 2.56858 0
0.83984 1.65162 1.65162 0
0.840841 1.64917 1.64917 0
0.841842 1.67494 1.67494 0
0.842843 1.76426 1.76426 0
0.843844 1.55032 1.55032 0
0.844845 1.83771 1.83771 0
0.845846 1.59038 1.59038 0
0.846847 1.40843 1.40843 0
0.847848 1.5211 1.5211 0
0.848849 2.05567 2.05567 0
0.84985 1.69488 1.69488 0
0.850851 1.45252 1.45252 0
0.851852 1.50914 1.50914 0
0.852853 1.1409 1.1409 0
0.853854 1.92511 1.92511 0
0.854855 1.9488 1.9488 0
0.855856 1.28619 1.28619 0
0.856857 1.75318 1.75318 0
0.857858 1.48075 1.48075 0
0.858859 2.13129 2.13129 0
0.85986 1.15559 1.15559 0
0.860861 1.85793 1.85793 0
0.861862 1.23004 1.23004 0
0.862863 1.62993 1.62993 0
0.863864 2.0369 2.0369 0
0.864865 1.81029 1.81029 0
0.865866 1.64719 1.64719 0
0.866867 1.67586 1.67586 0
0.867868 1.17764 1.17764 0
0.868869 1.84746 1.84746 0
0.86987 1.47441 1.47441 0
0.870871 2.05637 2.05637 0
0.871872 1.32771 1.32771 0
0.872873 1.94448 1.94448 0
0.873874 1.73619 1.73619 0
0.874875 1.70427 1.70427 0
0.875876 1.53636 1.53636 0
0.876877 1.33987 1.33987 0
0.877878 1.74327 1.74327 0
0.878879 1.23545 1.23545 0
0.87988 2.21329 2.21329 0
0.880881 2.04149 2.04149 0
0.881882 1.52157 1.52157 0
0.882883 1.51326 1.51326 0
0.883884 1.47296 1.47296 0
0.884885 1.8314 1.8314 0
0.885886 1.654 1.654 0
0.886887 1.29214 1.29214 0
0.887888 1.35401 1.35401 0
0.888889 1.67667 1.67667 0
0.88989 1.21779 1.21779 0
0.890891 1.23467 1.23467 0
0.891892 2.05004 2.05004 0
0.892893 1.27766 1.27766 0
0.893894 1.50568 1.50568 0
0.894895 1.38422 1.38422 0
0.895896 1.40696 1.40696 0
0.896897 1.48163 1.48163 0
0.897898 1.47496 1.47496 0
0.898899 1.30255 1.30255 0
0.8999 1.56584 1.56584 0
0.900901 1.5489 1.5489 0
0.901902 1.4569 1.4569 0
0.902903 0.990293 0.990293 0
0.903904 1.43181 1.43181 0
0.904905 1.60532 1.60532 0
0.905906 1.8757 1.8757 0
0.906907 1.41898 1.41898 0
0.907908 1.74139 1.74139 0
0.908909 2.05786 2.05786 0
0.90991 1.19521 1.19521 0
0.910911 1.7955 1.7955 0
0.911912 1.05085 1.05085 0
0.912913 1.8842 1.8842 0
0.913914 1.68648 1.68648 0
0.914915 1.82012 1.82012 0
0.915916 1.46951 1.46951 0
0.916917 1.5115 1.5115 0
0.917918 1.50084 1.50084 0
0.918919 2.10794 2.10794 0
0.91992 1.80123 1.80123 0
0.920921 1.75645 1.75645 0
0.921922 1.70256 1.70256 0
0.922923 1.42507 1.42507 0
0.923924 1.5676 1.5676 0
0.924925 1.72834 1.72834 0
0.925926 1.65019 1.65019 0
0.926927 2.01863 2.01863 0
0.927928 1.65644 1.65644 0
0.928929 1.63812 1.63812 0
0.92993 1.6138 1.6138 0
0.930931 1.49576 1.49576 0
0.931932 1.41201 1.41201 0
0.932933 1.36617 1.36617 0
0.933934 1.41783 1.41783 0
0.934935 1.94538 1.94538 0
0.935936 2.48629 2.48629 0
0.936937 1.68737 1.68737 0
0.937938 1.77746 1.77746 0
0.938939 1.57821 1.57821 0
0.93994 1.36192 1.36192 0
0.940941 2.25657 2.25657 0
0.941942 1.50138 1.50138 0
0.942943 1.65136 1.65136 0
0.943944 2.13516 2.13516 0
0.944945 1.85043 1.85043 0
0.945946 2.04971 2.04971 0
0.946947 1.4903 1.4903 0
0.947948 1.22785 1.22785 0
0.948949 1.49729 1.49729 0
0.94995 1.83742 1.83742 0
0.950951 1.40472 1.40472 0
0.951952 1.53258 1.53258 0
0.952953 2.09725 2.09725 0
0.953954 2.30266 2.30266 0
0.954955 1.83385 1.83385 0
0.955956 1.47149 1.47149 0
0.956957 1.68969 1.68969 0
0.957958 1.52724 1.52724 0
0.958959 1.38551 1.38551 0
0.95996 1.6942 1.6942 0
0.960961 2.07467 2.07467 0
0.961962 2.27381 2.27381 0
0.962963 1.27952 1.27952 0
0.963964 1.52274 1.52274 0
0.964965 1.91522 1.91522 0
0.965966 1.68532 1.68532 0
0.966967 1.74064 1.74064 0
0.967968 1.77072 1.77072 0
0.968969 1.92472 1.92472 0
0.96997 1.64591 1.64591 0
0.970971 1.60542 1.60542 0
0.971972 1.77976 1.77976 0
0.972973 1.62216 1.62216 0
0.973974 1.4187 1.4187 0
0.974975 1.76203 1.76203 0
0.975976 1.77714 1.77714 0
0.976977 2.2624 2.2624 0
0.977978 1.84238 1.84238 0
0.978979 1.50681 1.50681 0
0.97998 1.46894 1.46894 0
0.980981 1.81693 1.81693 0
0.981982 1.4444 1.4444 0
0.982983 1.88354 1.88354 0
0.983984 1.57538 1.57538 0
0.984985 1.92515 1.92515 0
0.985986 2.35669 2.35669 0
0.986987 2.0626 2.0626 0
0.987988 1.82304 1.82304 0
0.988989 2.07228 2.07228 0
0.98999 1.4812 1.4812 0
0.990991 1.30612 1.30612 0
0.991992 1.64346 1.64346 0
0.992993 1.45064 1.45064 0
0.993994 1.46829 1.46829 0
0.994995 1.47569 1.47569 0
0.995996 1.95513 1.95513 0
0.996997 1.91237 1.91237 0
0.997998 2.0748 2.0748 0
0.998999 2.06629 2.06629 0
1 1.26983 1.26983 0
