#1-y 2--dNch/deta 5-dN/dY [GeV-1] 3--dN_{PreEq}/dY [GeV-1] 3--dN_{Hydro}/dY [GeV-1]
-2.85 510 0.0312891 0.0312751 1.4003e-05
-2.7 524.5 0.0359802 0.0359502 3.00134e-05
-2.55 539 0.0144602 0.0144349 2.52681e-05
-2.4 553 0.0457801 0.0457587 2.14009e-05
-2.25 567 0.0728945 0.07286 3.44924e-05
-2.1 581.5 0.0854255 0.0853788 4.6781e-05
-1.95 596 0.0557618 0.0557182 4.35852e-05
-1.8 608.5 0.0746374 0.0745838 5.36039e-05
-1.65 621 0.0520859 0.0520159 6.99818e-05
-1.5 630.5 0.0439683 0.0438822 8.60713e-05
-1.35 640 0.0540674 0.053979 8.84836e-05
-1.205 639 0.0829241 0.0828621 6.19973e-05
-1.06 638 0.0711651 0.0710919 7.32302e-05
-0.908 637 0.0832461 0.083132 0.000114106
-0.756 636 0.0748999 0.0748465 5.33716e-05
-0.605 627.5 0.045946 0.0458759 7.01355e-05
-0.454 619 0.0534932 0.0533779 0.000115302
-0.3035 619 0.221515 0.221445 7.0228e-05
-0.153 619 0.0780304 0.0779272 0.000103223
-0.002 623 0.0581207 0.057979 0.000141668
0.149 627 0.0896099 0.0895372 7.2715e-05
0.3 629 0.119753 0.119693 6.08205e-05
0.451 631 0.0876206 0.0875389 8.1709e-05
0.603 633.5 0.0414929 0.0413897 0.000103143
0.755 636 0.0963867 0.0962634 0.000123291
0.9075 632.5 0.068336 0.0682559 8.00417e-05
1.06 629 0.0594397 0.0593405 9.91752e-05
1.21 628 0.0383057 0.0382298 7.588e-05
1.36 627 0.0958009 0.0957552 4.56949e-05
1.51 623.5 0.0720965 0.0720121 8.43453e-05
1.66 620 0.101821 0.101734 8.66573e-05
1.805 608.5 0.1339 0.133824 7.58474e-05
1.95 597 0.0495269 0.0494758 5.10966e-05
2.1 583 0.0510987 0.0510708 2.79641e-05
2.25 569 0.0318471 0.0318137 3.33662e-05
2.395 557.5 0.0126198 0.0125914 2.84267e-05
2.54 546 0.193946 0.19392 2.61678e-05
2.695 533 0.0226772 0.0226613 1.5902e-05
2.85 520 0.0226979 0.0226799 1.79983e-05
