#1-Q [GeV] 2--dN/dQdY [GeV-1] 3--dN_{PreEq}/dQdY [GeV-1] 3--dN_{Hydro}/dQdY [GeV-1]
0 0 0 0
0.04004 0.475795 0.475795 0
0.0800801 0.752507 0.752507 0
0.12012 1.0793 1.0793 0
0.16016 1.14574 1.14574 0
0.2002 1.30143 1.30143 0
0.24024 1.37564 1.37564 0
0.28028 1.10459 1.10459 0
0.32032 1.6548 1.6548 0
0.36036 1.32918 1.32918 0
0.4004 1.65257 1.65257 0
0.44044 1.72454 1.72454 0
0.48048 1.73118 1.73118 0
0.520521 1.23792 1.23792 0
0.560561 1.36165 1.36165 0
0.600601 1.71593 1.71593 0
0.640641 1.94088 1.94088 0
0.680681 1.86787 1.86787 0
0.720721 1.88605 1.88605 0
0.760761 2.01464 2.01464 0
0.800801 1.30298 1.30298 0
0.840841 1.48614 1.48614 0
0.880881 2.06103 2.06103 0
0.920921 1.44451 1.44451 0
0.960961 1.85186 1.85186 0
1.001 1.33376 1.33376 0
1.04104 1.78363 1.78363 0
1.08108 1.76237 1.75842 0.00394213
1.12112 2.32698 2.32297 0.00401334
1.16116 1.73272 1.72402 0.0086982
1.2012 1.20173 1.18586 0.0158669
1.24124 1.97869 1.95841 0.020277
1.28128 1.8081 1.78483 0.0232738
1.32132 1.76956 1.74956 0.0199986
1.36136 1.91134 1.89347 0.0178699
1.4014 1.92932 1.91006 0.0192624
1.44144 1.36035 1.33824 0.0221051
1.48148 2.01699 1.98887 0.0281277
1.52152 1.94116 1.90998 0.031179
1.56156 1.32862 1.29248 0.0361487
1.6016 2.28988 2.25674 0.0331412
1.64164 2.31259 2.27625 0.0363493
1.68168 2.41987 2.39128 0.0285866
1.72172 1.74268 1.71093 0.0317473
1.76176 1.53881 1.49855 0.0402634
1.8018 1.18892 1.15563 0.0332928
1.84184 1.06395 1.01917 0.0447798
1.88188 2.05789 2.01969 0.0381996
1.92192 1.62549 1.58396 0.0415285
1.96196 1.49061 1.44986 0.0407571
2.002 2.08757 2.04019 0.0473851
2.04204 1.62634 1.58684 0.0394944
2.08208 2.06557 2.03519 0.0303771
2.12212 2.47345 2.41466 0.0587882
2.16216 1.63798 1.6098 0.0281855
2.2022 2.03193 1.99114 0.0407882
2.24224 1.31013 1.26812 0.0420028
2.28228 1.09657 1.04839 0.048181
2.32232 1.07167 0.995582 0.076087
2.36236 1.49718 1.45634 0.04084
2.4024 0.93389 0.891515 0.0423749
2.44244 1.47229 1.43672 0.0355739
2.48248 1.48602 1.43705 0.048972
2.52252 1.24455 1.20012 0.0444263
2.56256 1.64252 1.59855 0.0439706
2.6026 2.28337 2.24727 0.0361019
2.64264 1.70725 1.66132 0.045925
2.68268 1.09498 1.05235 0.042621
2.72272 2.03021 1.98947 0.0407314
2.76276 2.33542 2.29399 0.0414344
2.8028 1.60192 1.55835 0.0435717
2.84284 1.54668 1.49877 0.0479067
2.88288 1.41481 1.35763 0.057175
2.92292 1.40598 1.36302 0.0429613
2.96296 1.36155 1.30994 0.0516081
3.003 1.40174 1.34594 0.0557999
3.04304 1.96261 1.90712 0.0554854
3.08308 1.32121 1.27753 0.0436844
3.12312 1.80189 1.76082 0.0410741
3.16316 1.2946 1.24176 0.0528434
3.2032 1.62766 1.5838 0.0438619
3.24324 1.61109 1.55774 0.0533555
3.28328 1.34433 1.29408 0.0502472
3.32332 1.6373 1.59268 0.0446151
3.36336 1.7587 1.71675 0.0419427
3.4034 1.52671 1.46833 0.0583814
3.44344 2.28849 2.25328 0.0352067
3.48348 1.31296 1.27536 0.0376031
3.52352 1.81585 1.74231 0.0735359
3.56356 1.77962 1.73765 0.0419656
3.6036 1.65376 1.61732 0.0364457
3.64364 1.59836 1.55205 0.0463079
3.68368 2.50639 2.46572 0.0406712
3.72372 1.12099 1.06473 0.0562596
3.76376 2.10619 2.06493 0.0412551
3.8038 2.50314 2.44527 0.0578647
3.84384 2.16471 2.1149 0.049806
3.88388 1.78324 1.72818 0.0550578
3.92392 1.85045 1.80578 0.0446665
3.96396 1.1918 1.15431 0.0374889
4.004 1.03788 0.974617 0.0632656
4.04404 2.29953 2.26482 0.0347131
4.08408 1.39393 1.32037 0.0735631
4.12412 0.726809 0.659309 0.0674993
4.16416 2.28684 2.22293 0.0639144
4.2042 1.32383 1.28461 0.0392152
4.24424 2.1859 2.13947 0.046424
4.28428 2.06287 2.02544 0.0374285
4.32432 2.59381 2.55249 0.0413246
4.36436 2.15835 2.10317 0.0551748
4.4044 1.10725 1.04697 0.0602848
4.44444 1.68877 1.65205 0.0367147
4.48448 1.75481 1.68445 0.0703627
4.52452 1.31191 1.26785 0.044062
4.56456 1.02283 0.931958 0.090877
4.6046 1.18103 1.13312 0.0479155
4.64464 1.09202 1.04324 0.0487797
4.68468 0.963761 0.904406 0.0593551
4.72472 1.40421 1.36203 0.0421814
4.76476 1.84719 1.79988 0.0473051
4.8048 4.16083 4.11809 0.0427354
4.84484 1.75446 1.7115 0.0429672
4.88488 2.58243 2.53137 0.0510673
4.92492 1.81776 1.74896 0.0688015
4.96496 1.05506 1.00676 0.0483058
5.00501 2.32995 2.27483 0.0551174
5.04505 1.54069 1.47708 0.0636062
5.08509 1.6178 1.55334 0.0644586
5.12513 1.06295 1.00832 0.0546333
5.16517 2.34966 2.3149 0.0347688
5.20521 1.54668 1.48416 0.0625244
5.24525 1.099 1.05347 0.0455224
5.28529 1.07668 1.03609 0.0405894
5.32533 1.51907 1.47547 0.0435963
5.36537 1.13502 1.10349 0.0315271
5.40541 2.10896 2.05282 0.0561421
5.44545 1.04557 0.982457 0.0631108
5.48549 1.29656 1.25095 0.045616
5.52553 2.45257 2.39845 0.0541165
5.56557 3.13622 3.08927 0.0469473
5.60561 1.86115 1.81183 0.0493169
5.64565 1.42851 1.36678 0.0617324
5.68569 1.52973 1.48043 0.0492978
5.72573 1.57793 1.52832 0.0496139
5.76577 2.09278 2.0355 0.0572806
5.80581 1.57403 1.52809 0.045936
5.84585 0.808804 0.759348 0.0494554
5.88589 1.88555 1.84036 0.0451831
5.92593 1.47937 1.43131 0.0480562
5.96597 1.80829 1.76461 0.0436708
6.00601 1.12773 1.05766 0.0700784
6.04605 1.73499 1.68994 0.0450555
6.08609 2.57339 2.53168 0.0417104
6.12613 1.34182 1.28691 0.0549176
6.16617 2.64162 2.59967 0.041952
6.20621 0.95985 0.920591 0.0392594
6.24625 1.07078 1.02961 0.0411628
6.28629 1.71505 1.66687 0.0481841
6.32633 1.26469 1.20974 0.0549508
6.36637 1.97033 1.92019 0.0501435
6.40641 1.36726 1.32262 0.0446391
6.44645 1.22136 1.15223 0.0691271
6.48649 1.93176 1.8894 0.0423638
6.52653 4.36234 4.30616 0.0561822
6.56657 1.94513 1.90009 0.0450389
6.60661 2.00296 1.95162 0.0513357
6.64665 1.73228 1.70134 0.0309388
6.68669 4.27466 4.2289 0.0457518
6.72673 1.80138 1.73958 0.0618001
6.76677 1.34303 1.30384 0.0391866
6.80681 1.16613 1.1022 0.0639222
6.84685 1.57577 1.51241 0.0633508
6.88689 1.54545 1.49069 0.0547586
6.92693 3.06738 3.02675 0.040632
6.96697 1.30958 1.26142 0.048159
7.00701 1.06731 1.01199 0.0553255
7.04705 1.81763 1.78913 0.0284983
7.08709 1.65792 1.59879 0.0591298
7.12713 1.65408 1.62036 0.0337191
7.16717 1.25951 1.20219 0.0573159
7.20721 1.29199 1.24247 0.0495164
7.24725 2.43646 2.38096 0.0555
7.28729 1.82052 1.77554 0.0449722
7.32733 2.25203 2.20259 0.0494395
7.36737 2.18272 2.12618 0.0565404
7.40741 1.57538 1.54057 0.0348134
7.44745 2.46441 2.42402 0.0403846
7.48749 2.00691 1.94281 0.0641
7.52753 2.64511 2.59163 0.0534768
7.56757 1.16648 1.10365 0.062834
7.60761 1.50509 1.41463 0.0904554
7.64765 0.98905 0.941588 0.0474611
7.68769 2.19153 2.13665 0.054874
7.72773 1.90403 1.86853 0.0355019
7.76777 1.76821 1.68646 0.0817515
7.80781 1.6848 1.62152 0.0632812
7.84785 1.39366 1.35513 0.0385284
7.88789 2.08162 2.01816 0.0634544
7.92793 2.61978 2.5512 0.0685812
7.96797 2.01023 1.97097 0.0392603
8.00801 1.23242 1.17169 0.0607229
8.04805 1.16822 1.13179 0.0364335
8.08809 0.873394 0.840543 0.0328506
8.12813 0.995991 0.955122 0.0408687
8.16817 2.02424 1.98781 0.0364318
8.20821 2.20081 2.15048 0.050332
8.24825 0.728583 0.686579 0.0420046
8.28829 1.74287 1.68709 0.0557808
8.32833 1.76487 1.72295 0.0419192
8.36837 1.93052 1.8929 0.037621
8.40841 2.64972 2.58602 0.0637054
8.44845 3.12581 3.07644 0.0493646
8.48849 2.20989 2.12258 0.0873047
8.52853 1.7577 1.72498 0.0327233
8.56857 1.09205 1.04627 0.0457768
8.60861 1.4357 1.38164 0.0540571
8.64865 1.46899 1.42024 0.0487412
8.68869 0.958119 0.911317 0.0468022
8.72873 1.14039 1.0977 0.0426854
8.76877 1.45487 1.42461 0.0302613
8.80881 1.67812 1.64076 0.0373679
8.84885 2.59867 2.52993 0.0687377
8.88889 1.88507 1.83946 0.0456115
8.92893 1.1854 1.12159 0.0638089
8.96897 1.11008 1.03277 0.0773142
9.00901 0.862139 0.825368 0.0367718
9.04905 1.94518 1.89548 0.0497052
9.08909 1.5319 1.49447 0.0374355
9.12913 0.88089 0.784899 0.0959911
9.16917 1.01499 0.956656 0.0583347
9.20921 2.15128 2.10031 0.0509717
9.24925 1.63369 1.58298 0.0507033
9.28929 2.66555 2.62457 0.0409715
9.32933 1.26273 1.20745 0.0552818
9.36937 1.26929 1.22704 0.0422495
9.40941 0.861433 0.822031 0.0394017
9.44945 2.55964 2.49656 0.0630823
9.48949 1.51562 1.49365 0.0219736
9.52953 2.6511 2.59352 0.0575773
9.56957 2.58023 2.54166 0.0385719
9.60961 3.12163 3.06625 0.0553797
9.64965 1.13097 1.09615 0.0348197
9.68969 1.25518 1.1892 0.0659836
9.72973 1.04897 0.981235 0.0677384
9.76977 1.81808 1.76519 0.0528831
9.80981 1.39133 1.327 0.0643234
9.84985 1.95679 1.91474 0.0420521
9.88989 1.38755 1.32901 0.0585451
9.92993 1.27948 1.22958 0.0498995
9.96997 1.27726 1.22594 0.0513172
10.01 1.31969 1.27326 0.0464347
10.0501 1.76742 1.70042 0.067003
10.0901 1.07702 0.966792 0.110231
10.1301 1.91505 1.87498 0.0400667
10.1702 2.16659 2.13 0.0365907
10.2102 2.47641 2.42053 0.0558763
10.2503 1.54052 1.49568 0.0448399
10.2903 2.07289 2.00873 0.0641579
10.3303 2.07353 2.03207 0.041463
10.3704 1.9949 1.91799 0.0769112
10.4104 1.36138 1.25765 0.103723
10.4505 0.738567 0.695002 0.0435653
10.4905 1.27803 1.22845 0.0495711
10.5305 1.16929 1.13323 0.036059
10.5706 0.664704 0.624839 0.0398653
10.6106 1.40155 1.35498 0.0465741
10.6507 2.25853 2.22224 0.0362909
10.6907 1.33224 1.28161 0.0506368
10.7307 1.26458 1.17508 0.0895015
10.7708 3.72481 3.69487 0.0299404
10.8108 2.91911 2.88454 0.0345712
10.8509 1.37808 1.34014 0.0379317
10.8909 2.08485 2.01955 0.0653009
10.9309 2.06514 2.02182 0.0433191
10.971 1.74001 1.70771 0.0322963
11.011 1.64135 1.59955 0.0418046
11.0511 1.02319 0.966502 0.0566844
11.0911 0.739314 0.702584 0.0367295
11.1311 0.696841 0.666233 0.0306087
11.1712 2.23707 2.19073 0.0463357
11.2112 1.56175 1.53186 0.0298836
11.2513 3.62295 3.57615 0.0467958
11.2913 2.41965 2.36444 0.0552111
11.3313 1.4308 1.39163 0.0391772
11.3714 3.46538 3.41687 0.0485142
11.4114 1.94961 1.90189 0.0477172
11.4515 1.3149 1.25589 0.059008
11.4915 0.933303 0.855605 0.077698
11.5315 0.718165 0.635583 0.0825822
11.5716 1.35252 1.31744 0.0350833
11.6116 1.83155 1.76081 0.0707493
11.6517 1.7192 1.62435 0.0948481
11.6917 1.29365 1.22192 0.0717249
11.7317 1.52176 1.48467 0.0370878
11.7718 1.36397 1.31466 0.0493104
11.8118 1.51823 1.48377 0.0344589
11.8519 1.77196 1.73503 0.0369336
11.8919 0.749124 0.684015 0.0651083
11.9319 0.957722 0.919586 0.0381362
11.972 0.726209 0.673927 0.0522825
12.012 0.880265 0.822297 0.0579681
12.0521 0.499214 0.465524 0.0336904
12.0921 0.734097 0.694729 0.0393682
12.1321 1.4899 1.42215 0.0677515
12.1722 2.9253 2.88721 0.0380914
12.2122 2.08272 2.05883 0.0238848
12.2523 1.55577 1.49172 0.0640514
12.2923 2.06166 2.01407 0.0475908
12.3323 2.27149 2.22999 0.0415006
12.3724 1.29578 1.261 0.0347833
12.4124 1.57914 1.4974 0.0817367
12.4525 1.7107 1.62319 0.0875048
12.4925 1.3999 1.36616 0.0337436
12.5325 1.30677 1.23934 0.067432
12.5726 1.30229 1.25139 0.0509047
12.6126 2.80317 2.71759 0.0855802
12.6527 1.61331 1.55043 0.0628778
12.6927 4.54836 4.49996 0.0483985
12.7327 0.635025 0.598082 0.0369436
12.7728 1.3018 1.26972 0.0320751
12.8128 2.24497 2.19394 0.0510375
12.8529 1.30003 1.24728 0.0527491
12.8929 1.05624 1.02538 0.0308585
12.9329 0.657517 0.555459 0.102057
12.973 1.19944 1.13591 0.0635325
13.013 1.58834 1.56623 0.0221144
13.0531 0.864794 0.820451 0.0443433
13.0931 0.713988 0.672769 0.041219
13.1331 1.43397 1.37386 0.0601028
13.1732 2.35208 2.25137 0.100708
13.2132 0.764567 0.725827 0.0387397
13.2533 1.60714 1.58615 0.0209879
13.2933 0.460287 0.408707 0.0515801
13.3333 1.63131 1.57436 0.0569535
13.3734 1.41404 1.36295 0.0510839
13.4134 0.98551 0.911732 0.0737774
13.4535 1.27115 1.2314 0.0397524
13.4935 5.83271 5.80068 0.0320274
13.5335 0.903456 0.864024 0.0394316
13.5736 1.14004 1.09009 0.0499456
13.6136 2.66657 2.63026 0.0363105
13.6537 2.97752 2.90117 0.0763482
13.6937 1.88891 1.82062 0.0682822
13.7337 0.520385 0.423207 0.0971773
13.7738 2.84163 2.78275 0.0588827
13.8138 1.00091 0.966211 0.0346987
13.8539 1.99206 1.95789 0.0341684
13.8939 1.15407 1.11433 0.0397343
13.9339 0.435623 0.400608 0.0350152
13.974 1.45594 1.411 0.0449474
14.014 2.5312 2.47641 0.054786
14.0541 2.86656 2.82199 0.0445661
14.0941 0.99651 0.96192 0.0345906
14.1341 0.696568 0.616614 0.0799542
14.1742 1.821 1.7908 0.0301978
14.2142 1.6202 1.57225 0.0479475
14.2543 2.99156 2.95351 0.0380518
14.2943 1.94975 1.9066 0.0431547
14.3343 2.50147 2.45266 0.0488043
14.3744 0.65636 0.621112 0.0352483
14.4144 2.40847 2.35294 0.0555295
14.4545 1.05676 1.01854 0.0382188
14.4945 1.33139 1.28893 0.0424646
14.5345 2.369 2.29708 0.0719178
14.5746 2.99143 2.95726 0.0341721
14.6146 4.0781 4.01883 0.0592726
14.6547 1.78863 1.71348 0.0751481
14.6947 1.59265 1.55506 0.0375901
14.7347 2.64491 2.61153 0.0333868
14.7748 2.36267 2.32308 0.0395842
14.8148 1.60925 1.58081 0.0284479
14.8549 1.93605 1.87982 0.0562275
14.8949 1.28094 1.21373 0.0672126
14.9349 1.59944 1.55669 0.0427493
14.975 5.68379 5.61046 0.0733264
15.015 1.29347 1.25213 0.0413439
15.0551 0.680616 0.62024 0.060376
15.0951 1.57208 1.54217 0.0299104
15.1351 1.78307 1.73992 0.0431494
15.1752 2.23398 2.14686 0.0871183
15.2152 1.4675 1.44088 0.0266251
15.2553 1.10524 1.07325 0.0319968
15.2953 1.96737 1.91546 0.0519104
15.3353 0.880305 0.799365 0.0809397
15.3754 0.770356 0.722231 0.0481246
15.4154 1.39513 1.27883 0.116305
15.4555 0.740293 0.680448 0.0598457
15.4955 0.435307 0.367027 0.0682807
15.5355 1.79232 1.6635 0.128817
15.5756 2.73524 2.6879 0.0473381
15.6156 4.77925 4.74406 0.0351845
15.6557 1.40308 1.36288 0.0402025
15.6957 0.485468 0.450442 0.0350266
15.7357 1.27738 1.19957 0.0778111
15.7758 0.554338 0.483168 0.0711698
15.8158 1.73617 1.65994 0.0762286
15.8559 0.916576 0.836546 0.0800302
15.8959 0.821607 0.78408 0.0375271
15.9359 2.64978 2.5564 0.0933806
15.976 1.1728 1.0809 0.0918985
16.016 1.96386 1.88602 0.0778437
16.0561 1.93645 1.88948 0.0469715
16.0961 1.27107 1.20812 0.0629495
16.1361 1.76577 1.69375 0.0720167
16.1762 7.16223 7.12821 0.0340204
16.2162 4.21165 4.13905 0.0725964
16.2563 1.23052 1.19531 0.0352042
16.2963 1.02964 0.987037 0.0425986
16.3363 2.11153 2.08519 0.0263369
16.3764 3.0298 2.95525 0.0745519
16.4164 1.16085 1.13272 0.0281301
16.4565 2.81967 2.74789 0.071771
16.4965 2.33364 2.27252 0.0611184
16.5365 1.48042 1.39426 0.0861601
16.5766 2.93987 2.91241 0.0274553
16.6166 1.25964 1.22207 0.0375677
16.6567 0.588884 0.531569 0.0573157
16.6967 2.76058 2.71174 0.0488462
16.7367 2.69293 2.66816 0.0247642
16.7768 6.30329 6.21896 0.0843304
16.8168 0.817659 0.761483 0.0561762
16.8569 1.52347 1.48306 0.0404025
16.8969 2.24796 2.17436 0.0735949
16.9369 1.14401 1.10335 0.0406655
16.977 2.32629 2.27953 0.0467539
17.017 1.43725 1.36123 0.0760216
17.0571 5.36176 5.26907 0.0926933
17.0971 2.42475 2.34273 0.0820182
17.1371 1.18762 1.14895 0.0386662
17.1772 2.17808 2.14966 0.0284206
17.2172 1.35124 1.31247 0.0387663
17.2573 0.640181 0.611183 0.0289973
17.2973 1.52101 1.43827 0.0827375
17.3373 4.00567 3.97547 0.0302065
17.3774 2.2216 2.19029 0.0313071
17.4174 1.56893 1.48721 0.0817178
17.4575 1.26087 1.1883 0.0725767
17.4975 1.92117 1.87437 0.0467998
17.5375 1.18932 1.12705 0.0622702
17.5776 2.26332 2.23258 0.0307367
17.6176 1.15681 1.10306 0.0537571
17.6577 1.34399 1.31509 0.0289002
17.6977 1.01062 0.944559 0.066063
17.7377 2.10341 2.0827 0.0207053
17.7778 3.15231 3.08402 0.0682897
17.8178 1.59624 1.51488 0.0813641
17.8579 2.00287 1.96665 0.0362175
17.8979 1.33007 1.29602 0.0340494
17.9379 1.36462 1.31711 0.0475083
17.978 1.80323 1.77641 0.0268206
18.018 0.594096 0.569908 0.0241873
18.0581 0.625747 0.564169 0.0615774
18.0981 0.52108 0.457211 0.063869
18.1381 1.47615 1.44459 0.0315566
18.1782 2.14502 2.11329 0.0317228
18.2182 0.792444 0.763272 0.0291719
18.2583 2.38833 2.35236 0.0359696
18.2983 0.564028 0.501713 0.0623154
18.3383 2.04229 1.99098 0.0513024
18.3784 0.71757 0.683953 0.0336164
18.4184 1.25617 1.19937 0.0568056
18.4585 1.54399 1.50395 0.0400316
18.4985 2.0141 1.99148 0.0226217
18.5385 2.15915 2.1196 0.0395554
18.5786 0.518178 0.488453 0.0297249
18.6186 0.791064 0.682398 0.108667
18.6587 2.26338 2.22958 0.0338005
18.6987 1.51718 1.47921 0.0379755
18.7387 1.89324 1.8074 0.0858446
18.7788 1.16162 1.07928 0.0823377
18.8188 1.18517 1.15571 0.0294602
18.8589 1.37186 1.34525 0.0266092
18.8989 1.48305 1.43727 0.0457755
18.9389 1.62602 1.59672 0.0292972
18.979 2.74395 2.70007 0.043884
19.019 1.93604 1.87981 0.0562261
19.0591 1.20518 1.13561 0.0695716
19.0991 1.3742 1.31161 0.0625884
19.1391 0.347746 0.322718 0.0250281
19.1792 0.687319 0.631311 0.0560085
19.2192 1.16185 1.10994 0.0519133
19.2593 1.96966 1.94834 0.0213181
19.2993 2.39035 2.36571 0.0246351
19.3393 6.45367 6.38752 0.0661492
19.3794 2.73516 2.68981 0.0453529
19.4194 0.878712 0.80217 0.0765418
19.4595 0.938681 0.867929 0.0707525
19.4995 1.88492 1.84233 0.0425942
19.5395 1.18145 1.1311 0.0503543
19.5796 1.61816 1.51616 0.102001
19.6196 1.42365 1.39785 0.0257942
19.6597 0.827003 0.802942 0.0240614
19.6997 1.88165 1.85458 0.0270655
19.7397 2.19353 2.10641 0.0871205
19.7798 1.2417 1.15349 0.0882176
19.8198 2.55106 2.51856 0.0325057
19.8599 0.714313 0.691956 0.0223571
19.8999 0.704189 0.680665 0.0235237
19.9399 0.868356 0.836257 0.0320985
19.98 0.698356 0.66952 0.0288358
20.02 2.426 2.37749 0.0485097
20.0601 3.86081 3.78677 0.0740414
20.1001 2.16107 2.13498 0.0260902
20.1401 1.05663 1.02638 0.0302465
20.1802 2.19516 2.16609 0.0290737
20.2202 1.01192 0.90295 0.108966
20.2603 2.36094 2.27241 0.0885347
20.3003 2.06341 2.02568 0.0377306
20.3403 1.23 1.18233 0.0476744
20.3804 2.01996 1.9356 0.0843565
20.4204 1.17564 1.12232 0.0533215
20.4605 1.4209 1.36903 0.0518742
20.5005 0.609491 0.577406 0.032085
20.5405 0.864618 0.836659 0.0279588
20.5806 1.10267 0.97597 0.126697
20.6206 1.22038 1.17809 0.0422839
20.6607 1.03176 0.97978 0.0519799
20.7007 1.28986 1.23695 0.0529192
20.7407 1.49583 1.42445 0.0713753
20.7808 1.29435 1.2585 0.0358509
20.8208 1.04537 1.01653 0.0288412
20.8609 0.769921 0.690217 0.0797046
20.9009 1.51688 1.44309 0.0737865
20.9409 1.73274 1.70711 0.0256225
20.981 2.20506 2.17128 0.0337781
21.021 1.64095 1.59853 0.0424228
21.0611 5.17155 5.14611 0.0254344
21.1011 2.04055 2.02334 0.0172115
21.1411 1.05402 1.03628 0.0177464
21.1812 1.31729 1.2674 0.0498974
21.2212 0.934869 0.89796 0.0369092
21.2613 2.56352 2.51829 0.0452318
21.3013 4.69867 4.67477 0.0239087
21.3413 2.13404 2.07938 0.0546615
21.3814 0.507116 0.409835 0.0972805
21.4214 2.73903 2.66777 0.0712655
21.4615 3.56648 3.52295 0.0435294
21.5015 4.1374 4.08004 0.0573548
21.5415 0.59056 0.551074 0.0394865
21.5816 2.22258 2.1944 0.0281768
21.6216 1.50779 1.477 0.0307988
21.6617 0.979594 0.906118 0.0734764
21.7017 2.05641 1.99904 0.0573714
21.7417 0.871237 0.777763 0.0934734
21.7818 0.571907 0.530804 0.0411029
21.8218 1.22428 1.19968 0.0245984
21.8619 1.27643 1.20113 0.0752974
21.9019 2.58466 2.51719 0.0674675
21.9419 3.92295 3.8703 0.0526449
21.982 0.915117 0.864619 0.0504975
22.022 1.78132 1.68117 0.10015
22.0621 5.9054 5.87505 0.0303499
22.1021 2.67741 2.60709 0.0703241
22.1421 0.911781 0.881863 0.0299175
22.1822 1.98453 1.95341 0.0311158
22.2222 0.33898 0.289201 0.0497794
22.2623 1.32164 1.26265 0.0589908
22.3023 1.06378 1.02701 0.0367678
22.3423 3.14695 3.12226 0.02469
22.3824 0.927644 0.847926 0.0797185
22.4224 0.609392 0.558458 0.0509335
22.4625 1.01177 0.971724 0.0400507
22.5025 0.539819 0.491775 0.048044
22.5425 1.24442 1.20258 0.041832
22.5826 4.04508 3.99548 0.0496043
22.6226 1.11777 1.07786 0.0399083
22.6627 2.54652 2.49937 0.0471461
22.7027 6.72334 6.6242 0.099135
22.7427 0.489655 0.460306 0.0293498
22.7828 0.97971 0.932125 0.0475846
22.8228 3.89543 3.86084 0.0345937
22.8629 1.50721 1.47522 0.0319984
22.9029 3.45131 3.4176 0.0337174
22.9429 1.69736 1.65593 0.0414354
22.983 0.854565 0.780988 0.0735763
23.023 1.63302 1.58656 0.0464617
23.0631 0.592386 0.520456 0.0719301
23.1031 1.77722 1.74773 0.0294924
23.1431 2.50135 2.43392 0.0674259
23.1832 3.71825 3.68031 0.0379468
23.2232 0.944035 0.916144 0.0278903
23.2633 0.825328 0.792034 0.0332944
23.3033 1.10873 1.05829 0.050442
23.3433 3.60731 3.5711 0.0362031
23.3834 2.63258 2.52818 0.104398
23.4234 0.735476 0.691652 0.0438249
23.4635 2.01323 1.94246 0.0707764
23.5035 2.04645 1.99291 0.0535418
23.5435 4.43267 4.39611 0.036561
23.5836 1.52812 1.47572 0.0523977
23.6236 7.53745 7.47669 0.0607605
23.6637 1.14998 1.11867 0.0313124
23.7037 1.86737 1.81543 0.0519476
23.7437 0.56497 0.521306 0.0436644
23.7838 1.55124 1.51874 0.032499
23.8238 1.4343 1.40792 0.026379
23.8639 2.49115 2.45244 0.0387035
23.9039 2.1316 2.09695 0.0346519
23.9439 0.75995 0.697244 0.0627062
23.984 0.842472 0.780253 0.0622187
24.024 0.669442 0.581303 0.0881397
24.0641 0.645024 0.599305 0.0457188
24.1041 2.2539 2.22409 0.0298054
24.1441 3.85676 3.81666 0.0401036
24.1842 4.65917 4.57221 0.0869629
24.2242 4.6042 4.53376 0.0704445
24.2643 1.08845 1.06661 0.0218429
24.3043 1.78951 1.74049 0.0490213
24.3443 3.51471 3.50076 0.0139474
24.3844 1.86358 1.82652 0.0370588
24.4244 7.55974 7.53365 0.0260898
24.4645 2.52135 2.48246 0.03889
24.5045 5.06636 4.94452 0.121833
24.5445 3.76819 3.70522 0.0629706
24.5846 1.13793 1.09405 0.0438829
24.6246 2.52458 2.4675 0.0570796
24.6647 1.00084 0.965753 0.0350906
24.7047 1.3078 1.29032 0.0174854
24.7447 3.28649 3.22615 0.060334
24.7848 1.10339 1.05936 0.044036
24.8248 1.17157 1.13486 0.0367047
24.8649 1.51526 1.4546 0.0606518
24.9049 0.635764 0.570951 0.064813
24.9449 0.872236 0.810657 0.0615785
24.985 0.541845 0.477854 0.0639906
25.025 1.37269 1.3418 0.0308947
25.0651 0.603229 0.559557 0.0436722
25.1051 4.62838 4.60048 0.0279003
25.1451 4.82346 4.79516 0.028302
25.1852 0.802052 0.773533 0.0285189
25.2252 2.09933 2.06755 0.0317743
25.2653 2.88466 2.84121 0.0434523
25.3053 1.00543 0.960805 0.0446248
25.3453 1.15818 1.08482 0.0733611
25.3854 0.947834 0.903666 0.0441682
25.4254 1.64375 1.53166 0.112095
25.4655 3.50066 3.45604 0.0446207
25.5055 1.05199 0.99032 0.0616691
25.5455 0.629297 0.603048 0.0262497
25.5856 2.23489 2.18444 0.0504447
25.6256 2.62548 2.56937 0.0561093
25.6657 1.57912 1.4793 0.0998157
25.7057 2.36184 2.34883 0.0130012
25.7457 1.43621 1.36634 0.0698712
25.7858 1.29136 1.20438 0.0869799
25.8258 0.816509 0.760248 0.0562611
25.8659 1.0771 1.03294 0.0441598
25.9059 0.632049 0.56745 0.0645993
25.9459 0.90173 0.851 0.0507296
25.986 1.52642 1.48372 0.042702
26.026 1.59936 1.54281 0.0565495
26.0661 1.23678 1.21857 0.0182155
26.1061 0.5631 0.518375 0.0447255
26.1461 0.941711 0.915143 0.026568
26.1862 1.47703 1.43772 0.0393042
26.2262 0.617707 0.583404 0.0343028
26.2663 3.94474 3.89293 0.0518056
26.3063 2.43607 2.35931 0.0767641
26.3463 0.791639 0.715577 0.0760622
26.3864 2.52321 2.50505 0.0181624
26.4264 3.07119 3.01515 0.0560418
26.4665 1.8771 1.81905 0.05805
26.5065 2.25604 2.21878 0.0372639
26.5465 2.89185 2.86741 0.0244389
26.5866 2.57165 2.55367 0.0179807
26.6266 0.280035 0.233887 0.0461483
26.6667 1.50091 1.44398 0.0569273
26.7067 0.541012 0.501719 0.0392935
26.7467 3.1497 3.06119 0.0885102
26.7868 1.8469 1.79068 0.0562109
26.8268 0.968312 0.915094 0.053218
26.8669 2.03839 2.00027 0.0381185
26.9069 1.83633 1.79565 0.040679
26.9469 1.72051 1.67371 0.0467938
26.987 2.10518 2.08627 0.0189145
27.027 0.749371 0.664485 0.0848857
27.0671 0.895165 0.864084 0.0310812
27.1071 0.609286 0.574475 0.0348109
27.1471 1.16182 1.12499 0.0368295
27.1872 1.34207 1.29304 0.0490366
27.2272 1.21266 1.11287 0.0997861
27.2673 1.31566 1.22684 0.0888185
27.3073 0.769578 0.669345 0.100233
27.3473 1.06834 1.00506 0.0632845
27.3874 2.15671 2.11108 0.0456268
27.4274 3.40524 3.34838 0.05686
27.4675 3.07841 3.00061 0.0778056
27.5075 5.30706 5.21972 0.0873382
27.5475 1.71141 1.68278 0.0286277
27.5876 0.756707 0.68387 0.0728366
27.6276 0.688325 0.613221 0.0751043
27.6677 0.653372 0.617332 0.03604
27.7077 0.755961 0.717384 0.0385769
27.7477 1.30454 1.24882 0.0557151
27.7878 3.5301 3.51683 0.0132659
27.8278 1.02053 0.930851 0.089683
27.8679 0.497242 0.433789 0.063453
27.9079 0.451397 0.360858 0.0905397
27.9479 1.81008 1.74879 0.0612962
27.988 0.709796 0.66763 0.042166
28.028 0.421114 0.388382 0.0327324
28.0681 0.449469 0.374085 0.075384
28.1081 1.28818 1.23011 0.0580714
28.1481 1.63272 1.60534 0.0273789
28.1882 1.37615 1.32019 0.0559597
28.2282 0.720033 0.614395 0.105638
28.2683 1.1427 1.09251 0.0501962
28.3083 1.38036 1.34493 0.0354306
28.3483 1.03579 1.01581 0.0199865
28.3884 0.35271 0.277712 0.0749986
28.4284 4.13389 4.09254 0.0413498
28.4685 2.97295 2.92152 0.0514258
28.5085 4.97681 4.92861 0.0481945
28.5485 0.89214 0.801542 0.0905974
28.5886 0.623079 0.601655 0.0214244
28.6286 1.4264 1.40405 0.0223539
28.6687 1.27611 1.25313 0.0229762
28.7087 3.85941 3.81123 0.0481812
28.7487 0.724762 0.656005 0.0687568
28.7888 1.68131 1.64836 0.0329459
28.8288 2.88862 2.84517 0.0434424
28.8689 0.783731 0.695134 0.0885974
28.9089 2.42457 2.40503 0.0195335
28.9489 0.885238 0.85158 0.0336585
28.989 3.83746 3.78481 0.0526437
29.029 0.504238 0.494663 0.00957577
29.0691 1.23344 1.20142 0.032018
29.1091 0.528566 0.460331 0.0682348
29.1491 2.41058 2.39307 0.0175044
29.1892 2.20455 2.14892 0.0556283
29.2292 0.85827 0.798738 0.059532
29.2693 0.360776 0.319638 0.041138
29.3093 1.12422 1.08759 0.0366211
29.3493 3.18941 3.16131 0.0280998
29.3894 1.15064 1.09562 0.0550144
29.4294 4.01971 4.00168 0.0180343
29.4695 1.78485 1.75949 0.0253596
29.5095 1.52648 1.49644 0.0300463
29.5495 0.480958 0.362495 0.118464
29.5896 1.03659 0.993712 0.0428792
29.6296 0.831697 0.765788 0.0659083
29.6697 1.90783 1.87927 0.0285618
29.7097 1.41741 1.37244 0.0449618
29.7497 3.1279 3.03446 0.0934357
29.7898 1.73665 1.70381 0.0328456
29.8298 2.48804 2.45818 0.0298575
29.8699 1.37896 1.33844 0.0405213
29.9099 2.16971 2.12161 0.048103
29.9499 0.866401 0.811642 0.0547582
29.99 1.53865 1.50195 0.0367015
30.03 0.810131 0.778867 0.0312642
30.0701 1.36902 1.25938 0.109646
30.1101 1.03782 0.985121 0.0526979
30.1502 2.35256 2.26553 0.0870324
30.1902 1.48825 1.42338 0.0648744
30.2302 1.22354 1.11393 0.109605
30.2703 2.68051 2.64634 0.0341667
30.3103 2.15346 2.12087 0.0325914
30.3504 1.3677 1.32777 0.0399341
30.3904 3.11637 3.07991 0.0364559
30.4304 2.9155 2.87177 0.0437292
30.4705 0.791458 0.764794 0.0266644
30.5105 6.66581 6.63284 0.0329633
30.5506 1.46879 1.35953 0.109256
30.5906 3.07569 3.02928 0.0464052
30.6306 5.94036 5.91264 0.027727
30.6707 2.50822 2.44515 0.0630636
30.7107 1.01198 0.961423 0.0505553
30.7508 1.67225 1.63528 0.0369704
30.7908 1.14498 1.08985 0.0551271
30.8308 1.84224 1.80712 0.0351206
30.8709 1.3349 1.27514 0.0597604
30.9109 1.72601 1.67515 0.0508635
30.951 2.38037 2.3281 0.052266
30.991 2.60564 2.57896 0.0266728
31.031 1.23738 1.13681 0.100569
31.0711 3.28576 3.22773 0.0580288
31.1111 2.27302 2.24103 0.0319869
31.1512 1.16931 1.13911 0.0301971
31.1912 0.719135 0.677276 0.0418586
31.2312 0.302826 0.247472 0.0553546
31.2713 2.29114 2.26403 0.0271099
31.3113 1.53831 1.4637 0.0746134
31.3514 2.69892 2.61697 0.0819513
31.3914 0.515781 0.479458 0.0363235
31.4314 1.51712 1.46988 0.0472421
31.4715 0.863044 0.840205 0.0228389
31.5115 0.860326 0.83207 0.0282568
31.5516 0.594273 0.572267 0.0220055
31.5916 0.786369 0.731724 0.0546449
31.6316 1.06661 0.990015 0.0765994
31.6717 0.998269 0.970707 0.0275618
31.7117 0.685272 0.65914 0.0261325
31.7518 0.699086 0.662188 0.036898
31.7918 3.53655 3.4676 0.0689573
31.8318 1.54838 1.50788 0.0405029
31.8719 4.18285 4.14295 0.039904
31.9119 0.601993 0.536133 0.0658601
31.952 2.05619 2.04582 0.0103624
31.992 1.76744 1.73564 0.0318057
32.032 2.67476 2.64559 0.0291753
32.0721 1.82684 1.69254 0.134306
32.1121 3.93651 3.89176 0.0447489
32.1522 0.6237 0.597915 0.0257851
32.1922 1.57784 1.53293 0.0449116
32.2322 3.50122 3.42607 0.0751495
32.2723 4.40908 4.38438 0.024699
32.3123 11.3194 11.1668 0.152651
32.3524 0.977816 0.917997 0.0598191
32.3924 0.818073 0.767481 0.0505918
32.4324 0.738134 0.700904 0.0372294
32.4725 0.646602 0.623225 0.0233764
32.5125 1.3494 1.30515 0.0442562
32.5526 0.486919 0.462018 0.0249015
32.5926 1.52804 1.49394 0.0341049
32.6326 0.344956 0.281468 0.0634883
32.6727 0.669289 0.612915 0.056374
32.7127 4.28456 4.09051 0.194049
32.7528 1.09797 1.08017 0.0177989
32.7928 1.99113 1.88496 0.10617
32.8328 1.42776 1.37877 0.0489885
32.8729 0.323998 0.268686 0.0553113
32.9129 2.67721 2.6157 0.0615024
32.953 1.44647 1.39916 0.0473192
32.993 0.840344 0.748707 0.091637
33.033 1.07329 1.04538 0.0279133
33.0731 2.31187 2.28454 0.0273241
33.1131 1.12564 1.08184 0.0438009
33.1532 1.38823 1.35127 0.0369654
33.1932 1.05381 1.03689 0.0169216
33.2332 2.48733 2.44917 0.0381526
33.2733 1.15827 1.11902 0.039255
33.3133 0.902943 0.844828 0.0581148
33.3534 0.903523 0.882967 0.0205559
33.3934 8.27582 8.25752 0.0183061
33.4334 2.76019 2.6661 0.0940901
33.4735 1.62165 1.59676 0.0248947
33.5135 0.796154 0.762659 0.0334948
33.5536 1.07575 1.02591 0.049848
33.5936 2.08047 1.92319 0.157277
33.6336 0.218108 0.175182 0.0429266
33.6737 1.30497 1.27059 0.0343857
33.7137 2.73554 2.67517 0.0603624
33.7538 1.42181 1.38671 0.0351002
33.7938 0.744201 0.690809 0.053392
33.8338 1.6981 1.67777 0.0203278
33.8739 1.21383 1.16785 0.045989
33.9139 0.969298 0.950471 0.0188275
33.954 5.23694 5.18708 0.0498549
33.994 0.648303 0.549085 0.099218
34.034 0.501695 0.457061 0.0446342
34.0741 2.93268 2.90903 0.0236477
34.1141 0.585508 0.529852 0.0556565
34.1542 0.973586 0.865921 0.107665
34.1942 0.359223 0.315006 0.0442166
34.2342 3.43559 3.37555 0.060037
34.2743 0.795559 0.770957 0.0246021
34.3143 0.526994 0.474593 0.0524015
34.3544 1.77788 1.74723 0.0306481
34.3944 2.70566 2.64911 0.0565488
34.4344 0.709833 0.679409 0.0304242
34.4745 0.415159 0.377181 0.0379779
34.5145 2.33079 2.27112 0.0596734
34.5546 2.56749 2.49801 0.0694746
34.5946 1.80051 1.75761 0.0428978
34.6346 0.697441 0.633568 0.0638734
34.6747 1.17525 1.11859 0.0566616
34.7147 3.92 3.89372 0.0262789
34.7548 0.726142 0.699974 0.0261676
34.7948 0.512358 0.485211 0.0271471
34.8348 4.76203 4.72697 0.0350588
34.8749 1.40034 1.37378 0.0265575
34.9149 1.26968 1.22888 0.0407948
34.955 1.91173 1.87785 0.0338755
34.995 1.85998 1.76326 0.0967116
35.035 0.735724 0.657221 0.0785029
35.0751 1.29251 1.21024 0.0822747
35.1151 2.10488 2.04319 0.0616941
35.1552 0.424853 0.392733 0.0321194
35.1952 0.979491 0.905972 0.0735189
35.2352 0.174395 0.161777 0.0126181
35.2753 0.255981 0.226351 0.0296293
35.3153 1.03347 0.997004 0.0364683
35.3554 0.591304 0.542056 0.0492482
35.3954 2.92582 2.86737 0.0584527
35.4354 1.4279 1.3679 0.0599996
35.4755 0.447403 0.410696 0.0367072
35.5155 0.181915 0.154196 0.0277188
35.5556 0.603733 0.530441 0.0732918
35.5956 1.43249 1.36739 0.0651044
35.6356 1.61377 1.56112 0.05265
35.6757 0.327499 0.316053 0.0114458
35.7157 1.58234 1.53891 0.0434228
35.7558 4.62695 4.57183 0.0551217
35.7958 0.961489 0.865431 0.0960584
35.8358 2.50366 2.43766 0.0660025
35.8759 2.76597 2.74583 0.0201419
35.9159 0.925496 0.904361 0.0211348
35.956 2.64453 2.59939 0.0451406
35.996 0.689154 0.640551 0.0486026
36.036 1.42645 1.30496 0.121493
36.0761 0.796621 0.739222 0.057399
36.1161 0.184395 0.146046 0.0383495
36.1562 1.28261 1.2517 0.030918
36.1962 1.14437 1.08864 0.0557238
36.2362 0.493744 0.453747 0.0399971
36.2763 2.72249 2.68533 0.0371659
36.3163 0.225542 0.208602 0.0169397
36.3564 2.09526 2.04245 0.0528075
36.3964 0.46686 0.423052 0.0438079
36.4364 0.870495 0.859654 0.0108417
36.4765 1.31473 1.23041 0.084321
36.5165 0.475804 0.445632 0.0301719
36.5566 2.53902 2.52882 0.0101994
36.5966 0.570072 0.501322 0.0687504
36.6366 6.24391 6.2058 0.0381066
36.6767 0.521638 0.502853 0.0187844
36.7167 1.17716 1.12184 0.0553237
36.7568 0.383189 0.328941 0.0542483
36.7968 2.2197 2.15445 0.0652501
36.8368 4.91276 4.83329 0.0794637
36.8769 0.76377 0.674532 0.0892374
36.9169 1.44061 1.42291 0.017695
36.957 7.3993 7.3775 0.0218011
36.997 3.60291 3.56505 0.0378551
37.037 3.13648 3.087 0.049486
37.0771 0.541323 0.488059 0.0532645
37.1171 1.9547 1.86016 0.094545
37.1572 3.43967 3.41711 0.0225666
37.1972 5.02455 4.97382 0.0507227
37.2372 1.66333 1.63552 0.0278027
37.2773 4.65453 4.55082 0.103707
37.3173 2.03941 2.02269 0.0167139
37.3574 0.824081 0.796367 0.0277136
37.3974 0.498564 0.48205 0.0165144
37.4374 1.63009 1.59799 0.0320978
37.4775 0.609115 0.520966 0.0881496
37.5175 0.374289 0.325935 0.0483546
37.5576 1.43413 1.39273 0.0414038
37.5976 2.229 2.20771 0.0212919
37.6376 1.30461 1.24553 0.0590804
37.6777 3.88397 3.85671 0.0272598
37.7177 0.792214 0.737442 0.0547723
37.7578 0.937878 0.903825 0.0340526
37.7978 3.00384 2.9919 0.0119345
37.8378 2.28327 2.24554 0.0377261
37.8779 2.30102 2.25546 0.0455623
37.9179 0.569577 0.537064 0.0325133
37.958 0.650758 0.580638 0.0701199
37.998 1.04531 0.994041 0.0512671
38.038 0.462212 0.403797 0.0584145
38.0781 0.68715 0.637301 0.0498483
38.1181 1.82038 1.77728 0.0430945
38.1582 1.73962 1.69581 0.0438045
38.1982 1.72047 1.63258 0.0878986
38.2382 0.683949 0.659724 0.0242254
38.2783 3.18635 3.12707 0.059279
38.3183 3.33171 3.27607 0.0556399
38.3584 2.88299 2.79127 0.0917173
38.3984 0.88118 0.817691 0.0634885
38.4384 0.933111 0.879841 0.0532696
38.4785 1.72392 1.69062 0.0333045
38.5185 0.906625 0.879949 0.0266755
38.5586 4.09559 4.00027 0.0953141
38.5986 5.63281 5.56968 0.0631219
38.6386 1.33165 1.24021 0.0914367
38.6787 2.64676 2.62258 0.0241763
38.7187 1.20913 1.15292 0.0562094
38.7588 2.64879 2.59266 0.0561385
38.7988 0.98881 0.939673 0.0491364
38.8388 1.35255 1.3013 0.0512499
38.8789 2.30957 2.20893 0.100643
38.9189 1.45715 1.42882 0.0283324
38.959 1.20678 1.14179 0.0649875
38.999 0.764409 0.754429 0.00997995
39.039 0.567229 0.552515 0.0147136
39.0791 1.44992 1.42271 0.0272122
39.1191 3.08766 2.99521 0.0924523
39.1592 2.18366 2.12409 0.0595678
39.1992 0.876388 0.859115 0.0172729
39.2392 0.410561 0.392862 0.0176988
39.2793 0.912038 0.875119 0.0369189
39.3193 0.452504 0.392272 0.0602318
39.3594 0.467206 0.394896 0.0723104
39.3994 1.29138 1.21995 0.0714305
39.4394 1.07235 1.03348 0.0388646
39.4795 2.15029 2.13112 0.0191722
39.5195 0.591283 0.516411 0.0748724
39.5596 2.07905 2.04648 0.0325636
39.5996 5.06758 5.03924 0.0283405
39.6396 0.51609 0.457371 0.0587191
39.6797 0.609095 0.530599 0.0784958
39.7197 0.343928 0.294187 0.0497407
39.7598 0.923491 0.732814 0.190678
39.7998 0.298173 0.239641 0.0585322
39.8398 2.1153 2.09658 0.018713
39.8799 0.382354 0.328833 0.053521
39.9199 0.742525 0.654593 0.0879316
39.96 2.03263 1.98801 0.0446165
40 2.15407 2.12252 0.0315467
