#1-Q [GeV] 2--dN/dQdY [GeV-1] 3--dN_{PreEq}/dQdY [GeV-1] 3--dN_{Hydro}/dQdY [GeV-1]
0 0 0 0
0.001001 0.00368916 0.00368916 0
0.002002 0.00675176 0.00675176 0
0.003003 0.0128093 0.0128093 0
0.004004 0.0216724 0.0216724 0
0.00500501 0.0238714 0.0238714 0
0.00600601 0.033358 0.033358 0
0.00700701 0.0560116 0.0560116 0
0.00800801 0.0321941 0.0321941 0
0.00900901 0.0514392 0.0514392 0
0.01001 0.0414752 0.0414752 0
0.011011 0.0644662 0.0644662 0
0.012012 0.0762321 0.0762321 0
0.013013 0.0945406 0.0945406 0
0.014014 0.0945332 0.0945332 0
0.015015 0.100883 0.100883 0
0.016016 0.0856058 0.0856058 0
0.017017 0.0980917 0.0980917 0
0.018018 0.0943383 0.0943383 0
0.019019 0.115894 0.115894 0
0.02002 0.125694 0.125694 0
0.021021 0.118408 0.118408 0
0.022022 0.169225 0.169225 0
0.023023 0.156704 0.156704 0
0.024024 0.14102 0.14102 0
0.025025 0.151055 0.151055 0
0.026026 0.138671 0.138671 0
0.027027 0.196143 0.196143 0
0.028028 0.122855 0.122855 0
0.029029 0.150096 0.150096 0
0.03003 0.140072 0.140072 0
0.031031 0.203642 0.203642 0
0.032032 0.164515 0.164515 0
0.033033 0.199931 0.199931 0
0.034034 0.268636 0.268636 0
0.035035 0.169641 0.169641 0
0.036036 0.167697 0.167697 0
0.037037 0.248665 0.248665 0
0.038038 0.206237 0.206237 0
0.039039 0.20911 0.20911 0
0.04004 0.246257 0.246257 0
0.041041 0.208046 0.208046 0
0.042042 0.192901 0.192901 0
0.043043 0.23553 0.23553 0
0.044044 0.249853 0.249853 0
0.045045 0.249713 0.249713 0
0.046046 0.344262 0.344262 0
0.047047 0.247088 0.247088 0
0.048048 0.197516 0.197516 0
0.049049 0.302426 0.302426 0
0.0500501 0.270298 0.270298 0
0.0510511 0.253225 0.253225 0
0.0520521 0.269786 0.269786 0
0.0530531 0.24201 0.24201 0
0.0540541 0.286839 0.286839 0
0.0550551 0.31454 0.31454 0
0.0560561 0.393896 0.393896 0
0.0570571 0.286253 0.286253 0
0.0580581 0.260969 0.260969 0
0.0590591 0.282406 0.282406 0
0.0600601 0.272585 0.272585 0
0.0610611 0.321829 0.321829 0
0.0620621 0.353685 0.353685 0
0.0630631 0.285496 0.285496 0
0.0640641 0.357828 0.357828 0
0.0650651 0.438955 0.438955 0
0.0660661 0.323456 0.323456 0
0.0670671 0.327496 0.327496 0
0.0680681 0.344521 0.344521 0
0.0690691 0.38591 0.38591 0
0.0700701 0.336854 0.336854 0
0.0710711 0.39671 0.39671 0
0.0720721 0.345461 0.345461 0
0.0730731 0.456285 0.456285 0
0.0740741 0.354505 0.354505 0
0.0750751 0.300433 0.300433 0
0.0760761 0.46201 0.46201 0
0.0770771 0.41488 0.41488 0
0.0780781 0.299534 0.299534 0
0.0790791 0.393435 0.393435 0
0.0800801 0.500492 0.500492 0
0.0810811 0.410373 0.410373 0
0.0820821 0.351198 0.351198 0
0.0830831 0.301601 0.301601 0
0.0840841 0.378817 0.378817 0
0.0850851 0.403374 0.403374 0
0.0860861 0.405139 0.405139 0
0.0870871 0.438612 0.438612 0
0.0880881 0.41052 0.41052 0
0.0890891 0.479118 0.479118 0
0.0900901 0.385163 0.385163 0
0.0910911 0.481804 0.481804 0
0.0920921 0.466076 0.466076 0
0.0930931 0.375654 0.375654 0
0.0940941 0.310638 0.310638 0
0.0950951 0.392863 0.392863 0
0.0960961 0.429374 0.429374 0
0.0970971 0.531943 0.531943 0
0.0980981 0.418192 0.418192 0
0.0990991 0.377929 0.377929 0
0.1001 0.480231 0.480231 0
0.101101 0.372798 0.372798 0
0.102102 0.420745 0.420745 0
0.103103 0.493579 0.493579 0
0.104104 0.427198 0.427198 0
0.105105 0.391214 0.391214 0
0.106106 0.424084 0.424084 0
0.107107 0.500023 0.500023 0
0.108108 0.480355 0.480355 0
0.109109 0.518121 0.518121 0
0.11011 0.421284 0.421284 0
0.111111 0.529259 0.529259 0
0.112112 0.45685 0.45685 0
0.113113 0.455842 0.455842 0
0.114114 0.44384 0.44384 0
0.115115 0.508892 0.508892 0
0.116116 0.396711 0.396711 0
0.117117 0.664159 0.664159 0
0.118118 0.41719 0.41719 0
0.119119 0.618542 0.618542 0
0.12012 0.455959 0.455959 0
0.121121 0.554839 0.554839 0
0.122122 0.501388 0.501388 0
0.123123 0.47819 0.47819 0
0.124124 0.493823 0.493823 0
0.125125 0.439359 0.439359 0
0.126126 0.484706 0.484706 0
0.127127 0.521839 0.521839 0
0.128128 0.501118 0.501118 0
0.129129 0.618946 0.618946 0
0.13013 0.460493 0.460493 0
0.131131 0.402386 0.402386 0
0.132132 0.582279 0.582279 0
0.133133 0.482404 0.482404 0
0.134134 0.565294 0.565294 0
0.135135 0.602434 0.602434 0
0.136136 0.60906 0.60906 0
0.137137 0.559998 0.559998 0
0.138138 0.525864 0.525864 0
0.139139 0.545087 0.545087 0
0.14014 0.671721 0.671721 0
0.141141 0.609882 0.609882 0
0.142142 0.722174 0.722174 0
0.143143 0.640935 0.640935 0
0.144144 0.538263 0.538263 0
0.145145 0.454544 0.454544 0
0.146146 0.519804 0.519804 0
0.147147 0.51272 0.51272 0
0.148148 0.617743 0.617743 0
0.149149 0.502815 0.502815 0
0.15015 0.514751 0.514751 0
0.151151 0.55457 0.55457 0
0.152152 0.47493 0.47493 0
0.153153 0.578316 0.578316 0
0.154154 0.480117 0.480117 0
0.155155 0.665764 0.665764 0
0.156156 0.689917 0.689917 0
0.157157 0.635165 0.635165 0
0.158158 0.718153 0.718153 0
0.159159 0.623808 0.623808 0
0.16016 0.526586 0.526586 0
0.161161 0.550578 0.550578 0
0.162162 0.60318 0.60318 0
0.163163 0.650296 0.650296 0
0.164164 0.527467 0.527467 0
0.165165 0.525595 0.525595 0
0.166166 0.67422 0.67422 0
0.167167 0.572136 0.572136 0
0.168168 0.565063 0.565063 0
0.169169 0.597173 0.597173 0
0.17017 0.729414 0.729414 0
0.171171 0.710365 0.710365 0
0.172172 0.636668 0.636668 0
0.173173 0.648292 0.648292 0
0.174174 0.67276 0.67276 0
0.175175 0.649968 0.649968 0
0.176176 0.52683 0.52683 0
0.177177 0.582416 0.582416 0
0.178178 0.653586 0.653586 0
0.179179 0.567315 0.567315 0
0.18018 0.642072 0.642072 0
0.181181 0.805893 0.805893 0
0.182182 0.624349 0.624349 0
0.183183 0.620123 0.620123 0
0.184184 0.758349 0.758349 0
0.185185 0.594821 0.594821 0
0.186186 0.492452 0.492452 0
0.187187 0.520339 0.520339 0
0.188188 0.574486 0.574486 0
0.189189 0.691746 0.691746 0
0.19019 0.536674 0.536674 0
0.191191 0.632831 0.632831 0
0.192192 0.583143 0.583143 0
0.193193 0.722056 0.722056 0
0.194194 0.536817 0.536817 0
0.195195 0.518827 0.518827 0
0.196196 0.584192 0.584192 0
0.197197 0.773231 0.773231 0
0.198198 0.750216 0.750216 0
0.199199 0.538046 0.538046 0
0.2002 0.605525 0.605525 0
0.201201 0.697233 0.697233 0
0.202202 0.642032 0.642032 0
0.203203 0.677589 0.677589 0
0.204204 0.584819 0.584819 0
0.205205 0.559445 0.559445 0
0.206206 0.700799 0.700799 0
0.207207 0.675381 0.675381 0
0.208208 0.803134 0.803134 0
0.209209 0.553959 0.553959 0
0.21021 0.517855 0.517855 0
0.211211 0.546409 0.546409 0
0.212212 0.578034 0.578034 0
0.213213 0.58142 0.58142 0
0.214214 0.7802 0.7802 0
0.215215 0.552576 0.552576 0
0.216216 0.589147 0.589147 0
0.217217 0.569226 0.569226 0
0.218218 0.635007 0.635007 0
0.219219 0.855841 0.855841 0
0.22022 0.71042 0.71042 0
0.221221 0.724306 0.724306 0
0.222222 0.636543 0.636543 0
0.223223 0.657586 0.657586 0
0.224224 0.517141 0.517141 0
0.225225 0.666798 0.666798 0
0.226226 0.769044 0.769044 0
0.227227 0.608726 0.608726 0
0.228228 0.586954 0.586954 0
0.229229 0.745033 0.745033 0
0.23023 0.583094 0.583094 0
0.231231 0.794699 0.794699 0
0.232232 0.541859 0.541859 0
0.233233 0.673841 0.673841 0
0.234234 0.527231 0.527231 0
0.235235 0.681178 0.681178 0
0.236236 0.767321 0.767321 0
0.237237 0.785199 0.785199 0
0.238238 0.823785 0.823785 0
0.239239 0.628445 0.628445 0
0.24024 0.837085 0.837085 0
0.241241 0.847497 0.847497 0
0.242242 0.693036 0.693036 0
0.243243 0.625495 0.625495 0
0.244244 0.765321 0.765321 0
0.245245 0.638985 0.638985 0
0.246246 0.662764 0.662764 0
0.247247 0.684943 0.684943 0
0.248248 0.672568 0.672568 0
0.249249 0.67049 0.67049 0
0.25025 0.607606 0.607606 0
0.251251 0.772619 0.772619 0
0.252252 0.640001 0.640001 0
0.253253 0.637723 0.637723 0
0.254254 0.542926 0.542926 0
0.255255 0.621489 0.621489 0
0.256256 0.604147 0.604147 0
0.257257 0.715237 0.715237 0
0.258258 0.623764 0.623764 0
0.259259 0.738249 0.738249 0
0.26026 0.746103 0.746103 0
0.261261 0.650646 0.650646 0
0.262262 0.687231 0.687231 0
0.263263 0.606422 0.606422 0
0.264264 0.801968 0.801968 0
0.265265 0.750026 0.750026 0
0.266266 0.751617 0.751617 0
0.267267 0.571893 0.571893 0
0.268268 0.677619 0.677619 0
0.269269 0.719 0.719 0
0.27027 0.576567 0.576567 0
0.271271 0.680814 0.680814 0
0.272272 0.745442 0.745442 0
0.273273 0.976858 0.976858 0
0.274274 0.725779 0.725779 0
0.275275 0.690629 0.690629 0
0.276276 0.764382 0.764382 0
0.277277 0.687834 0.687834 0
0.278278 0.822403 0.822403 0
0.279279 0.683422 0.683422 0
0.28028 0.702153 0.702153 0
0.281281 0.719262 0.719262 0
0.282282 0.624282 0.624282 0
0.283283 0.742467 0.742467 0
0.284284 0.623567 0.623567 0
0.285285 0.709963 0.709963 0
0.286286 0.627548 0.627548 0
0.287287 0.646009 0.646009 0
0.288288 0.763084 0.763084 0
0.289289 0.766857 0.766857 0
0.29029 0.942213 0.942213 0
0.291291 0.942005 0.942005 0
0.292292 0.701137 0.701137 0
0.293293 0.597756 0.597756 0
0.294294 0.759167 0.759167 0
0.295295 0.732983 0.732983 0
0.296296 0.707135 0.707135 0
0.297297 0.707599 0.707599 0
0.298298 0.796813 0.796813 0
0.299299 0.7789 0.7789 0
0.3003 0.80012 0.80012 0
0.301301 0.598744 0.598744 0
0.302302 0.756983 0.756983 0
0.303303 0.658586 0.658586 0
0.304304 0.635695 0.635695 0
0.305305 0.766583 0.766583 0
0.306306 0.757868 0.757868 0
0.307307 0.87676 0.87676 0
0.308308 0.677594 0.677594 0
0.309309 0.761916 0.761916 0
0.31031 0.887115 0.887115 0
0.311311 0.7323 0.7323 0
0.312312 0.674382 0.674382 0
0.313313 0.710643 0.710643 0
0.314314 0.795414 0.795414 0
0.315315 0.64545 0.64545 0
0.316316 0.703581 0.703581 0
0.317317 0.87729 0.87729 0
0.318318 0.674364 0.674364 0
0.319319 0.566344 0.566344 0
0.32032 0.644233 0.644233 0
0.321321 0.976012 0.976012 0
0.322322 0.811701 0.811701 0
0.323323 0.826357 0.826357 0
0.324324 0.896297 0.896297 0
0.325325 0.666849 0.666849 0
0.326326 0.658888 0.658888 0
0.327327 0.742692 0.742692 0
0.328328 0.834901 0.834901 0
0.329329 0.677416 0.677416 0
0.33033 0.758613 0.758613 0
0.331331 0.63844 0.63844 0
0.332332 0.894267 0.894267 0
0.333333 0.804226 0.804226 0
0.334334 0.879147 0.879147 0
0.335335 0.779215 0.779215 0
0.336336 0.747725 0.747725 0
0.337337 0.726673 0.726673 0
0.338338 0.713277 0.713277 0
0.339339 0.789461 0.789461 0
0.34034 0.545397 0.545397 0
0.341341 0.958039 0.958039 0
0.342342 0.919006 0.919006 0
0.343343 0.884334 0.884334 0
0.344344 0.89855 0.89855 0
0.345345 0.780062 0.780062 0
0.346346 0.628962 0.628962 0
0.347347 0.671177 0.671177 0
0.348348 0.809351 0.809351 0
0.349349 0.812819 0.812819 0
0.35035 0.614101 0.614101 0
0.351351 0.564197 0.564197 0
0.352352 0.762523 0.762523 0
0.353353 0.706981 0.706981 0
0.354354 1.08836 1.08836 0
0.355355 1.01538 1.01538 0
0.356356 0.684333 0.684333 0
0.357357 1.14886 1.14886 0
0.358358 0.721856 0.721856 0
0.359359 0.605192 0.605192 0
0.36036 0.968695 0.968695 0
0.361361 1.13263 1.13263 0
0.362362 0.960355 0.960355 0
0.363363 0.846164 0.846164 0
0.364364 0.968347 0.968347 0
0.365365 0.661484 0.661484 0
0.366366 0.747628 0.747628 0
0.367367 0.706517 0.706517 0
0.368368 1.04964 1.04964 0
0.369369 0.670073 0.670073 0
0.37037 1.05314 1.05314 0
0.371371 0.576518 0.576518 0
0.372372 0.858624 0.858624 0
0.373373 0.716457 0.716457 0
0.374374 0.5831 0.5831 0
0.375375 0.896224 0.896224 0
0.376376 0.813008 0.813008 0
0.377377 0.788573 0.788573 0
0.378378 0.803817 0.803817 0
0.379379 0.86439 0.86439 0
0.38038 0.96975 0.96975 0
0.381381 0.825177 0.825177 0
0.382382 0.747932 0.747932 0
0.383383 1.03415 1.03415 0
0.384384 0.642051 0.642051 0
0.385385 0.853495 0.853495 0
0.386386 0.681799 0.681799 0
0.387387 0.685059 0.685059 0
0.388388 0.788203 0.788203 0
0.389389 0.968318 0.968318 0
0.39039 0.798993 0.798993 0
0.391391 0.922509 0.922509 0
0.392392 0.773072 0.773072 0
0.393393 0.787348 0.787348 0
0.394394 0.909556 0.909556 0
0.395395 0.840671 0.840671 0
0.396396 0.66441 0.66441 0
0.397397 0.792055 0.792055 0
0.398398 0.860923 0.860923 0
0.399399 0.728214 0.728214 0
0.4004 0.638946 0.638946 0
0.401401 0.959643 0.959643 0
0.402402 0.859622 0.859622 0
0.403403 0.793961 0.793961 0
0.404404 0.907997 0.907997 0
0.405405 0.85348 0.85348 0
0.406406 0.819395 0.819395 0
0.407407 1.15386 1.15386 0
0.408408 0.79675 0.79675 0
0.409409 0.86718 0.86718 0
0.41041 0.724139 0.724139 0
0.411411 0.915917 0.915917 0
0.412412 0.847164 0.847164 0
0.413413 0.589963 0.589963 0
0.414414 0.550323 0.550323 0
0.415415 0.736529 0.736529 0
0.416416 0.774707 0.774707 0
0.417417 0.782574 0.782574 0
0.418418 1.17082 1.17082 0
0.419419 0.73788 0.73788 0
0.42042 0.71671 0.71671 0
0.421421 0.756396 0.756396 0
0.422422 0.741637 0.741637 0
0.423423 1.18935 1.18935 0
0.424424 0.622288 0.622288 0
0.425425 0.827308 0.827308 0
0.426426 0.69014 0.69014 0
0.427427 1.17461 1.17461 0
0.428428 1.02483 1.02483 0
0.429429 0.875922 0.875922 0
0.43043 0.845219 0.845219 0
0.431431 0.834469 0.834469 0
0.432432 0.796026 0.796026 0
0.433433 0.802132 0.802132 0
0.434434 0.97882 0.97882 0
0.435435 0.784017 0.784017 0
0.436436 1.00472 1.00472 0
0.437437 0.7177 0.7177 0
0.438438 0.968638 0.968638 0
0.439439 0.974397 0.974397 0
0.44044 0.786405 0.786405 0
0.441441 0.758748 0.758748 0
0.442442 0.935265 0.935265 0
0.443443 0.768603 0.768603 0
0.444444 1.12327 1.12327 0
0.445445 0.767562 0.767562 0
0.446446 0.973977 0.973977 0
0.447447 0.884565 0.884565 0
0.448448 0.758274 0.758274 0
0.449449 0.748604 0.748604 0
0.45045 0.961951 0.961951 0
0.451451 1.09084 1.09084 0
0.452452 0.874568 0.874568 0
0.453453 0.781109 0.781109 0
0.454454 0.782476 0.782476 0
0.455455 0.900523 0.900523 0
0.456456 0.781583 0.781583 0
0.457457 0.652874 0.652874 0
0.458458 1.04415 1.04415 0
0.459459 0.684755 0.684755 0
0.46046 1.10124 1.10124 0
0.461461 0.799632 0.799632 0
0.462462 1.00114 1.00114 0
0.463463 0.938709 0.938709 0
0.464464 0.678771 0.678771 0
0.465465 0.916884 0.916884 0
0.466466 0.65608 0.65608 0
0.467467 0.885422 0.885422 0
0.468468 0.884235 0.884235 0
0.469469 0.754832 0.754832 0
0.47047 1.08315 1.08315 0
0.471471 0.867968 0.867968 0
0.472472 1.15138 1.15138 0
0.473473 1.13868 1.13868 0
0.474474 0.627923 0.627923 0
0.475475 0.818034 0.818034 0
0.476476 0.813718 0.813718 0
0.477477 0.816151 0.816151 0
0.478478 0.784167 0.784167 0
0.479479 0.805336 0.805336 0
0.48048 0.957891 0.957891 0
0.481481 0.795788 0.795788 0
0.482482 0.609911 0.609911 0
0.483483 0.622558 0.622558 0
0.484484 0.782191 0.782191 0
0.485485 0.799295 0.799295 0
0.486486 0.673512 0.673512 0
0.487487 0.986235 0.986235 0
0.488488 0.886893 0.886893 0
0.489489 0.713312 0.713312 0
0.49049 0.69806 0.69806 0
0.491491 0.944451 0.944451 0
0.492492 0.825133 0.825133 0
0.493493 1.14524 1.14524 0
0.494494 0.905043 0.905043 0
0.495495 0.64121 0.64121 0
0.496496 0.722292 0.722292 0
0.497497 1.11365 1.11365 0
0.498498 0.837952 0.837952 0
0.499499 1.20551 1.20551 0
0.500501 0.678424 0.678424 0
0.501502 0.939141 0.939141 0
0.502503 0.897031 0.897031 0
0.503504 0.889896 0.889896 0
0.504505 0.738234 0.738234 0
0.505506 0.839647 0.839647 0
0.506507 0.738034 0.738034 0
0.507508 0.827637 0.827637 0
0.508509 0.588242 0.588242 0
0.50951 0.786859 0.786859 0
0.510511 0.739211 0.739211 0
0.511512 0.99861 0.99861 0
0.512513 0.804998 0.804998 0
0.513514 0.855919 0.855919 0
0.514515 0.994467 0.994467 0
0.515516 0.875371 0.875371 0
0.516517 0.653375 0.653375 0
0.517518 0.781808 0.781808 0
0.518519 0.906817 0.906817 0
0.51952 0.826411 0.826411 0
0.520521 1.01759 1.01759 0
0.521522 0.939919 0.939919 0
0.522523 0.960056 0.960056 0
0.523524 0.799175 0.799175 0
0.524525 0.652235 0.652235 0
0.525526 1.07394 1.07394 0
0.526527 0.671497 0.671497 0
0.527528 0.730016 0.730016 0
0.528529 0.936545 0.936545 0
0.52953 1.01077 1.01077 0
0.530531 0.786766 0.786766 0
0.531532 0.910863 0.910863 0
0.532533 0.663598 0.663598 0
0.533534 0.608988 0.608988 0
0.534535 0.755661 0.755661 0
0.535536 0.875123 0.875123 0
0.536537 0.863102 0.863102 0
0.537538 0.790149 0.790149 0
0.538539 0.85117 0.85117 0
0.53954 0.844091 0.844091 0
0.540541 0.945658 0.945658 0
0.541542 0.889852 0.889852 0
0.542543 1.11486 1.11486 0
0.543544 0.75427 0.75427 0
0.544545 0.833829 0.833829 0
0.545546 0.77333 0.77333 0
0.546547 0.730713 0.730713 0
0.547548 0.893492 0.893492 0
0.548549 0.834879 0.834879 0
0.54955 0.931285 0.931285 0
0.550551 1.2174 1.2174 0
0.551552 1.28731 1.28731 0
0.552553 0.934859 0.934859 0
0.553554 0.89813 0.89813 0
0.554555 0.905421 0.905421 0
0.555556 0.786759 0.786759 0
0.556557 0.68053 0.68053 0
0.557558 1.08986 1.08986 0
0.558559 0.705947 0.705947 0
0.55956 0.877162 0.877162 0
0.560561 0.72986 0.72986 0
0.561562 0.916598 0.916598 0
0.562563 0.960894 0.960894 0
0.563564 0.607111 0.607111 0
0.564565 0.810695 0.810695 0
0.565566 0.63131 0.63131 0
0.566567 0.584361 0.584361 0
0.567568 1.06106 1.06106 0
0.568569 0.610044 0.610044 0
0.56957 0.722949 0.722949 0
0.570571 0.823921 0.823921 0
0.571572 0.803537 0.803537 0
0.572573 0.832065 0.832065 0
0.573574 0.735023 0.735023 0
0.574575 0.858818 0.858818 0
0.575576 1.05016 1.05016 0
0.576577 0.983476 0.983476 0
0.577578 1.00073 1.00073 0
0.578579 0.746872 0.746872 0
0.57958 1.00487 1.00487 0
0.580581 0.879745 0.879745 0
0.581582 0.82453 0.82453 0
0.582583 0.660625 0.660625 0
0.583584 0.747345 0.747345 0
0.584585 0.75675 0.75675 0
0.585586 1.19405 1.19405 0
0.586587 1.18126 1.18126 0
0.587588 0.777449 0.777449 0
0.588589 0.720677 0.720677 0
0.58959 0.718331 0.718331 0
0.590591 1.22927 1.22927 0
0.591592 0.920899 0.920899 0
0.592593 0.979332 0.979332 0
0.593594 1.03972 1.03972 0
0.594595 1.13004 1.13004 0
0.595596 0.601184 0.601184 0
0.596597 1.0823 1.0823 0
0.597598 0.807468 0.807468 0
0.598599 0.752145 0.752145 0
0.5996 0.838155 0.838155 0
0.600601 0.762176 0.762176 0
0.601602 0.777911 0.777911 0
0.602603 0.750846 0.750846 0
0.603604 0.750353 0.750353 0
0.604605 0.959821 0.959821 0
0.605606 1.04018 1.04018 0
0.606607 0.935918 0.935918 0
0.607608 1.07214 1.07214 0
0.608609 0.811624 0.811624 0
0.60961 1.06484 1.06484 0
0.610611 0.839928 0.839928 0
0.611612 1.22782 1.22782 0
0.612613 1.11222 1.11222 0
0.613614 0.97739 0.97739 0
0.614615 1.10151 1.10151 0
0.615616 1.34598 1.34598 0
0.616617 0.990643 0.990643 0
0.617618 1.14981 1.14981 0
0.618619 0.956459 0.956459 0
0.61962 0.967983 0.967983 0
0.620621 0.970307 0.970307 0
0.621622 0.983245 0.983245 0
0.622623 0.978785 0.978785 0
0.623624 0.980217 0.980217 0
0.624625 0.898982 0.898982 0
0.625626 0.804544 0.804544 0
0.626627 0.890693 0.890693 0
0.627628 1.13336 1.13336 0
0.628629 1.17441 1.17441 0
0.62963 0.603131 0.603131 0
0.630631 1.27699 1.27699 0
0.631632 1.07894 1.07894 0
0.632633 0.870086 0.870086 0
0.633634 0.638109 0.638109 0
0.634635 0.947048 0.947048 0
0.635636 0.724858 0.724858 0
0.636637 0.714696 0.714696 0
0.637638 1.28199 1.28199 0
0.638639 1.35769 1.35769 0
0.63964 0.897921 0.897921 0
0.640641 0.959921 0.959921 0
0.641642 0.895506 0.895506 0
0.642643 1.00628 1.00628 0
0.643644 0.893029 0.893029 0
0.644645 0.975464 0.975464 0
0.645646 0.691177 0.691177 0
0.646647 0.856193 0.856193 0
0.647648 0.881443 0.881443 0
0.648649 0.978838 0.978838 0
0.64965 0.843715 0.843715 0
0.650651 0.915986 0.915986 0
0.651652 0.785256 0.785256 0
0.652653 0.831936 0.831936 0
0.653654 0.952549 0.952549 0
0.654655 0.680391 0.680391 0
0.655656 0.853546 0.853546 0
0.656657 1.19531 1.19531 0
0.657658 0.787214 0.787214 0
0.658659 0.62405 0.62405 0
0.65966 1.18476 1.18476 0
0.660661 0.68589 0.68589 0
0.661662 0.945704 0.945704 0
0.662663 0.862289 0.862289 0
0.663664 0.699352 0.699352 0
0.664665 0.875905 0.875905 0
0.665666 1.10833 1.10833 0
0.666667 0.866701 0.866701 0
0.667668 0.766473 0.766473 0
0.668669 1.04827 1.04827 0
0.66967 0.788567 0.788567 0
0.670671 1.1778 1.1778 0
0.671672 0.762993 0.762993 0
0.672673 0.691598 0.691598 0
0.673674 0.816167 0.816167 0
0.674675 0.791848 0.791848 0
0.675676 0.975067 0.975067 0
0.676677 1.01057 1.01057 0
0.677678 0.864448 0.864448 0
0.678679 1.19154 1.19154 0
0.67968 0.760387 0.760387 0
0.680681 1.13671 1.13671 0
0.681682 1.26943 1.26943 0
0.682683 0.693278 0.693278 0
0.683684 0.647002 0.647002 0
0.684685 1.12699 1.12699 0
0.685686 1.102 1.102 0
0.686687 0.617735 0.617735 0
0.687688 0.820774 0.820774 0
0.688689 1.09722 1.09722 0
0.68969 0.741384 0.741384 0
0.690691 1.26744 1.26744 0
0.691692 0.892174 0.892174 0
0.692693 0.988639 0.988639 0
0.693694 0.752116 0.752116 0
0.694695 1.00196 1.00196 0
0.695696 0.93148 0.93148 0
0.696697 0.961035 0.961035 0
0.697698 0.945179 0.945179 0
0.698699 1.06909 1.06909 0
0.6997 0.731891 0.731891 0
0.700701 0.61573 0.61573 0
0.701702 0.936776 0.936776 0
0.702703 0.984769 0.984769 0
0.703704 1.39514 1.39514 0
0.704705 0.809873 0.809873 0
0.705706 0.790378 0.790378 0
0.706707 0.987091 0.987091 0
0.707708 1.03894 1.03894 0
0.708709 0.89791 0.89791 0
0.70971 0.853176 0.853176 0
0.710711 0.988796 0.988796 0
0.711712 0.790076 0.790076 0
0.712713 1.33369 1.33369 0
0.713714 0.920181 0.920181 0
0.714715 0.717997 0.717997 0
0.715716 0.761636 0.761636 0
0.716717 1.00649 1.00649 0
0.717718 0.84366 0.84366 0
0.718719 0.82443 0.82443 0
0.71972 0.784795 0.784795 0
0.720721 0.760421 0.760421 0
0.721722 1.02172 1.02172 0
0.722723 0.705871 0.705871 0
0.723724 1.02555 1.02555 0
0.724725 0.826764 0.826764 0
0.725726 0.876666 0.876666 0
0.726727 0.928586 0.928586 0
0.727728 0.695738 0.695738 0
0.728729 0.857374 0.857374 0
0.72973 0.794686 0.794686 0
0.730731 0.829736 0.829736 0
0.731732 1.18709 1.18709 0
0.732733 0.788162 0.788162 0
0.733734 0.982181 0.982181 0
0.734735 0.990988 0.990988 0
0.735736 0.605038 0.605038 0
0.736737 1.11911 1.11911 0
0.737738 0.916177 0.916177 0
0.738739 0.999575 0.999575 0
0.73974 0.976098 0.976098 0
0.740741 0.92715 0.92715 0
0.741742 0.835693 0.835693 0
0.742743 0.777982 0.777982 0
0.743744 0.867739 0.867739 0
0.744745 0.664136 0.664136 0
0.745746 0.798128 0.798128 0
0.746747 1.09959 1.09959 0
0.747748 0.824533 0.824533 0
0.748749 0.776101 0.776101 0
0.74975 0.930739 0.930739 0
0.750751 0.767859 0.767859 0
0.751752 0.971944 0.971944 0
0.752753 0.81986 0.81986 0
0.753754 1.07765 1.07765 0
0.754755 1.09666 1.09666 0
0.755756 0.759781 0.759781 0
0.756757 0.745463 0.745463 0
0.757758 0.985921 0.985921 0
0.758759 0.668532 0.668532 0
0.75976 0.826027 0.826027 0
0.760761 1.36874 1.36874 0
0.761762 1.36631 1.36631 0
0.762763 0.660736 0.660736 0
0.763764 0.810806 0.810806 0
0.764765 0.876465 0.876465 0
0.765766 1.04695 1.04695 0
0.766767 0.87759 0.87759 0
0.767768 1.17319 1.17319 0
0.768769 0.822936 0.822936 0
0.76977 0.974035 0.974035 0
0.770771 0.699688 0.699688 0
0.771772 0.718824 0.718824 0
0.772773 0.768041 0.768041 0
0.773774 1.18303 1.18303 0
0.774775 1.24135 1.24135 0
0.775776 0.676213 0.676213 0
0.776777 0.751026 0.751026 0
0.777778 0.956287 0.956287 0
0.778779 0.853021 0.853021 0
0.77978 1.12243 1.12243 0
0.780781 0.775414 0.775414 0
0.781782 1.3385 1.3385 0
0.782783 1.20688 1.20688 0
0.783784 0.884298 0.884298 0
0.784785 0.809489 0.809489 0
0.785786 0.814114 0.814114 0
0.786787 1.01264 1.01264 0
0.787788 0.751169 0.751169 0
0.788789 1.04995 1.04995 0
0.78979 0.746984 0.746984 0
0.790791 0.959019 0.959019 0
0.791792 1.08217 1.08217 0
0.792793 0.858269 0.858269 0
0.793794 1.12828 1.12828 0
0.794795 0.751289 0.751289 0
0.795796 0.854349 0.854349 0
0.796797 0.873456 0.873456 0
0.797798 0.670536 0.670536 0
0.798799 1.35373 1.35373 0
0.7998 1.17961 1.17961 0
0.800801 1.01326 1.01326 0
0.801802 0.824751 0.824751 0
0.802803 0.891668 0.891668 0
0.803804 0.870232 0.870232 0
0.804805 0.645953 0.645953 0
0.805806 0.994568 0.994568 0
0.806807 0.644547 0.644547 0
0.807808 0.955762 0.955762 0
0.808809 0.603619 0.603619 0
0.80981 0.919421 0.919421 0
0.810811 1.04081 1.04081 0
0.811812 0.699232 0.699232 0
0.812813 0.83629 0.83629 0
0.813814 0.868967 0.868967 0
0.814815 1.2454 1.2454 0
0.815816 0.8098 0.8098 0
0.816817 0.92029 0.92029 0
0.817818 0.694276 0.694276 0
0.818819 0.872835 0.872835 0
0.81982 0.966641 0.966641 0
0.820821 1.20564 1.20564 0
0.821822 0.768796 0.768796 0
0.822823 0.745982 0.745982 0
0.823824 1.08141 1.08141 0
0.824825 0.701039 0.701039 0
0.825826 0.93089 0.93089 0
0.826827 0.851879 0.851879 0
0.827828 0.939886 0.939886 0
0.828829 1.1261 1.1261 0
0.82983 0.747387 0.747387 0
0.830831 1.21874 1.21874 0
0.831832 0.898247 0.898247 0
0.832833 0.977483 0.977483 0
0.833834 0.874672 0.874672 0
0.834835 0.821142 0.821142 0
0.835836 0.784231 0.784231 0
0.836837 0.70539 0.70539 0
0.837838 1.03645 1.03645 0
0.838839 0.971019 0.971019 0
0.83984 1.38026 1.38026 0
0.840841 0.789957 0.789957 0
0.841842 1.0429 1.0429 0
0.842843 0.966392 0.966392 0
0.843844 1.17877 1.17877 0
0.844845 1.1856 1.1856 0
0.845846 1.49442 1.49442 0
0.846847 0.941667 0.941667 0
0.847848 0.956619 0.956619 0
0.848849 0.87362 0.87362 0
0.84985 1.07056 1.07056 0
0.850851 0.660432 0.660432 0
0.851852 1.0409 1.0409 0
0.852853 1.07909 1.07909 0
0.853854 0.801972 0.801972 0
0.854855 0.976622 0.976622 0
0.855856 0.951404 0.951404 0
0.856857 0.749437 0.749437 0
0.857858 0.881336 0.881336 0
0.858859 0.721104 0.721104 0
0.85986 0.752172 0.752172 0
0.860861 0.867826 0.867826 0
0.861862 0.837818 0.837818 0
0.862863 0.972561 0.972561 0
0.863864 1.32771 1.32771 0
0.864865 0.970623 0.970623 0
0.865866 1.04163 1.04163 0
0.866867 0.92541 0.92541 0
0.867868 1.06304 1.06304 0
0.868869 0.865875 0.865875 0
0.86987 0.882396 0.882396 0
0.870871 0.980009 0.980009 0
0.871872 1.05298 1.05298 0
0.872873 0.850434 0.850434 0
0.873874 0.577091 0.577091 0
0.874875 0.661166 0.661166 0
0.875876 1.18204 1.18204 0
0.876877 0.939816 0.939816 0
0.877878 0.851082 0.851082 0
0.878879 0.999483 0.999483 0
0.87988 0.929614 0.929614 0
0.880881 0.726668 0.726668 0
0.881882 1.01707 1.01707 0
0.882883 0.997643 0.997643 0
0.883884 0.874523 0.874523 0
0.884885 0.717769 0.717769 0
0.885886 0.963509 0.963509 0
0.886887 0.608553 0.608553 0
0.887888 0.67273 0.67273 0
0.888889 1.16843 1.16843 0
0.88989 0.894314 0.894314 0
0.890891 1.08814 1.08814 0
0.891892 1.41367 1.41367 0
0.892893 0.791964 0.791964 0
0.893894 1.14612 1.14612 0
0.894895 0.98719 0.98719 0
0.895896 0.71375 0.71375 0
0.896897 0.714982 0.714982 0
0.897898 0.877683 0.877683 0
0.898899 1.00308 1.00308 0
0.8999 0.696829 0.696829 0
0.900901 1.18205 1.18205 0
0.901902 0.998377 0.998377 0
0.902903 0.572705 0.572705 0
0.903904 0.824453 0.824453 0
0.904905 0.935237 0.935237 0
0.905906 0.807065 0.807065 0
0.906907 1.02916 1.02916 0
0.907908 1.23627 1.23627 0
0.908909 0.742568 0.742568 0
0.90991 1.18623 1.18623 0
0.910911 0.971438 0.971438 0
0.911912 1.36319 1.36319 0
0.912913 1.11996 1.11996 0
0.913914 0.971153 0.971153 0
0.914915 0.811535 0.811535 0
0.915916 0.732291 0.732291 0
0.916917 0.829527 0.829527 0
0.917918 0.587394 0.587394 0
0.918919 0.832658 0.832658 0
0.91992 1.05685 1.05685 0
0.920921 1.03304 1.03304 0
0.921922 1.20484 1.20484 0
0.922923 0.808165 0.808165 0
0.923924 0.751295 0.751295 0
0.924925 0.776509 0.776509 0
0.925926 0.912092 0.912092 0
0.926927 0.663999 0.663999 0
0.927928 1.04234 1.04234 0
0.928929 1.00298 1.00298 0
0.92993 0.964 0.964 0
0.930931 1.00245 1.00245 0
0.931932 0.919817 0.919817 0
0.932933 1.02941 1.02941 0
0.933934 0.974954 0.974954 0
0.934935 0.964842 0.964842 0
0.935936 1.03374 1.03374 0
0.936937 1.45205 1.45205 0
0.937938 0.961614 0.961614 0
0.938939 1.18275 1.18275 0
0.93994 0.858786 0.858786 0
0.940941 0.814607 0.814607 0
0.941942 0.80652 0.80652 0
0.942943 1.037 1.037 0
0.943944 1.09066 1.09066 0
0.944945 1.07431 1.07431 0
0.945946 1.19977 1.19977 0
0.946947 0.906278 0.906278 0
0.947948 0.990624 0.990624 0
0.948949 1.06813 1.06813 0
0.94995 1.08569 1.08569 0
0.950951 0.666806 0.666806 0
0.951952 0.758003 0.758003 0
0.952953 0.852477 0.852477 0
0.953954 0.694373 0.694373 0
0.954955 0.778372 0.778372 0
0.955956 0.92795 0.92795 0
0.956957 1.01492 1.01492 0
0.957958 0.64089 0.64089 0
0.958959 0.685878 0.685878 0
0.95996 0.783219 0.783219 0
0.960961 1.11318 1.11318 0
0.961962 0.913675 0.913675 0
0.962963 0.760873 0.760873 0
0.963964 0.935326 0.935326 0
0.964965 0.606479 0.606479 0
0.965966 0.954006 0.954006 0
0.966967 0.726386 0.726386 0
0.967968 0.787045 0.787045 0
0.968969 0.652787 0.652787 0
0.96997 0.908262 0.908262 0
0.970971 0.901048 0.901048 0
0.971972 1.29403 1.29403 0
0.972973 0.874189 0.874189 0
0.973974 0.633685 0.633685 0
0.974975 1.14946 1.14946 0
0.975976 0.793844 0.793844 0
0.976977 0.897253 0.897253 0
0.977978 0.826521 0.826521 0
0.978979 0.837097 0.837097 0
0.97998 0.773372 0.773372 0
0.980981 0.771464 0.771464 0
0.981982 1.10407 1.10407 0
0.982983 1.04772 1.04772 0
0.983984 0.54096 0.54096 0
0.984985 0.947636 0.947636 0
0.985986 0.977091 0.977091 0
0.986987 0.947992 0.947992 0
0.987988 1.33459 1.33459 0
0.988989 0.758753 0.758753 0
0.98999 1.10822 1.10822 0
0.990991 1.07423 1.07423 0
0.991992 1.13949 1.13949 0
0.992993 0.708124 0.708124 0
0.993994 0.801459 0.801459 0
0.994995 0.823164 0.823164 0
0.995996 1.02989 1.02989 0
0.996997 1.00555 1.00555 0
0.997998 1.24547 1.24547 0
0.998999 1.09504 1.09504 0
1 1.0359 1.0359 0
