#1-y 2--dN/dY 3--QMin 4--QMax 5-dN/dQdY [GeV-1] 3--dN_{PreEq}/dQdY [GeV-1] 3--dN_{Hydro}/dQdY [GeV-1]
-3.17 1650 2.40627e-05 2.39588e-05 1.03975e-07 
-3.07 1665 7.3844e-05 7.29967e-05 8.47251e-07 
-2.97 1680 0.00030876 0.000308648 1.1192e-07 
-2.825 1705 4.26482e-05 4.2274e-05 3.74243e-07 
-2.68 1730 0.000117079 0.000116848 2.31002e-07 
-2.5775 1765 0.0002228 0.000222166 6.33346e-07 
-2.475 1800 3.45586e-05 3.40415e-05 5.17126e-07 
-2.325 1830 0.000388831 0.000388455 3.7588e-07 
-2.175 1860 9.65614e-05 9.57628e-05 7.98631e-07 
-2.0775 1905 9.82717e-06 9.6465e-06 1.80675e-07 
-1.98 1950 2.35641e-05 2.21368e-05 1.42726e-06 
-1.8375 1990 8.25895e-05 8.14473e-05 1.14221e-06 
-1.695 2030 0.000108042 0.000107227 8.14877e-07 
-1.595 2055 9.43802e-05 9.18781e-05 2.50202e-06 
-1.495 2080 0.000167378 0.000166479 8.98166e-07 
-1.3525 2110 3.93777e-05 3.49642e-05 4.41347e-06 
-1.21 2140 4.21954e-05 4.00151e-05 2.18022e-06 
-1.115 2155 0.000180511 0.000179573 9.37418e-07 
-1.02 2170 5.72276e-05 5.6267e-05 9.60633e-07 
-0.8825 2185 0.000151978 0.000150116 1.8621e-06 
-0.745 2200 0.000198019 0.00019665 1.36932e-06 
-0.655 2205 8.90322e-05 8.85377e-05 4.94435e-07 
-0.565 2210 9.85025e-05 9.64915e-05 2.01107e-06 
-0.4325 2220 0.000151921 0.000147964 3.95689e-06 
-0.3 2230 0.000155455 0.000152686 2.76936e-06 
-0.2 2235 4.81121e-05 4.30133e-05 5.09878e-06 
-0.1 2240 9.70438e-05 9.58386e-05 1.2052e-06 
0 2240 0.000150096 0.000147769 2.32731e-06 
0.1 2240 0.000143281 0.000141649 1.63131e-06 
0.2 2235 7.16792e-05 7.06355e-05 1.04373e-06 
0.3 2230 0.000420834 0.000419518 1.31629e-06 
0.4325 2220 9.11056e-05 9.01148e-05 9.90725e-07 
0.565 2210 4.20179e-05 3.85783e-05 3.43952e-06 
0.655 2205 0.000215843 0.000215511 3.31636e-07 
0.745 2200 4.80101e-05 4.64435e-05 1.56656e-06 
0.8825 2185 5.98504e-05 5.63269e-05 3.52346e-06 
1.02 2170 0.000118034 0.000116711 1.32351e-06 
1.115 2155 1.81339e-05 1.49669e-05 3.16702e-06 
1.21 2140 9.64079e-05 9.45108e-05 1.89709e-06 
1.3525 2110 7.70603e-05 7.55953e-05 1.46504e-06 
1.495 2080 2.26482e-05 2.1502e-05 1.14612e-06 
1.595 2055 1.04941e-05 1.02417e-05 2.52372e-07 
1.695 2030 2.55647e-05 2.48717e-05 6.93038e-07 
1.8375 1990 1.57659e-05 1.52103e-05 5.55571e-07 
1.98 1950 4.50796e-05 4.49208e-05 1.58783e-07 
2.0775 1905 3.67177e-05 3.52802e-05 1.43744e-06 
2.175 1860 0.000151442 0.000151282 1.60533e-07 
2.325 1830 0.000147143 0.000146889 2.53653e-07 
2.475 1800 6.28989e-05 6.12567e-05 1.64215e-06 
2.5775 1765 3.58917e-05 3.58272e-05 6.44911e-08 
2.68 1730 8.70187e-05 8.68054e-05 2.13352e-07 
2.825 1705 4.80349e-05 4.7864e-05 1.70956e-07 
2.97 1680 3.0557e-05 3.04474e-05 1.09553e-07 
3.07 1665 9.63795e-05 9.6144e-05 2.35483e-07 
3.17 1650 0.000116396 0.000116083 3.12176e-07 
3.32 1625 2.86376e-05 2.84071e-05 2.30472e-07 
3.47 1600 -nan 0.00016389 -nan 
3.57 1550 5.34287e-06 5.31215e-06 3.07237e-08 
3.67 1500 1.91227e-05 1.86864e-05 4.36292e-07 
3.82 1435 9.74996e-06 9.66649e-06 8.34759e-08 
3.97 1370 4.3825e-05 4.37937e-05 3.13086e-08 
4.07 1345 7.01812e-05 7.00619e-05 1.19299e-07 
4.17 1320 0.000108819 0.000108777 4.26831e-08 
4.32 1300 9.10254e-07 8.71526e-07 3.87281e-08 
4.47 1280 2.01185e-05 2.00993e-05 1.91925e-08 
4.57 1260 7.46597e-06 7.38028e-06 8.56853e-08 
4.67 1240 1.79752e-05 1.79174e-05 5.78119e-08 
