#1-y 2--dN/dY 3--QMin 4--QMax 5-dN/dQdY [GeV-1] 3--dN_{PreEq}/dQdY [GeV-1] 3--dN_{Hydro}/dQdY [GeV-1]
-3.17 1650 1.5 2.5  0.000143901 5.44804e-05 8.94204e-05 2.5 3.5  3.05417e-05 2.85369e-05 2.00477e-06 3.5 4.5  2.26396e-06 2.18482e-06 7.91448e-08 4.5 5.5  2.77773e-07 2.77273e-07 5.00217e-10 
-2.97 1680 1.5 2.5  0.000243526 9.47616e-05 0.000148764 2.5 3.5  1.85879e-05 1.74437e-05 1.14415e-06 3.5 4.5  3.17367e-06 3.14102e-06 3.26449e-08 4.5 5.5  1.20829e-07 1.19779e-07 1.04987e-09 
-2.68 1730 1.5 2.5  0.00028318 0.000112616 0.000170564 2.5 3.5  3.48447e-05 3.22226e-05 2.62213e-06 3.5 4.5  4.67257e-06 4.58209e-06 9.04772e-08 4.5 5.5  4.41975e-07 4.37694e-07 4.2803e-09 
-2.475 1800 1.5 2.5  0.000245305 7.97439e-05 0.000165561 2.5 3.5  9.55653e-06 4.00204e-06 5.55449e-06 3.5 4.5  2.05558e-06 1.9778e-06 7.7779e-08 4.5 5.5  1.08779e-07 1.07662e-07 1.11772e-09 
-2.175 1860 1.5 2.5  0.000392065 0.000286058 0.000106007 2.5 3.5  2.51158e-05 2.32049e-05 1.91095e-06 3.5 4.5  1.72561e-06 1.53386e-06 1.91758e-07 4.5 5.5  1.23643e-07 1.21555e-07 2.08782e-09 
-1.98 1950 1.5 2.5  0.000364759 0.000169752 0.000195006 2.5 3.5  4.15112e-05 2.15879e-05 1.99233e-05 3.5 4.5  3.35776e-06 2.93868e-06 4.19085e-07 4.5 5.5  8.75816e-07 8.70996e-07 4.82035e-09 
-1.695 2030 1.5 2.5  0.00040744 7.82469e-05 0.000329193 2.5 3.5  2.22339e-05 1.65502e-05 5.68364e-06 3.5 4.5  6.30283e-06 5.99684e-06 3.05992e-07 4.5 5.5  1.41428e-06 1.38663e-06 2.76463e-08 
-1.495 2080 1.5 2.5  0.000437214 0.000260202 0.000177012 2.5 3.5  1.30341e-05 7.71224e-06 5.32184e-06 3.5 4.5  4.13526e-06 3.67059e-06 4.64672e-07 4.5 5.5  9.62585e-07 9.38221e-07 2.43641e-08 
-1.21 2140 1.5 2.5  0.000597217 0.00020004 0.000397177 2.5 3.5  5.47534e-05 4.63213e-05 8.43213e-06 3.5 4.5  2.63661e-06 2.23361e-06 4.02995e-07 4.5 5.5  1.29879e-06 1.29123e-06 7.5609e-09 
-1.02 2170 1.5 2.5  0.000537559 0.000186917 0.000350642 2.5 3.5  6.96127e-05 6.04503e-05 9.1624e-06 3.5 4.5  1.67279e-06 1.52428e-06 1.4851e-07 4.5 5.5  1.13833e-06 1.13638e-06 1.94827e-09 
-0.745 2200 1.5 2.5  0.000646222 0.000277851 0.000368372 2.5 3.5  3.69161e-05 7.88284e-06 2.90333e-05 3.5 4.5  1.05562e-05 1.033e-05 2.26139e-07 4.5 5.5  1.79278e-06 1.78645e-06 6.3225e-09 
-0.565 2210 1.5 2.5  0.000604876 0.000319838 0.000285038 2.5 3.5  5.87123e-05 4.78055e-05 1.09068e-05 3.5 4.5  4.87159e-06 4.37808e-06 4.93506e-07 4.5 5.5  3.38008e-06 3.31475e-06 6.533e-08 
-0.3 2230 1.5 2.5  0.000720728 0.000302848 0.00041788 2.5 3.5  4.35186e-05 3.13672e-05 1.21513e-05 3.5 4.5  5.36292e-06 4.47667e-06 8.86249e-07 4.5 5.5  9.84584e-07 9.79096e-07 5.48779e-09 
-0.1 2240 1.5 2.5  0.000905831 0.000354925 0.000550905 2.5 3.5  7.36177e-05 5.56405e-05 1.79772e-05 3.5 4.5  6.18274e-06 5.24697e-06 9.35766e-07 4.5 5.5  1.31065e-06 1.26917e-06 4.14884e-08 
0.1 2240 1.5 2.5  0.000412249 0.000103904 0.000308344 2.5 3.5  7.40105e-05 5.32518e-05 2.07587e-05 3.5 4.5  1.07411e-05 1.00955e-05 6.45542e-07 4.5 5.5  3.55401e-06 3.54649e-06 7.51682e-09 
0.3 2230 1.5 2.5  0.00083055 0.000337292 0.000493258 2.5 3.5  6.69042e-05 5.07489e-05 1.61552e-05 3.5 4.5  8.9591e-06 7.50458e-06 1.45452e-06 4.5 5.5  1.27673e-06 1.19206e-06 8.46664e-08 
0.565 2210 1.5 2.5  0.000372407 0.000146213 0.000226194 2.5 3.5  6.3502e-05 4.61805e-05 1.73214e-05 3.5 4.5  7.5343e-06 6.98409e-06 5.50217e-07 4.5 5.5  4.63513e-07 4.16497e-07 4.70155e-08 
0.745 2200 1.5 2.5  0.000635531 0.000259165 0.000376366 2.5 3.5  4.68878e-05 3.69145e-05 9.97327e-06 3.5 4.5  5.53689e-06 5.00436e-06 5.32534e-07 4.5 5.5  2.74026e-06 2.6999e-06 4.03576e-08 
1.02 2170 1.5 2.5  0.000476524 0.000181263 0.00029526 2.5 3.5  5.22378e-05 3.26312e-05 1.96067e-05 3.5 4.5  3.99495e-06 3.69374e-06 3.01208e-07 4.5 5.5  1.41441e-06 1.39349e-06 2.09275e-08 
1.21 2140 1.5 2.5  0.000627679 0.000217038 0.000410641 2.5 3.5  4.46588e-05 3.51724e-05 9.48643e-06 3.5 4.5  3.74174e-06 3.47386e-06 2.67882e-07 4.5 5.5  2.4425e-06 2.41609e-06 2.64072e-08 
1.495 2080 1.5 2.5  0.000494702 0.000158664 0.000336038 2.5 3.5  3.28506e-05 2.23692e-05 1.04814e-05 3.5 4.5  7.43017e-06 6.78917e-06 6.40998e-07 4.5 5.5  2.18143e-06 2.16864e-06 1.27851e-08 
1.695 2030 1.5 2.5  0.000447139 0.000150735 0.000296404 2.5 3.5  5.58838e-05 4.46552e-05 1.12286e-05 3.5 4.5  7.07347e-06 6.94885e-06 1.24617e-07 4.5 5.5  1.93129e-06 1.93013e-06 1.15921e-09 
1.98 1950 1.5 2.5  0.000313759 7.15413e-05 0.000242218 2.5 3.5  1.71638e-05 1.30795e-05 4.08426e-06 3.5 4.5  5.5439e-06 4.84619e-06 6.97706e-07 4.5 5.5  4.88702e-07 4.81891e-07 6.81093e-09 
2.175 1860 1.5 2.5  0.000513045 0.000215278 0.000297767 2.5 3.5  5.48881e-05 4.82103e-05 6.6778e-06 3.5 4.5  9.92204e-07 6.77958e-07 3.14246e-07 4.5 5.5  7.84257e-07 7.69994e-07 1.4263e-08 
2.475 1800 1.5 2.5  0.000243285 8.72223e-05 0.000156062 2.5 3.5  2.80112e-05 2.32232e-05 4.78796e-06 3.5 4.5  4.04552e-06 3.9723e-06 7.32167e-08 4.5 5.5  1.42505e-06 1.41968e-06 5.37509e-09 
2.68 1730 1.5 2.5  0.00020998 6.96786e-05 0.000140302 2.5 3.5  1.35886e-05 6.89524e-06 6.69334e-06 3.5 4.5  1.91498e-06 1.89667e-06 1.83124e-08 4.5 5.5  1.64119e-07 1.60887e-07 3.23172e-09 
2.97 1680 1.5 2.5  0.000225394 4.21328e-05 0.000183261 2.5 3.5  1.9667e-05 1.39149e-05 5.75213e-06 3.5 4.5  2.64413e-06 2.62289e-06 2.12408e-08 4.5 5.5  5.15728e-07 5.1416e-07 1.56801e-09 
3.17 1650 1.5 2.5  0.000279359 7.30879e-05 0.000206271 2.5 3.5  2.153e-05 1.54911e-05 6.0389e-06 3.5 4.5  2.80756e-06 2.7779e-06 2.96581e-08 4.5 5.5  8.94564e-07 8.93243e-07 1.32184e-09 
3.47 1600 1.5 2.5  0.000362181 0.000265519 9.66618e-05 2.5 3.5  2.32301e-05 2.00556e-05 3.17448e-06 3.5 4.5  1.29551e-06 1.24278e-06 5.27286e-08 4.5 5.5  1.56647e-07 1.56525e-07 1.21794e-10 
3.67 1500 1.5 2.5  0.000270571 0.000150562 0.000120009 2.5 3.5  1.91801e-05 1.77078e-05 1.47232e-06 3.5 4.5  3.05915e-07 2.85658e-07 2.02574e-08 4.5 5.5  2.16601e-07 2.16481e-07 1.19307e-10 
3.97 1370 1.5 2.5  0.000247726 0.000179402 6.83243e-05 2.5 3.5  2.34192e-06 1.5738e-06 7.68112e-07 3.5 4.5  9.25567e-07 9.0279e-07 2.27774e-08 4.5 5.5  1.42548e-08 1.38072e-08 4.4767e-10 
4.17 1320 1.5 2.5  0.000132655 0.000106063 2.65913e-05 2.5 3.5  6.18475e-06 4.94565e-06 1.23911e-06 3.5 4.5  2.4669e-07 2.06229e-07 4.04608e-08 4.5 5.5  7.8886e-08 7.56267e-08 3.25929e-09 
4.47 1280 1.5 2.5  0.000118449 0.000101452 1.69973e-05 2.5 3.5  6.83346e-06 6.67476e-06 1.58704e-07 3.5 4.5  4.29444e-07 4.23324e-07 6.11968e-09 4.5 5.5  6.16351e-08 6.12466e-08 3.88424e-10 
4.67 1240 1.5 2.5  5.60705e-05 3.46445e-05 2.1426e-05 2.5 3.5  5.70683e-06 5.55497e-06 1.51855e-07 3.5 4.5  1.00812e-06 1.00629e-06 1.83005e-09 4.5 5.5  1.00243e-08 9.98966e-09 3.46199e-11 
