
0.133779 1.41459e+07
0.267559 2.47382e+07
0.401338 3.24209e+07
0.535117 3.42148e+07
0.668896 4.27669e+07
0.802676 5.1171e+07
0.936455 4.89883e+07
1.07023 5.26884e+07
1.20401 6.99186e+07
1.33779 5.42745e+07
1.47157 5.62172e+07
1.60535 7.52803e+07
1.73913 6.85828e+07
1.87291 1.00885e+08
2.00669 7.40457e+07
2.14047 6.90997e+07
2.27425 8.00961e+07
2.40803 6.35086e+07
2.54181 9.91038e+07
2.67559 8.66099e+07
2.80936 8.91721e+07
2.94314 9.104e+07
3.07692 8.72538e+07
3.2107 6.9692e+07
3.34448 9.36956e+07
3.47826 1.01426e+08
3.61204 9.15099e+07
3.74582 8.94158e+07
3.8796 9.12305e+07
4.01338 8.35759e+07
4.14716 8.51028e+07
4.28094 9.33883e+07
4.41472 8.61453e+07
4.54849 9.9015e+07
4.68227 9.78409e+07
4.81605 1.02499e+08
4.94983 8.15072e+07
5.08361 9.08111e+07
5.21739 1.19272e+08
5.35117 9.19112e+07
5.48495 1.11109e+08
5.61873 1.1304e+08
5.75251 1.22349e+08
5.88629 1.04685e+08
6.02007 1.08833e+08
6.15385 1.1289e+08
6.28763 1.20415e+08
6.4214 1.33118e+08
6.55518 1.19867e+08
6.68896 1.15728e+08
6.82274 1.3111e+08
6.95652 1.07459e+08
7.0903 1.57665e+08
7.22408 8.84787e+07
7.35786 1.20333e+08
7.49164 1.47543e+08
7.62542 1.06657e+08
7.7592 1.27001e+08
7.89298 1.04498e+08
8.02676 1.73883e+08
8.16054 1.20551e+08
8.29431 1.21893e+08
8.42809 1.29945e+08
8.56187 1.15108e+08
8.69565 2.96961e+08
8.82943 1.35232e+08
8.96321 1.49489e+08
9.09699 1.58624e+08
9.23077 1.09916e+08
9.36455 9.19122e+07
9.49833 1.17581e+08
9.63211 1.52428e+08
9.76589 1.3227e+08
9.89967 9.9528e+07
10.0334 1.32102e+08
10.1672 1.08891e+08
10.301 1.28884e+08
10.4348 1.56625e+08
10.5686 1.22899e+08
10.7023 1.30007e+08
10.8361 1.31594e+08
10.9699 1.44695e+08
11.1037 1.19715e+08
11.2375 1.62834e+08
11.3712 1.28417e+08
11.505 1.41726e+08
11.6388 1.75881e+08
11.7726 1.17848e+08
11.9064 1.0298e+08
12.0401 1.77286e+08
12.1739 1.11672e+08
12.3077 1.35991e+08
12.4415 1.37046e+08
12.5753 1.20047e+08
12.709 1.68441e+08
12.8428 1.68019e+08
12.9766 1.29801e+08
13.1104 1.12786e+08
13.2441 1.71278e+08
13.3779 1.57347e+08
13.5117 1.34042e+08
13.6455 1.49849e+08
13.7793 1.30166e+08
13.913 3.09592e+08
14.0468 1.76398e+08
14.1806 1.29784e+08
14.3144 1.41547e+08
14.4482 1.73386e+08
14.5819 1.35747e+08
14.7157 1.56456e+08
14.8495 1.41882e+08
14.9833 1.81247e+08
15.1171 1.27339e+08
15.2508 1.86892e+08
15.3846 1.3325e+08
15.5184 2.47707e+08
15.6522 1.67744e+08
15.786 1.69692e+08
15.9197 1.38493e+08
16.0535 1.63999e+08
16.1873 1.51015e+08
16.3211 1.25769e+08
16.4548 2.32015e+08
16.5886 1.70262e+08
16.7224 1.55195e+08
16.8562 1.80017e+08
16.99 1.48474e+08
17.1237 1.43713e+08
17.2575 1.13385e+08
17.3913 1.71333e+08
17.5251 1.57026e+08
17.6589 1.54346e+08
17.7926 2.06098e+08
17.9264 1.56598e+08
18.0602 1.92644e+08
18.194 1.64426e+08
18.3278 1.2717e+08
18.4615 1.91839e+08
18.5953 2.143e+08
18.7291 1.86359e+08
18.8629 1.49271e+08
18.9967 1.59487e+08
19.1304 1.46766e+08
19.2642 2.26328e+08
19.398 1.62371e+08
19.5318 1.68345e+08
19.6656 1.49629e+08
19.7993 1.63378e+08
19.9331 1.60916e+08
20.0669 1.31338e+08
20.2007 2.21521e+08
20.3344 2.35694e+08
20.4682 1.46303e+08
20.602 1.57797e+08
20.7358 1.88668e+08
20.8696 1.45275e+08
21.0033 1.45014e+08
21.1371 2.38432e+08
21.2709 1.36683e+08
21.4047 2.08993e+08
21.5385 1.49148e+08
21.6722 1.77822e+08
21.806 1.9287e+08
21.9398 1.47936e+08
22.0736 3.31781e+08
22.2074 1.62897e+08
22.3411 1.85914e+08
22.4749 1.58976e+08
22.6087 1.38523e+08
22.7425 2.54686e+08
22.8763 2.33388e+08
23.01 1.22606e+08
23.1438 1.4986e+08
23.2776 1.5356e+08
23.4114 1.88323e+08
23.5452 1.34588e+08
23.6789 1.6501e+08
23.8127 1.84457e+08
23.9465 1.79357e+08
24.0803 1.60245e+08
24.214 1.53591e+08
24.3478 2.43848e+08
24.4816 3.39757e+08
24.6154 2.40963e+08
24.7492 2.89136e+08
24.8829 1.51141e+08
25.0167 1.20565e+08
25.1505 1.57718e+08
25.2843 1.56684e+08
25.4181 1.86502e+08
25.5518 1.67604e+08
25.6856 1.75135e+08
25.8194 1.59226e+08
25.9532 1.49381e+08
26.087 2.03944e+08
26.2207 2.38872e+08
26.3545 2.09424e+08
26.4883 2.29127e+08
26.6221 1.10255e+08
26.7559 2.23864e+08
26.8896 1.76341e+08
27.0234 1.64381e+08
27.1572 1.53391e+08
27.291 2.40745e+08
27.4247 1.68888e+08
27.5585 1.95791e+08
27.6923 2.24596e+08
27.8261 1.45286e+08
27.9599 1.58854e+08
28.0936 1.49708e+08
28.2274 1.47131e+08
28.3612 2.06508e+08
28.495 1.63732e+08
28.6288 1.25829e+08
28.7625 1.25474e+08
28.8963 2.38001e+08
29.0301 2.33051e+08
29.1639 1.3585e+08
29.2977 2.11293e+08
29.4314 2.10596e+08
29.5652 2.2556e+08
29.699 2.03837e+08
29.8328 1.92398e+08
29.9666 1.5536e+08
30.1003 3.03571e+08
30.2341 1.69163e+08
30.3679 2.67232e+08
30.5017 2.10084e+08
30.6355 1.68715e+08
30.7692 1.87682e+08
30.903 1.84324e+08
31.0368 2.24209e+08
31.1706 3.16155e+08
31.3043 1.55749e+08
31.4381 1.22362e+08
31.5719 1.93075e+08
31.7057 1.73061e+08
31.8395 2.10542e+08
31.9732 1.29372e+08
32.107 5.49247e+08
32.2408 1.82081e+08
32.3746 2.21127e+08
32.5084 1.41503e+08
32.6421 2.0287e+08
32.7759 1.56126e+08
32.9097 2.33172e+08
33.0435 2.53727e+08
33.1773 2.72239e+08
33.311 1.55571e+08
33.4448 2.30003e+08
33.5786 2.3891e+08
33.7124 1.78029e+08
33.8462 1.48876e+08
33.9799 4.20579e+08
34.1137 1.84307e+08
34.2475 2.57433e+08
34.3813 2.01746e+08
34.5151 1.61409e+08
34.6488 2.13183e+08
34.7826 1.85756e+08
34.9164 2.1364e+08
35.0502 1.35908e+08
35.1839 1.59583e+08
35.3177 1.56343e+08
35.4515 2.7927e+08
35.5853 1.64077e+08
35.7191 2.16379e+08
35.8528 1.82956e+08
35.9866 1.47702e+08
36.1204 1.67153e+08
36.2542 2.06932e+08
36.388 1.45722e+08
36.5217 1.88067e+08
36.6555 1.90223e+08
36.7893 1.36408e+08
36.9231 2.1083e+08
37.0569 2.41119e+08
37.1906 1.44783e+08
37.3244 2.1549e+08
37.4582 2.39762e+08
37.592 1.79877e+08
37.7258 3.03969e+08
37.8595 1.92772e+08
37.9933 2.90061e+08
38.1271 1.93248e+08
38.2609 2.26082e+08
38.3946 3.59131e+08
38.5284 2.4349e+08
38.6622 2.10842e+08
38.796 2.55381e+08
38.9298 2.4844e+08
39.0635 1.5216e+08
39.1973 1.95363e+08
39.3311 2.40891e+08
39.4649 1.58209e+08
39.5987 2.15859e+08
39.7324 3.41445e+08
39.8662 1.99618e+08
40 2.64036e+08
