3.001 0.00128721 0.012155 0.0119048 0.000250259
3.01772 0.00104796 0.0343388 0.0330536 0.00128525
3.03444 0.00171703 0.0212975 0.0205096 0.000787901
3.05116 0.00136143 0.104982 0.103478 0.0015043
3.06788 0.00140763 0.0147595 0.013429 0.00133048
3.0846 0.00124147 0.0517568 0.0502206 0.00153618
3.10131 0.00110556 0.0383473 0.0370821 0.0012652
3.11803 0.00126575 0.0268819 0.0253539 0.00152797
3.13475 0.00153955 0.0559685 0.0541614 0.00180709
3.15147 0.00150946 0.111221 0.11047 0.000751081
3.16819 0.00129226 0.0371444 0.0355007 0.0016437
3.18491 0.00125191 0.0163497 0.0154103 0.000939392
3.20163 0.00121952 0.0660137 0.0641079 0.0019058
3.21835 0.00131411 0.0447121 0.0411946 0.00351745
3.23507 0.00115168 0.13765 0.136953 0.000696816
3.25179 0.00134647 0.0300773 0.0298072 0.000270016
3.26851 0.00140283 0.0348342 0.0335202 0.00131403
3.28522 0.0013435 0.036192 0.0345412 0.00165073
3.30194 0.00104937 0.134618 0.134386 0.000232631
3.31866 0.00108155 0.0526202 0.0510222 0.00159802
3.33538 0.00106503 0.0659327 0.0651063 0.000826411
3.3521 0.00129725 0.029617 0.0274317 0.00218523
3.36882 0.00101652 0.210429 0.209375 0.00105394
3.38554 0.000980516 0.0529178 0.0525164 0.000401428
3.40226 0.00116335 0.130121 0.129034 0.00108766
3.41898 0.00100736 0.0563288 0.0559476 0.00038121
3.4357 0.00126463 0.0382514 0.0379737 0.000277649
3.45241 0.00106675 0.0569127 0.0559417 0.000970974
3.46913 0.000980822 0.0607984 0.0596159 0.00118241
3.48585 0.00114609 0.14014 0.139229 0.000910693
3.50257 0.00120253 0.0498201 0.0485251 0.00129501
3.51929 0.00112101 0.0194751 0.0183871 0.00108806
3.53601 0.000879182 0.0288496 0.0276933 0.00115626
3.55273 0.000944335 0.0226258 0.0224851 0.000140669
3.56945 0.00107821 0.00987538 0.00951887 0.00035651
3.58617 0.00105376 0.0181768 0.0178841 0.000292728
3.60289 0.000957159 0.0252208 0.0244155 0.000805258
3.61961 0.00109264 0.301247 0.300646 0.000600685
3.63632 0.00100941 0.0158133 0.0155054 0.000307921
3.65304 0.000860576 0.124135 0.123511 0.000624553
3.66976 0.0011294 0.00992139 0.00978776 0.000133628
3.68648 0.000731825 0.0817007 0.0811993 0.000501462
3.7032 0.00125922 0.0182435 0.0180767 0.000166854
3.71992 0.00120879 0.00665828 0.00656635 9.1928e-05
3.73664 0.000960031 0.019496 0.0192839 0.000212133
3.75336 0.000968732 0.0854334 0.0853515 8.19111e-05
3.77008 0.000964446 0.0111323 0.010831 0.000301328
3.7868 0.00108931 0.00914869 0.0087863 0.000362399
3.80352 0.000917727 0.0382988 0.0376584 0.000640476
3.82023 0.000780075 0.010516 0.0101061 0.000409903
3.83695 0.000828286 0.0484707 0.0483758 9.48312e-05
3.85367 0.000810615 0.0498746 0.0496591 0.000215481
3.87039 0.00101116 0.00825954 0.00770746 0.000552075
3.88711 0.000877681 0.0161336 0.0159084 0.000225168
3.90383 0.000732907 0.0495844 0.0492732 0.000311154
3.92055 0.000800372 0.0142418 0.0140017 0.000240048
3.93727 0.000994449 0.0597125 0.0591669 0.000545612
3.95399 0.000894536 0.0149952 0.0148912 0.000104038
3.97071 0.000829972 0.087243 0.0870368 0.000206248
3.98742 0.00082262 0.00769621 0.00759747 9.87384e-05
4.00414 0.0010881 0.0320523 0.0318081 0.000244169
4.02086 0.000764943 0.0337967 0.0335483 0.000248388
4.03758 0.000802504 0.0411695 0.0410144 0.000155092
4.0543 0.000807916 0.0309211 0.0308741 4.70354e-05
4.07102 0.000896491 0.0435871 0.0434629 0.000124275
4.08774 0.000722167 0.0154473 0.0154228 2.45487e-05
4.10446 0.000683129 0.00277031 0.00254804 0.000222268
4.12118 0.000710436 0.0405762 0.0405551 2.11749e-05
4.1379 0.000773159 0.0375654 0.0374598 0.000105615
4.15462 0.000820697 0.0568834 0.0568525 3.09722e-05
4.17133 0.00075047 0.00717281 0.00709967 7.31404e-05
4.18805 0.000832306 0.0345962 0.0345584 3.77157e-05
4.20477 0.000869186 0.00617906 0.00606405 0.000115005
4.22149 0.000537561 0.0923046 0.0922418 6.27413e-05
4.23821 0.000745262 0.00422962 0.00420205 2.75682e-05
4.25493 0.000573871 0.0179392 0.017921 1.81922e-05
4.27165 0.000752968 0.0615798 0.0615343 4.54042e-05
4.28837 0.000591249 0.0152245 0.0151563 6.82094e-05
4.30509 0.000738373 0.0326104 0.0325554 5.49939e-05
4.32181 0.000749799 0.0281189 0.0281107 8.14972e-06
4.33853 0.000619083 0.0335229 0.0334708 5.21061e-05
4.35524 0.000570309 0.0252672 0.0252448 2.24353e-05
4.37196 0.000592142 0.0269574 0.0269232 3.4192e-05
4.38868 0.000632952 0.0538895 0.0538405 4.8994e-05
4.4054 0.000686544 0.118048 0.118011 3.70712e-05
4.42212 0.000600536 0.00139149 0.00135543 3.60546e-05
4.43884 0.000750552 0.00532879 0.00531626 1.25351e-05
4.45556 0.000650221 0.00153243 0.00152086 1.15674e-05
4.47228 0.000702889 0.0209322 0.020907 2.51732e-05
4.489 0.000718624 0.0419786 0.0419509 2.76724e-05
4.50572 0.000642353 0.0183059 0.0183013 4.54382e-06
4.52243 0.00062512 0.00855598 0.00852071 3.52655e-05
4.53915 0.000722604 0.0144424 0.0143945 4.79022e-05
4.55587 0.000698328 0.0203155 0.0203033 1.22491e-05
4.57259 0.000663364 0.00190591 0.00184978 5.61328e-05
4.58931 0.000588172 0.0449877 0.044983 4.7551e-06
4.60603 0.000644032 0.0127194 0.012702 1.7428e-05
4.62275 0.000601272 0.00172827 0.00171963 8.63705e-06
4.63947 0.000664501 0.0418128 0.0418027 1.01371e-05
4.65619 0.000580028 0.0058289 0.00580416 2.47402e-05
4.67291 0.000597793 0.179934 0.179916 1.75498e-05
4.68963 0.000691805 0.0331018 0.033099 2.84362e-06
4.70634 0.000604287 0.00263949 0.00263385 5.63119e-06
4.72306 0.000557685 0.00174864 0.00173797 1.06661e-05
4.73978 0.000626457 0.0199708 0.0199528 1.80171e-05
4.7565 0.00055421 0.0223306 0.0223109 1.96767e-05
4.77322 0.000614298 0.0207778 0.0207376 4.0156e-05
4.78994 0.000615546 0.00983032 0.00982107 9.24913e-06
4.80666 0.000502114 0.00374661 0.00373427 1.23335e-05
4.82338 0.000443488 0.0598531 0.0598461 6.9914e-06
4.8401 0.000360791 0.0277835 0.0277776 5.81372e-06
4.85682 0.000446486 0.00854558 0.00853117 1.44089e-05
4.87354 0.000560743 0.0134113 0.0134097 1.64328e-06
4.89025 0.000621862 0.0197502 0.0197457 4.56711e-06
4.90697 0.000425701 0.00211461 0.00211347 1.13763e-06
4.92369 0.000560817 0.00140201 0.00139785 4.15568e-06
4.94041 0.00066106 0.00393038 0.00392884 1.5463e-06
4.95713 0.000409021 0.00255411 0.00254597 8.13599e-06
4.97385 0.00048891 0.0155719 0.0155686 3.31852e-06
4.99057 0.000466481 0.00334371 0.00333774 5.97346e-06
5.00729 0.000765145 0.0202543 0.0202467 7.60949e-06
5.02401 0.000444026 0.00257262 0.00256998 2.64851e-06
5.04073 0.000559319 0.00707574 0.00707066 5.08286e-06
5.05744 0.000438725 0.00699468 0.00699356 1.11322e-06
5.07416 0.000447956 0.000237537 0.000234613 2.92475e-06
5.09088 0.000344307 0.00289984 0.00289894 9.00523e-07
5.1076 0.000411276 0.00150589 0.00149956 6.33588e-06
5.12432 0.000604427 0.000690671 0.000688828 1.8428e-06
5.14104 0.000444842 0.016072 0.0160712 7.74667e-07
5.15776 0.000562709 0.00106176 0.00106101 7.42397e-07
5.17448 0.000453223 0.0412895 0.0412884 1.15116e-06
5.1912 0.000506808 0.034283 0.0342812 1.82229e-06
5.20792 0.00057499 0.00193876 0.00193656 2.19995e-06
5.22464 0.000538085 0.00738853 0.00738796 5.79465e-07
5.24135 0.000475532 0.00414983 0.00414782 2.01564e-06
5.25807 0.000554166 0.120883 0.120878 4.28983e-06
5.27479 0.000421218 0.000398605 0.000395595 3.01014e-06
5.29151 0.000488451 0.0106178 0.0106173 5.13474e-07
5.30823 0.000530953 0.0239081 0.0239062 1.93324e-06
5.32495 0.000438594 0.000657767 0.000653724 4.04345e-06
5.34167 0.000373743 0.0103782 0.010374 4.18287e-06
5.35839 0.000541965 0.00109674 0.00109566 1.07224e-06
5.37511 0.000468099 0.142152 0.142151 1.54926e-06
5.39183 0.000351296 0.000202304 0.000200781 1.52323e-06
5.40855 0.000462917 0.000472114 0.000469834 2.27987e-06
5.42526 0.000475734 0.0227098 0.0227053 4.44981e-06
5.44198 0.00041585 0.00184113 0.00183933 1.80397e-06
5.4587 0.000489924 0.000961947 0.000960797 1.14933e-06
5.47542 0.000387542 0.0246751 0.0246743 7.79193e-07
5.49214 0.000240344 0.000847709 0.000846069 1.63928e-06
5.50886 0.000303458 0.00087581 0.000875212 5.98072e-07
5.52558 0.000392742 0.00137111 0.00137052 5.8604e-07
5.5423 0.000491701 0.0323421 0.0323415 6.2642e-07
5.55902 0.000241455 0.000427112 0.000426153 9.58507e-07
5.57574 0.00057135 0.0422158 0.0422135 2.25832e-06
5.59245 0.000390689 0.00157958 0.00157712 2.45764e-06
5.60917 0.000274927 0.000271789 0.000271666 1.23632e-07
5.62589 0.0004762 0.0186978 0.0186975 3.03932e-07
5.64261 0.000344403 0.00162518 0.00162481 3.68724e-07
5.65933 0.000301512 0.000454044 0.000453762 2.82718e-07
5.67605 0.00043941 0.000815455 0.000815366 8.84823e-08
5.69277 0.000239093 0.000638801 0.000638462 3.38327e-07
5.70949 0.000470417 0.00275218 0.0027514 7.77642e-07
5.72621 0.000299673 0.0117372 0.0117371 7.94346e-08
5.74293 0.000346865 0.0159052 0.0159048 4.42841e-07
5.75965 0.000358361 0.000879305 0.000879232 7.30669e-08
5.77636 0.000394247 0.00100222 0.00100172 5.04055e-07
5.79308 0.000409787 0.000135643 0.000134911 7.3223e-07
5.8098 0.000432859 0.0728237 0.0728234 2.95443e-07
5.82652 0.000427231 0.00365493 0.0036549 2.25654e-08
5.84324 0.000436236 0.00112461 0.00112452 9.08021e-08
5.85996 0.000483813 0.00163415 0.00163398 1.68642e-07
5.87668 0.00042186 0.000255181 0.000255128 5.30653e-08
5.8934 0.000394879 0.0027666 0.0027664 1.96346e-07
5.91012 0.000506089 0.00232703 0.00232681 2.22749e-07
5.92684 0.000468914 0.000863993 0.000863844 1.49389e-07
5.94356 0.000271481 0.00161794 0.00161766 2.76603e-07
5.96027 0.000363055 0.000121325 0.000121122 2.02798e-07
5.97699 0.00042008 7.58909e-05 7.57214e-05 1.69451e-07
5.99371 0.000493911 0.000200028 0.000199743 2.84742e-07
6.01043 0.000271108 0.000263234 0.000263179 5.50264e-08
6.02715 0.000542373 0.00365765 0.00365726 3.91715e-07
6.04387 0.000396663 0.0156008 0.0156005 2.91916e-07
6.06059 0.000306968 0.000398755 0.000398568 1.87133e-07
6.07731 0.000345044 1.07718e-05 1.074e-05 3.1802e-08
6.09403 0.000487086 0.0824727 0.0824724 2.83222e-07
6.11075 0.000317387 0.0122382 0.0122379 2.52896e-07
6.12746 0.000342853 0.0143668 0.0143667 1.10587e-07
6.14418 0.000329296 8.97224e-05 8.94656e-05 2.5675e-07
6.1609 0.000328669 0.00135047 0.00135046 9.16718e-09
6.17762 0.000274134 3.33866e-05 3.3373e-05 1.35707e-08
6.19434 0.000356901 0.0248463 0.0248463 2.54881e-08
6.21106 0.000440692 0.000392467 0.00039242 4.62368e-08
6.22778 0.000363719 0.00561827 0.00561819 7.64303e-08
6.2445 0.000279769 0.000503267 0.000503175 9.18669e-08
6.26122 0.000213325 0.00034126 0.000341209 5.1152e-08
6.27794 0.000499043 0.000972039 0.000971915 1.23107e-07
6.29466 0.000435748 0.001337 0.00133695 4.89753e-08
6.31137 0.000277302 0.174276 0.174276 2.10021e-07
6.32809 0.000259312 0.00797874 0.00797867 6.90969e-08
6.34481 0.000311978 6.38776e-05 6.38153e-05 6.23091e-08
6.36153 0.000303661 0.00257376 0.00257371 4.76563e-08
6.37825 0.000403002 0.00298017 0.00298015 1.95261e-08
6.39497 0.000381171 0.00013955 0.000139526 2.34835e-08
6.41169 0.000293032 0.000389497 0.000389492 4.69701e-09
6.42841 0.000374185 0.00117233 0.00117229 4.11732e-08
6.44513 0.000254283 6.20233e-05 6.19985e-05 2.4743e-08
6.46185 0.000350928 0.00459082 0.00459081 3.84146e-09
6.47857 0.000216508 0.00626791 0.00626789 1.83067e-08
6.49528 0.000225841 1.76142e-05 1.75761e-05 3.81204e-08
6.512 0.000438494 7.00974e-05 7.00013e-05 9.61037e-08
6.52872 0.000251075 0.000234395 0.000234347 4.795e-08
6.54544 0.000305035 0.000617785 0.000617766 1.96921e-08
6.56216 0.000308356 0.00854136 0.00854136 5.95897e-09
6.57888 0.00026931 0.000941716 0.000941712 3.92434e-09
6.5956 0.000255961 0.00158453 0.00158453 3.61359e-09
6.61232 0.000370097 0.000186669 0.00018664 2.94211e-08
6.62904 0.000239861 0.00277144 0.00277143 1.22899e-08
6.64576 0.000287261 0.00166511 0.00166509 2.52406e-08
6.66247 0.000232135 0.0152246 0.0152246 2.43193e-08
6.67919 0.00037075 0.00101126 0.00101124 1.82852e-08
6.69591 0.000358027 0.000164942 0.000164924 1.88131e-08
6.71263 0.000257876 0.000416822 0.00041682 1.83092e-09
6.72935 0.000249969 0.0241999 0.0241999 1.05043e-09
6.74607 0.000327884 0.00455202 0.00455201 4.89582e-09
6.76279 0.000408068 0.000102678 0.000102612 6.65902e-08
6.77951 0.000330755 0.00251241 0.00251241 5.66732e-09
6.79623 0.000482005 0.000120774 0.000120753 2.09146e-08
6.81295 0.000248333 0.00152536 0.00152535 1.08939e-08
6.82967 0.000389865 0.00025081 0.000250807 3.13254e-09
6.84638 0.000330096 0.0001604 0.000160396 4.00365e-09
6.8631 0.000393359 0.00159247 0.00159247 1.87157e-09
6.87982 0.000262518 0.0812653 0.0812653 1.0034e-08
6.89654 0.000271652 0.000293039 0.000293036 2.49403e-09
6.91326 0.000253837 0.000193578 0.000193556 2.15917e-08
6.92998 0.000277299 0.000116445 0.000116411 3.40812e-08
6.9467 0.000228019 0.0121762 0.0121762 2.33661e-08
6.96342 0.000316153 0.00185745 0.00185743 1.39434e-08
6.98014 0.000491374 0.000333408 0.00033337 3.82341e-08
6.99686 0.00027339 0.000515518 0.000515517 1.19519e-09
7.01358 0.000424051 0.000191236 0.000191234 2.17311e-09
7.03029 0.000276514 0.00322683 0.00322683 2.19947e-09
7.04701 0.000173246 5.68953e-06 5.68398e-06 5.55273e-09
7.06373 0.000306628 0.00114089 0.00114088 5.86565e-09
7.08045 0.000194118 0.000833652 0.00083365 2.53245e-09
7.09717 0.000208474 0.00032757 0.000327558 1.26317e-08
7.11389 0.000335206 0.000728096 0.000728092 4.10678e-09
7.13061 0.000226859 0.000103347 0.000103346 3.69836e-10
7.14733 0.000309398 0.000382874 0.000382873 6.44019e-10
7.16405 0.000360309 6.99342e-05 6.99323e-05 1.81695e-09
7.18077 0.000229696 0.00025216 0.000252155 5.65259e-09
7.19748 0.000364619 0.00655338 0.00655338 6.75699e-10
7.2142 0.000313595 0.000499575 0.000499573 1.2745e-09
7.23092 0.000222709 7.91314e-06 7.90866e-06 4.47736e-09
7.24764 0.000167396 0.000348293 0.000348291 1.4768e-09
7.26436 0.000287907 0.000651406 0.000651402 4.1783e-09
7.28108 0.000222577 0.00463478 0.00463478 2.47973e-10
7.2978 0.000228309 0.00450921 0.0045092 1.74581e-09
7.31452 0.000271181 0.00187888 0.00187888 5.52305e-10
7.33124 0.000319158 0.000831963 0.000831959 3.83635e-09
7.34796 0.000250913 2.20015e-05 2.19981e-05 3.38989e-09
7.36468 0.000203357 0.000267051 0.00026705 1.91446e-10
7.38139 0.000231532 0.00206339 0.00206338 1.10818e-08
7.39811 0.000191956 6.12574e-06 6.12525e-06 4.87433e-10
7.41483 0.00030415 0.00384326 0.00384325 5.16003e-09
7.43155 0.000207055 1.63185e-06 1.63172e-06 1.20498e-10
7.44827 0.000274091 0.000112801 0.000112797 3.95551e-09
7.46499 0.000251001 2.81449e-05 2.8143e-05 1.93929e-09
7.48171 0.000334359 0.0230681 0.0230681 1.86334e-10
7.49843 0.000236267 1.25647e-05 1.25613e-05 3.38714e-09
7.51515 0.000164717 0.000145717 0.000145716 7.08644e-10
7.53187 0.000220339 0.000338148 0.000338146 1.37275e-09
7.54859 0.00016354 8.04856e-05 8.04853e-05 3.00219e-10
7.5653 0.000215322 0.00586693 0.00586693 1.93643e-11
7.58202 0.000226484 0.00116021 0.00116021 4.67906e-11
7.59874 0.000310151 0.00225259 0.00225259 9.13547e-10
7.61546 0.000213693 0.000456604 0.0004566 4.18348e-09
7.63218 0.000289351 4.21885e-05 4.21879e-05 5.49171e-10
7.6489 0.000153587 8.97492e-05 8.97489e-05 2.87089e-10
7.66562 0.000213712 0.000635531 0.00063553 4.90042e-10
7.68234 0.000180508 2.01907e-05 2.01907e-05 6.439e-12
7.69906 0.000239543 0.00199164 0.00199164 3.68075e-11
7.71578 0.000240092 2.66764e-05 2.66763e-05 8.46349e-11
7.73249 0.000137 2.37081e-05 2.37077e-05 4.16319e-10
7.74921 0.00028057 0.0171466 0.0171466 6.31381e-10
7.76593 0.000201178 0.000899283 0.000899281 2.05997e-09
7.78265 0.000229234 0.00945638 0.00945638 7.03185e-10
7.79937 0.000242759 2.74988e-07 2.74852e-07 1.35431e-10
7.81609 0.000282531 0.000306763 0.000306763 9.18165e-11
7.83281 0.000288174 8.93696e-07 8.93629e-07 6.70135e-11
7.84953 8.86139e-05 0.00140386 0.00140386 8.71421e-11
7.86625 0.00028643 0.000660271 0.000660271 2.2192e-10
7.88297 0.000234307 4.52289e-05 4.52287e-05 1.36592e-10
7.89969 0.000236252 0.000109845 0.000109845 6.79562e-11
7.9164 0.000233588 0.000730281 0.000730281 4.87541e-11
7.93312 0.000213495 0.000408211 0.000408211 3.57218e-11
7.94984 8.29518e-05 0.0126133 0.0126133 3.88654e-11
7.96656 0.000154801 1.24394e-05 1.24394e-05 2.7641e-11
7.98328 0.000266461 0.00482112 0.00482112 2.40535e-11
8 8.70567e-05 0.020127 0.020127 3.12344e-10
