3.001 0.00280515 0.0402285 0.0389996 0.00122886
3.01772 0.00326622 0.122533 0.120489 0.00204308
3.03444 0.00327508 1.02186 1.01871 0.00314666
3.05116 0.00284439 0.262854 0.259858 0.00299565
3.06788 0.00294029 0.498691 0.496457 0.00223354
3.0846 0.00199672 0.136114 0.12878 0.00733337
3.10131 0.00339849 0.812349 0.807833 0.00451586
3.11803 0.00228928 0.0858105 0.0841361 0.00167433
3.13475 0.00267399 0.411775 0.409514 0.00226085
3.15147 0.00201828 1.18853 1.18473 0.00380104
3.16819 0.00211284 0.114518 0.111203 0.00331509
3.18491 0.00185821 0.247716 0.243793 0.00392297
3.20163 0.00180975 0.0899192 0.0873654 0.00255375
3.21835 0.00340998 0.318413 0.314247 0.00416617
3.23507 0.00177497 1.09362 1.0862 0.0074186
3.25179 0.00202975 0.15525 0.147354 0.00789539
3.26851 0.00311156 0.174624 0.170622 0.00400181
3.28522 0.00248995 0.289171 0.284711 0.00445927
3.30194 0.00183571 1.93628 1.93455 0.00173657
3.31866 0.00355868 0.0632135 0.0607516 0.00246187
3.33538 0.00203553 0.765129 0.761883 0.00324532
3.3521 0.00279083 2.12912 2.12629 0.00282986
3.36882 0.0018095 0.106962 0.103897 0.00306438
3.38554 0.00205607 0.615699 0.610114 0.00558495
3.40226 0.00173872 0.134586 0.130631 0.00395597
3.41898 0.00183349 0.259029 0.249388 0.00964061
3.4357 0.00175803 0.433803 0.430964 0.00283894
3.45241 0.00361807 0.168996 0.165223 0.00377359
3.46913 0.00280892 0.165841 0.160707 0.00513414
3.48585 0.00244334 0.474124 0.468135 0.00598978
3.50257 0.00193704 0.093797 0.0925441 0.00125299
3.51929 0.00236888 0.0952214 0.0924834 0.00273801
3.53601 0.00153136 0.533226 0.531645 0.00158136
3.55273 0.00158248 0.115175 0.11205 0.00312541
3.56945 0.00141152 0.317819 0.314026 0.00379295
3.58617 0.00201016 0.325765 0.32356 0.00220572
3.60289 0.00271534 0.109193 0.10747 0.0017234
3.61961 0.0018492 0.334541 0.33227 0.00227103
3.63632 0.00203391 0.0504454 0.0496656 0.000779879
3.65304 0.00198021 0.0886991 0.0877796 0.000919518
3.66976 0.00231408 1.1688 1.16454 0.00425801
3.68648 0.00154771 0.287968 0.286295 0.00167305
3.7032 0.00107596 0.0289497 0.0282732 0.000676488
3.71992 0.00156554 0.231293 0.229614 0.00167884
3.73664 0.00126061 0.08135 0.0805141 0.000835891
3.75336 0.00181188 0.216155 0.215378 0.000777252
3.77008 0.00202032 0.489023 0.488613 0.000410049
3.7868 0.00127487 0.38525 0.383578 0.00167221
3.80352 0.00150389 0.13831 0.137413 0.000897044
3.82023 0.00167517 0.202902 0.201227 0.00167511
3.83695 0.00146325 0.213572 0.212874 0.000697314
3.85367 0.000929247 0.179324 0.177689 0.00163438
3.87039 0.00128049 0.0490106 0.0458954 0.00311517
3.88711 0.00122499 0.725688 0.724806 0.000881347
3.90383 0.00152394 0.110918 0.110279 0.000638616
3.92055 0.00191626 0.116094 0.115754 0.000339866
3.93727 0.00166437 0.0589185 0.0585804 0.000338063
3.95399 0.00192387 0.11859 0.118187 0.00040239
3.97071 0.00247904 0.297445 0.295866 0.00157871
3.98742 0.00146747 0.187495 0.186502 0.000993489
4.00414 0.00158162 0.648699 0.648069 0.000629892
4.02086 0.00220426 1.54794 1.54756 0.000381601
4.03758 0.00145137 0.105052 0.104008 0.00104369
4.0543 0.00128328 0.030992 0.0300724 0.000919619
4.07102 0.0010892 0.513307 0.512789 0.000518187
4.08774 0.00133878 0.184612 0.184268 0.000343869
4.10446 0.00230069 0.225509 0.224504 0.00100574
4.12118 0.00169264 0.291633 0.291059 0.000574399
4.1379 0.00181722 0.0299587 0.0294135 0.000545135
4.15462 0.00174644 0.203149 0.202811 0.000337721
4.17133 0.00224085 0.0141173 0.0137736 0.000343652
4.18805 0.00114074 0.293476 0.292442 0.00103385
4.20477 0.00134315 0.0249798 0.024881 9.8738e-05
4.22149 0.00281792 0.0749922 0.0746838 0.000308332
4.23821 0.00165094 0.0765056 0.0762072 0.000298474
4.25493 0.000769534 0.850389 0.849999 0.000390045
4.27165 0.00246187 0.338169 0.337598 0.000570867
4.28837 0.00116082 0.270558 0.270124 0.000433658
4.30509 0.00247093 0.0597035 0.0592607 0.000442718
4.32181 0.00112166 0.695998 0.695884 0.000113637
4.33853 0.00153176 0.169954 0.169041 0.000913616
4.35524 0.00182261 0.104141 0.103789 0.000352242
4.37196 0.00135802 1.02438 1.02391 0.000466932
4.38868 0.00125171 0.062037 0.0611635 0.000873469
4.4054 0.00168377 0.0518992 0.0515468 0.000352449
4.42212 0.000922147 0.0399911 0.0389969 0.000994144
4.43884 0.0011955 0.0312831 0.031226 5.70386e-05
4.45556 0.00130729 0.012948 0.0126808 0.00026722
4.47228 0.00124234 0.200448 0.200175 0.000272898
4.489 0.00130372 0.382556 0.382241 0.000315828
4.50572 0.000736631 0.00724964 0.00687581 0.000373822
4.52243 0.00145256 0.133793 0.133638 0.000155025
4.53915 0.000921199 0.197564 0.197298 0.000265624
4.55587 0.00057146 0.108886 0.108755 0.00013063
4.57259 0.00106433 0.27816 0.277963 0.000196796
4.58931 0.00122106 0.0715265 0.071426 0.000100516
4.60603 0.00102894 0.0396354 0.0394628 0.000172593
4.62275 0.00116981 0.0649245 0.0647535 0.000171039
4.63947 0.00149832 0.0272777 0.0271083 0.000169359
4.65619 0.0010659 4.7745 4.7743 0.000206264
4.67291 0.000800449 0.0356012 0.0355606 4.05517e-05
4.68963 0.000697355 0.00734823 0.00718045 0.000167774
4.70634 0.000898584 0.0313154 0.0312457 6.9718e-05
4.72306 0.00145286 0.0856064 0.085377 0.000229444
4.73978 0.000786097 0.0167376 0.0166705 6.71385e-05
4.7565 0.00115417 0.0118257 0.0117952 3.04747e-05
4.77322 0.00124865 0.0868653 0.0868425 2.2782e-05
4.78994 0.000798404 0.0927621 0.0925819 0.000180212
4.80666 0.000934322 0.668672 0.6686 7.21548e-05
4.82338 0.000748913 0.0394049 0.039331 7.39771e-05
4.8401 0.00106214 0.0039942 0.00392211 7.20854e-05
4.85682 0.00125708 0.449183 0.4491 8.30779e-05
4.87354 0.000773479 0.0845618 0.0844932 6.85808e-05
4.89025 0.000622709 0.0196431 0.0196155 2.76798e-05
4.90697 0.000747875 0.0123207 0.012264 5.67063e-05
4.92369 0.000876472 0.0221191 0.0219811 0.000137997
4.94041 0.000773888 0.0202196 0.0201775 4.21197e-05
4.95713 0.00107056 0.310272 0.31024 3.23766e-05
4.97385 0.000781195 0.0221879 0.0221757 1.2219e-05
4.99057 0.00153617 0.00919733 0.00915204 4.52932e-05
5.00729 0.0364584 0.0402996 0.0402682 3.13967e-05
5.02401 0.00131358 0.0121576 0.0121322 2.53159e-05
5.04073 0.00116633 0.0493335 0.0492822 5.12919e-05
5.05744 0.00129027 0.0358558 0.0358214 3.44353e-05
5.07416 0.000830647 0.0405554 0.0405508 4.67222e-06
5.09088 0.000831261 0.374596 0.374562 3.32355e-05
5.1076 0.000527215 0.0802865 0.0802575 2.89557e-05
5.12432 0.000792739 0.0124018 0.0123831 1.86401e-05
5.14104 0.00138807 0.242785 0.242759 2.62605e-05
5.15776 0.000711256 0.0979286 0.0978897 3.89439e-05
5.17448 0.00133462 0.00861493 0.00860735 7.58588e-06
5.1912 0.000725274 0.0201503 0.020133 1.73367e-05
5.20792 0.00116998 0.0153923 0.0153686 2.36644e-05
5.22464 0.00146649 0.0189415 0.0189172 2.43812e-05
5.24135 0.000997817 0.0422938 0.042228 6.57151e-05
5.25807 0.000825796 0.00939122 0.00929525 9.59752e-05
5.27479 0.000924454 0.0156261 0.0155945 3.16179e-05
5.29151 0.000671828 0.0878448 0.087834 1.07975e-05
5.30823 0.000786523 0.0854557 0.0854426 1.30884e-05
5.32495 0.000947349 0.0507282 0.05072 8.18482e-06
5.34167 0.000919729 0.0375228 0.0375111 1.16755e-05
5.35839 0.000437988 0.00637305 0.00634359 2.94554e-05
5.37511 0.000915426 0.00340921 0.0033934 1.58026e-05
5.39183 0.000718902 0.0312228 0.0312178 4.98391e-06
5.40855 0.00121935 0.0364293 0.0364154 1.38693e-05
5.42526 0.000366092 0.0586796 0.058675 4.58515e-06
5.44198 0.000542013 0.00385344 0.00384685 6.59435e-06
5.4587 0.000773354 0.019333 0.0193222 1.07927e-05
5.47542 0.000663806 0.0558974 0.0558911 6.30702e-06
5.49214 0.000447503 0.215427 0.215417 1.02318e-05
5.50886 0.000964426 0.0355612 0.0355341 2.70824e-05
5.52558 0.000691057 1.45418 1.45416 1.83084e-05
5.5423 0.000744568 0.00164697 0.00164355 3.41873e-06
5.55902 0.000577606 0.00691465 0.00691285 1.80019e-06
5.57574 0.00128579 0.0519235 0.0519214 2.16883e-06
5.59245 0.000335177 0.56842 0.568403 1.68301e-05
5.60917 0.000804942 0.004186 0.00417919 6.80958e-06
5.62589 0.000555223 0.387563 0.387557 5.63193e-06
5.64261 0.000962184 0.120677 0.120671 5.74806e-06
5.65933 0.00126957 0.00114726 0.00114558 1.6825e-06
5.67605 0.000949318 0.0346984 0.0346976 7.58299e-07
5.69277 0.00104726 0.0132538 0.0132534 3.45241e-07
5.70949 0.000412686 0.0180441 0.0180302 1.3871e-05
5.72621 0.000693518 0.00304926 0.00304678 2.48065e-06
5.74293 0.00120213 0.0031909 0.0031894 1.49834e-06
5.75965 0.000523851 0.0341869 0.0341842 2.70417e-06
5.77636 0.0005866 0.0345991 0.0345939 5.14977e-06
5.79308 0.000710484 0.0574894 0.0574851 4.34969e-06
5.8098 0.000603792 0.557108 0.557108 3.3923e-07
5.82652 0.00144934 0.0741602 0.074159 1.20873e-06
5.84324 0.00049112 0.1594 0.159397 3.41799e-06
5.85996 0.000487615 0.0280027 0.028 2.65307e-06
5.87668 0.000324503 0.00202431 0.0020213 3.00519e-06
5.8934 0.000573215 0.00738169 0.00738064 1.05283e-06
5.91012 0.000838479 0.00262767 0.00262644 1.22928e-06
5.92684 0.000519569 0.00474583 0.00472615 1.96743e-05
5.94356 0.000983019 0.0184766 0.0184739 2.67558e-06
5.96027 0.000459678 0.0142573 0.0142525 4.85791e-06
5.97699 0.000465977 0.190491 0.190491 2.93289e-07
5.99371 0.000956306 0.0318412 0.0318391 2.11189e-06
6.01043 0.00124486 0.0645741 0.0645735 6.13174e-07
6.02715 0.00128693 0.00793046 0.00792553 4.9314e-06
6.04387 0.00108145 0.0267279 0.0267263 1.62816e-06
6.06059 0.000558554 0.059079 0.0590785 5.60057e-07
6.07731 0.00100785 0.00616108 0.00615895 2.12461e-06
6.09403 0.000798397 0.133547 0.133546 1.34464e-06
6.11075 0.000705101 0.364198 0.364198 3.40221e-07
6.12746 0.000797278 0.0104433 0.0104411 2.24754e-06
6.14418 0.00051451 0.273712 0.273712 5.01864e-07
6.1609 0.000706954 0.0365314 0.03653 1.34915e-06
6.17762 0.00103133 0.00391249 0.00391168 8.08706e-07
6.19434 0.000376738 0.0125952 0.0125948 4.65343e-07
6.21106 0.000864983 0.00856916 0.00856792 1.23413e-06
6.22778 0.000509594 0.000629429 0.000628414 1.01467e-06
6.2445 0.00145334 0.00292555 0.00292496 5.93764e-07
6.26122 0.00450684 0.00275177 0.00274944 2.3341e-06
6.27794 0.00063075 0.327604 0.327601 3.07014e-06
6.29466 0.000804816 0.00205194 0.00205121 7.3126e-07
6.31137 0.000993154 4.71205 4.71205 6.23532e-08
6.32809 0.000745072 0.000284313 0.000283282 1.03014e-06
6.34481 0.000424639 0.000300676 0.00030041 2.66561e-07
6.36153 0.000739992 0.0174936 0.0174928 8.74294e-07
6.37825 0.000619224 0.00261862 0.00261585 2.77361e-06
6.39497 0.000470989 0.00536687 0.00536379 3.08097e-06
6.41169 0.00133477 0.0790501 0.0790497 3.86659e-07
6.42841 0.000624883 7.57493e-05 7.52881e-05 4.61213e-07
6.44513 0.000264319 0.00678058 0.00677927 1.30471e-06
6.46185 0.00107763 0.0110925 0.0110923 1.41695e-07
6.47857 0.000373135 0.43877 0.438769 8.07312e-07
6.49528 0.000563832 0.0219354 0.0219349 5.0811e-07
6.512 0.000379985 0.000527598 0.000527398 2.00371e-07
6.52872 0.000681829 0.0876125 0.0876125 7.71193e-08
6.54544 0.000482134 0.0227002 0.0227001 1.06405e-07
6.56216 0.000399499 0.00169305 0.00169279 2.61887e-07
6.57888 0.000978566 0.00135988 0.00135966 2.16382e-07
6.5956 0.000308588 8.36277e-05 8.28129e-05 8.14799e-07
6.61232 0.000562468 0.023096 0.0230958 1.60778e-07
6.62904 0.00117131 0.0128052 0.0128044 8.66133e-07
6.64576 0.000224921 0.00454209 0.00454181 2.8519e-07
6.66247 0.000428776 0.0754147 0.0754145 2.54163e-07
6.67919 0.000289092 0.00795108 0.00794995 1.12969e-06
6.69591 0.000583048 0.0472098 0.0472097 1.06782e-07
6.71263 0.000769238 0.00112162 0.00112144 1.77176e-07
6.72935 0.000398688 0.00515075 0.00515071 4.04364e-08
6.74607 0.000181885 0.135018 0.135018 3.21615e-08
6.76279 0.000415344 0.186459 0.186459 1.20801e-07
6.77951 0.000879024 0.00178173 0.00178119 5.39771e-07
6.79623 0.000335454 0.0286897 0.0286895 2.38514e-07
6.81295 0.000573727 0.0430743 0.0430742 3.1447e-08
6.82967 0.000634619 0.000286895 0.000286744 1.50795e-07
6.84638 0.000723237 0.00130209 0.001302 9.13263e-08
6.8631 0.000398918 0.00031323 0.000313161 6.83845e-08
6.87982 0.00142911 0.00107569 0.00107565 3.34956e-08
6.89654 0.000247854 0.00854339 0.00854322 1.70861e-07
6.91326 0.000374515 0.000421508 0.000421458 5.01294e-08
6.92998 0.000862505 0.00227614 0.00227608 5.64977e-08
6.9467 0.0010917 0.0870801 0.08708 3.22206e-08
6.96342 0.000411892 0.00551316 0.00551312 3.86709e-08
6.98014 0.000279296 0.0573509 0.0573509 1.24589e-08
6.99686 0.000826398 0.011294 0.011294 1.15307e-08
7.01358 0.000663076 0.00245085 0.00245049 3.58534e-07
7.03029 0.00056562 0.0141027 0.0141027 1.02322e-08
7.04701 0.000351371 0.00210647 0.00210623 2.35136e-07
7.06373 0.000246016 0.195198 0.195198 4.5863e-08
7.08045 0.000116764 0.0299803 0.0299803 4.7825e-08
7.09717 0.000432781 0.000382244 0.000382188 5.56369e-08
7.11389 0.000430142 0.000388407 0.0003883 1.06892e-07
7.13061 0.000411159 9.65071e-05 9.64922e-05 1.49721e-08
7.14733 0.000396798 0.000407594 0.000407503 9.0188e-08
7.16405 0.00072729 0.0113669 0.0113669 2.97846e-08
7.18077 0.000501438 0.00192462 0.0019245 1.11384e-07
7.19748 0.000464184 0.000638591 0.000638572 1.96207e-08
7.2142 0.000503817 0.000340708 0.000340695 1.29613e-08
7.23092 0.000617869 0.000104915 0.000104891 2.36741e-08
7.24764 0.000401021 0.00153542 0.00153542 2.64087e-09
7.26436 0.000278434 0.0374659 0.0374658 8.17726e-08
7.28108 0.000661132 0.025305 0.025305 1.9701e-09
7.2978 0.000365028 0.0581075 0.0581075 1.19819e-08
7.31452 0.0003294 5.29528e-05 5.29062e-05 4.65554e-08
7.33124 0.000645961 0.253874 0.253873 7.01242e-08
7.34796 0.00046927 0.000241327 0.000241308 1.84346e-08
7.36468 0.000328691 0.000173603 0.000173541 6.27764e-08
7.38139 0.000403193 0.00132777 0.00132776 5.68601e-09
7.39811 0.000759409 0.000249079 0.000249019 5.92202e-08
7.41483 0.000503175 0.00139194 0.00139194 2.98045e-09
7.43155 0.000220833 0.00089645 0.000896441 9.10112e-09
7.44827 0.00074507 0.0416056 0.0416056 3.19309e-09
7.46499 0.000202832 0.00183752 0.0018375 2.15947e-08
7.48171 0.000314155 0.00776883 0.00776882 6.20421e-09
7.49843 0.000412267 0.00572133 0.00572131 2.55765e-08
7.51515 0.000619548 0.178142 0.178142 8.92593e-09
7.53187 0.00161811 0.00416203 0.004162 2.67516e-08
7.54859 0.000257592 0.00299441 0.0029944 1.25486e-08
7.5653 0.00049045 1.60164e-05 1.60052e-05 1.11951e-08
7.58202 0.000248122 0.0134989 0.0134989 2.72409e-09
7.59874 0.00058316 0.000245163 0.00024516 3.51509e-09
7.61546 0.000371811 0.000365545 0.000365539 5.14351e-09
7.63218 0.0011817 1.43742e-05 1.4366e-05 8.17091e-09
7.6489 0.000849607 5.41926e-05 5.4184e-05 8.60366e-09
7.66562 0.000495516 0.00236128 0.00236128 2.92414e-09
7.68234 0.000169148 0.000346122 0.000346118 4.60634e-09
7.69906 0.000279201 0.00629323 0.00629321 2.8484e-08
7.71578 0.000499126 0.0237571 0.0237571 1.32086e-09
7.73249 0.00069122 0.00963401 0.00963401 3.98257e-10
7.74921 0.000575917 0.0023178 0.00231779 5.21481e-09
7.76593 0.000445849 0.00130044 0.00130043 8.64188e-09
7.78265 0.000420794 0.00075446 0.000754459 1.27056e-09
7.79937 0.00035018 0.00852978 0.00852977 9.82615e-09
7.81609 0.00040054 0.00122216 0.00122215 2.32735e-09
7.83281 0.000167406 0.00298246 0.00298246 3.44298e-10
7.84953 0.000262104 0.00239065 0.00239065 1.75339e-09
7.86625 0.000508754 0.000149716 0.000149701 1.55799e-08
7.88297 0.000211819 0.000142105 0.000142103 2.05802e-09
7.89969 0.000187817 0.00402001 0.00402001 4.77418e-10
7.9164 0.000453799 0.00102234 0.00102234 2.19008e-10
7.93312 0.000139889 0.000115281 0.000115276 4.56637e-09
7.94984 0.000332963 0.0021934 0.0021934 2.44088e-10
7.96656 0.000216052 0.0337824 0.0337824 5.0292e-09
7.98328 0.00076686 0.000597234 0.000597232 1.88663e-09
8 0.000157988 6.9184e-05 6.91831e-05 8.56185e-10
