
0.133779 7.25422e+06
0.267559 1.22968e+07
0.401338 1.44881e+07
0.535117 1.75012e+07
0.668896 2.05948e+07
0.802676 2.13578e+07
0.936455 2.4879e+07
1.07023 2.64794e+07
1.20401 3.02165e+07
1.33779 3.00396e+07
1.47157 3.10846e+07
1.60535 3.3466e+07
1.73913 3.29052e+07
1.87291 3.29261e+07
2.00669 3.34173e+07
2.14047 3.5819e+07
2.27425 3.71589e+07
2.40803 4.06111e+07
2.54181 4.60284e+07
2.67559 3.86947e+07
2.80936 3.77474e+07
2.94314 3.85904e+07
3.07692 4.31539e+07
3.2107 4.45676e+07
3.34448 4.21456e+07
3.47826 4.55868e+07
3.61204 5.30447e+07
3.74582 5.20593e+07
3.8796 4.61859e+07
4.01338 4.83499e+07
4.14716 4.76231e+07
4.28094 5.16907e+07
4.41472 5.28471e+07
4.54849 4.83686e+07
4.68227 5.66805e+07
4.81605 5.81528e+07
4.94983 5.26928e+07
5.08361 5.36271e+07
5.21739 5.32864e+07
5.35117 5.54739e+07
5.48495 5.65919e+07
5.61873 5.61948e+07
5.75251 5.35247e+07
5.88629 5.678e+07
6.02007 5.68775e+07
6.15385 6.10899e+07
6.28763 5.80983e+07
6.4214 5.77207e+07
6.55518 5.59549e+07
6.68896 5.73947e+07
6.82274 6.65371e+07
6.95652 6.47415e+07
7.0903 5.931e+07
7.22408 5.92566e+07
7.35786 6.2623e+07
7.49164 6.79991e+07
7.62542 5.87442e+07
7.7592 5.97552e+07
7.89298 7.01269e+07
8.02676 6.43897e+07
8.16054 6.80817e+07
8.29431 6.49735e+07
8.42809 6.67443e+07
8.56187 5.33026e+07
8.69565 7.18695e+07
8.82943 7.21808e+07
8.96321 7.07381e+07
9.09699 7.14512e+07
9.23077 6.43239e+07
9.36455 7.51648e+07
9.49833 6.55524e+07
9.63211 6.35527e+07
9.76589 7.01676e+07
9.89967 6.73502e+07
10.0334 7.39499e+07
10.1672 7.17893e+07
10.301 7.11944e+07
10.4348 6.65505e+07
10.5686 7.32569e+07
10.7023 6.65996e+07
10.8361 7.58192e+07
10.9699 7.74298e+07
11.1037 7.51066e+07
11.2375 6.62237e+07
11.3712 7.06218e+07
11.505 6.62134e+07
11.6388 7.93088e+07
11.7726 7.14627e+07
11.9064 6.91869e+07
12.0401 6.92496e+07
12.1739 7.67844e+07
12.3077 7.41411e+07
12.4415 8.80661e+07
12.5753 8.30149e+07
12.709 8.28835e+07
12.8428 8.10166e+07
12.9766 6.91917e+07
13.1104 6.93387e+07
13.2441 8.56626e+07
13.3779 7.19375e+07
13.5117 7.44671e+07
13.6455 6.98337e+07
13.7793 7.99861e+07
13.913 7.64815e+07
14.0468 6.69229e+07
14.1806 8.61145e+07
14.3144 7.95446e+07
14.4482 7.51437e+07
14.5819 8.34748e+07
14.7157 9.01695e+07
14.8495 6.54578e+07
14.9833 7.12185e+07
15.1171 9.15975e+07
15.2508 8.89747e+07
15.3846 8.39346e+07
15.5184 8.98609e+07
15.6522 8.04366e+07
15.786 8.60847e+07
15.9197 7.8897e+07
16.0535 7.74447e+07
16.1873 8.2266e+07
16.3211 9.02048e+07
16.4548 7.44981e+07
16.5886 8.49617e+07
16.7224 8.23416e+07
16.8562 9.2869e+07
16.99 9.86879e+07
17.1237 8.39629e+07
17.2575 7.83104e+07
17.3913 7.86466e+07
17.5251 8.75848e+07
17.6589 9.73201e+07
17.7926 8.4023e+07
17.9264 8.65776e+07
18.0602 9.24885e+07
18.194 8.78838e+07
18.3278 9.01412e+07
18.4615 8.21065e+07
18.5953 8.38011e+07
18.7291 9.25611e+07
18.8629 9.4152e+07
18.9967 1.0878e+08
19.1304 8.96889e+07
19.2642 8.47532e+07
19.398 9.23448e+07
19.5318 9.64458e+07
19.6656 8.48378e+07
19.7993 9.10917e+07
19.9331 8.13926e+07
20.0669 8.71673e+07
20.2007 9.54665e+07
20.3344 7.67683e+07
20.4682 9.56162e+07
20.602 1.00482e+08
20.7358 9.06145e+07
20.8696 9.58935e+07
21.0033 8.27826e+07
21.1371 8.91953e+07
21.2709 1.00658e+08
21.4047 8.43518e+07
21.5385 9.40094e+07
21.6722 8.30234e+07
21.806 7.37753e+07
21.9398 7.83308e+07
22.0736 8.95849e+07
22.2074 8.66273e+07
22.3411 8.18839e+07
22.4749 9.80664e+07
22.6087 8.9018e+07
22.7425 9.61577e+07
22.8763 1.17095e+08
23.01 1.07232e+08
23.1438 8.32417e+07
23.2776 9.6777e+07
23.4114 9.37916e+07
23.5452 9.4389e+07
23.6789 1.01332e+08
23.8127 9.67174e+07
23.9465 1.05473e+08
24.0803 9.62397e+07
24.214 8.42048e+07
24.3478 8.92258e+07
24.4816 9.62976e+07
24.6154 9.37094e+07
24.7492 1.03689e+08
24.8829 9.05765e+07
25.0167 8.99489e+07
25.1505 8.39741e+07
25.2843 1.07558e+08
25.4181 8.79301e+07
25.5518 1.22786e+08
25.6856 8.94568e+07
25.8194 1.15997e+08
25.9532 8.33448e+07
26.087 9.01017e+07
26.2207 1.07115e+08
26.3545 8.80445e+07
26.4883 1.16757e+08
26.6221 9.95249e+07
26.7559 1.00485e+08
26.8896 9.45971e+07
27.0234 1.06708e+08
27.1572 1.01038e+08
27.291 9.8019e+07
27.4247 9.64062e+07
27.5585 9.98421e+07
27.6923 1.06508e+08
27.8261 1.11481e+08
27.9599 9.83409e+07
28.0936 9.1123e+07
28.2274 1.12152e+08
28.3612 1.04828e+08
28.495 1.10188e+08
28.6288 1.26975e+08
28.7625 1.00684e+08
28.8963 1.20524e+08
29.0301 1.1215e+08
29.1639 8.93263e+07
29.2977 8.05561e+07
29.4314 8.76791e+07
29.5652 1.30462e+08
29.699 1.02535e+08
29.8328 8.80383e+07
29.9666 1.08448e+08
30.1003 1.00756e+08
30.2341 1.08516e+08
30.3679 1.14712e+08
30.5017 1.07148e+08
30.6355 1.18064e+08
30.7692 1.04553e+08
30.903 8.98871e+07
31.0368 1.33656e+08
31.1706 1.08502e+08
31.3043 9.33952e+07
31.4381 1.14143e+08
31.5719 1.05108e+08
31.7057 1.05986e+08
31.8395 1.03659e+08
31.9732 7.37644e+07
32.107 9.8895e+07
32.2408 1.04615e+08
32.3746 1.42684e+08
32.5084 9.865e+07
32.6421 1.05013e+08
32.7759 8.50144e+07
32.9097 1.12414e+08
33.0435 9.298e+07
33.1773 1.28457e+08
33.311 1.09481e+08
33.4448 1.29874e+08
33.5786 1.0193e+08
33.7124 1.01752e+08
33.8462 1.1075e+08
33.9799 1.14379e+08
34.1137 1.10418e+08
34.2475 1.00199e+08
34.3813 1.10035e+08
34.5151 1.15661e+08
34.6488 1.1608e+08
34.7826 1.05002e+08
34.9164 1.21517e+08
35.0502 1.0634e+08
35.1839 1.07776e+08
35.3177 9.48232e+07
35.4515 9.88832e+07
35.5853 9.78279e+07
35.7191 9.57449e+07
35.8528 1.33695e+08
35.9866 1.22083e+08
36.1204 1.08365e+08
36.2542 9.66181e+07
36.388 1.11972e+08
36.5217 1.23516e+08
36.6555 1.01638e+08
36.7893 9.6429e+07
36.9231 1.10167e+08
37.0569 1.2324e+08
37.1906 1.25586e+08
37.3244 1.02354e+08
37.4582 1.41946e+08
37.592 8.53308e+07
37.7258 1.0524e+08
37.8595 1.11552e+08
37.9933 1.27047e+08
38.1271 1.12835e+08
38.2609 1.27766e+08
38.3946 1.27187e+08
38.5284 9.78174e+07
38.6622 9.75016e+07
38.796 1.26836e+08
38.9298 9.39549e+07
39.0635 1.11307e+08
39.1973 1.09513e+08
39.3311 1.21795e+08
39.4649 1.19992e+08
39.5987 1.3553e+08
39.7324 1.05888e+08
39.8662 1.15204e+08
40 1.26249e+08
