#1-Q [GeV] 2--dN/dQdY [GeV-1] 3--dN_{PreEq}/dQdY [GeV-1] 3--dN_{Hydro}/dQdY [GeV-1]
0 0 0 0
0.010101 383766 383766 0
0.020202 695827 695827 0
0.030303 871602 871602 0
0.040404 1.06674e+06 1.06674e+06 0
0.0505051 1.26431e+06 1.26431e+06 0
0.0606061 1.38986e+06 1.38986e+06 0
0.0707071 1.49651e+06 1.49651e+06 0
0.0808081 1.58856e+06 1.58856e+06 0
0.0909091 1.80773e+06 1.80773e+06 0
0.10101 1.84595e+06 1.84595e+06 0
0.111111 2.00861e+06 2.00861e+06 0
0.121212 2.08414e+06 2.08414e+06 0
0.131313 2.28025e+06 2.28025e+06 0
0.141414 2.47506e+06 2.47506e+06 0
0.151515 2.5196e+06 2.5196e+06 0
0.161616 2.38074e+06 2.38074e+06 0
0.171717 2.43109e+06 2.43109e+06 0
0.181818 2.76745e+06 2.76745e+06 0
0.191919 2.61166e+06 2.61166e+06 0
0.20202 2.88725e+06 2.88725e+06 0
0.212121 2.84108e+06 2.84108e+06 0
0.222222 3.00339e+06 3.00339e+06 0
0.232323 3.06377e+06 3.06377e+06 0
0.242424 3.28849e+06 3.28849e+06 0
0.252525 3.23922e+06 3.23922e+06 0
0.262626 3.39078e+06 3.39078e+06 0
0.272727 3.30941e+06 3.30941e+06 0
0.282828 3.19684e+06 3.19684e+06 0
0.292929 3.34197e+06 3.34197e+06 0
0.30303 3.38172e+06 3.38172e+06 0
0.313131 3.57398e+06 3.57398e+06 0
0.323232 3.5524e+06 3.5524e+06 0
0.333333 3.76234e+06 3.76234e+06 0
0.343434 4.10165e+06 4.10165e+06 0
0.353535 3.77327e+06 3.77327e+06 0
0.363636 3.88533e+06 3.88533e+06 0
0.373737 3.76086e+06 3.76086e+06 0
0.383838 4.1264e+06 4.1264e+06 0
0.393939 4.08879e+06 4.08879e+06 0
0.40404 4.21171e+06 4.21171e+06 0
0.414141 3.8767e+06 3.8767e+06 0
0.424242 4.3065e+06 4.3065e+06 0
0.434343 4.09364e+06 4.09364e+06 0
0.444444 4.02596e+06 4.02596e+06 0
0.454545 4.10527e+06 4.10527e+06 0
0.464646 4.14358e+06 4.14358e+06 0
0.474747 4.28885e+06 4.28885e+06 0
0.484848 4.25054e+06 4.25054e+06 0
0.494949 4.87856e+06 4.87856e+06 0
0.505051 4.64186e+06 4.64186e+06 0
0.515152 4.45118e+06 4.45118e+06 0
0.525253 4.19298e+06 4.19298e+06 0
0.535354 4.34008e+06 4.34008e+06 0
0.545455 4.63522e+06 4.63522e+06 0
0.555556 4.81439e+06 4.81439e+06 0
0.565657 4.44854e+06 4.44854e+06 0
0.575758 4.70219e+06 4.70219e+06 0
0.585859 4.57951e+06 4.57951e+06 0
0.59596 4.60607e+06 4.60607e+06 0
0.606061 5.08544e+06 5.08544e+06 0
0.616162 4.6157e+06 4.6157e+06 0
0.626263 4.74925e+06 4.74925e+06 0
0.636364 5.07969e+06 5.07969e+06 0
0.646465 4.9082e+06 4.9082e+06 0
0.656566 4.93432e+06 4.93432e+06 0
0.666667 5.18263e+06 5.18263e+06 0
0.676768 4.81683e+06 4.81683e+06 0
0.686869 5.18517e+06 5.18517e+06 0
0.69697 5.47611e+06 5.47611e+06 0
0.707071 5.13071e+06 5.13071e+06 0
0.717172 5.45519e+06 5.45519e+06 0
0.727273 4.93246e+06 4.93246e+06 0
0.737374 5.30276e+06 5.30276e+06 0
0.747475 5.32564e+06 5.32564e+06 0
0.757576 5.31668e+06 5.31668e+06 0
0.767677 5.15698e+06 5.15698e+06 0
0.777778 5.26852e+06 5.26852e+06 0
0.787879 5.35897e+06 5.35897e+06 0
0.79798 5.23086e+06 5.23086e+06 0
0.808081 5.08611e+06 5.08611e+06 0
0.818182 5.50909e+06 5.50909e+06 0
0.828283 5.90695e+06 5.90695e+06 0
0.838384 5.68417e+06 5.68417e+06 0
0.848485 5.53558e+06 5.53558e+06 0
0.858586 5.80575e+06 5.80575e+06 0
0.868687 5.46193e+06 5.46193e+06 0
0.878788 5.64896e+06 5.64896e+06 0
0.888889 5.51346e+06 5.51346e+06 0
0.89899 5.61054e+06 5.61054e+06 0
0.909091 5.97233e+06 5.97233e+06 0
0.919192 6.03972e+06 6.03972e+06 0
0.929293 5.4821e+06 5.4821e+06 0
0.939394 5.82266e+06 5.82266e+06 0
0.949495 5.96781e+06 5.96781e+06 0
0.959596 5.63605e+06 5.63605e+06 0
0.969697 6.08468e+06 6.08468e+06 0
0.979798 5.78283e+06 5.78283e+06 0
0.989899 6.24117e+06 6.24117e+06 0
1 6.77208e+06 6.77208e+06 0
