-4.67 135.563
-4.47 138.592
-4.17 139.876
-3.97 143.8
-3.67 156.106
-3.47 167.063
-3.17 178.758
-2.97 180.978
-2.68 182.968
-2.475 187.352
-2.175 190.763
-1.98 193.571
-1.695 199.595
-1.495 204.154
-1.21 208.07
-1.02 209.578
-0.745 211.068
-0.565 210.343
-0.3 211.523
-0.1 211.923
0.1 211.923
0.3 211.523
0.565 210.343
0.745 211.068
1.02 209.578
1.21 208.07
1.495 204.154
1.695 199.595
1.98 193.571
2.175 190.763
2.475 187.352
2.68 182.968
2.97 180.978
3.17 178.758
3.47 167.063
3.67 156.106
3.97 143.8
4.17 139.876
4.47 138.592
4.67 135.563
