-4.67 15.3505
-4.47 15.5878
-4.17 15.4233
-3.97 15.46
-3.67 16.557
-3.47 17.5048
-3.17 18.7797
-2.97 18.812
-2.68 18.7298
-2.475 18.8359
-2.175 18.8533
-1.98 18.9696
-1.695 19.8048
-1.495 19.8541
-1.21 20.3305
-1.02 20.3338
-0.745 20.4011
-0.565 20.1929
-0.3 20.1997
-0.1 20.2052
0.1 20.2052
0.3 20.1997
0.565 20.1929
0.745 20.4011
1.02 20.3338
1.21 20.3305
1.495 19.8541
1.695 19.8048
1.98 18.9696
2.175 18.8533
2.475 18.8359
2.68 18.7298
2.97 18.812
3.17 18.7797
3.47 17.5048
3.67 16.557
3.97 15.46
4.17 15.4233
4.47 15.5878
4.67 15.3505
