-4.67 35.5852
-4.47 36.5714
-4.17 36.6888
-3.97 37.4
-3.67 39.9933
-3.47 42.3799
-3.17 45.5934
-2.97 46.2755
-2.68 46.3211
-2.475 46.8381
-2.175 47.4374
-1.98 47.6279
-1.695 48.7899
-1.495 49.7911
-1.21 51.038
-1.02 51.2109
-0.745 51.4989
-0.565 51.0433
-0.3 51.1879
-0.1 51.2098
0.1 51.2098
0.3 51.1879
0.565 51.0433
0.745 51.4989
1.02 51.2109
1.21 51.038
1.495 49.7911
1.695 48.7899
1.98 47.6279
2.175 47.4374
2.475 46.8381
2.68 46.3211
2.97 46.2755
3.17 45.5934
3.47 42.3799
3.67 39.9933
3.97 37.4
4.17 36.6888
4.47 36.5714
4.67 35.5852
