-4.67 784.47
-4.47 806.769
-4.17 827.094
-3.97 857.7
-3.67 937.552
-3.47 1000.13
-3.17 1042.42
-2.97 1067.36
-2.68 1087.54
-2.475 1122.1
-2.175 1151.47
-1.98 1201.41
-1.695 1267.71
-1.495 1302.47
-1.21 1329.95
-1.02 1341.6
-0.745 1355.29
-0.565 1357.41
-0.3 1366.92
-0.1 1371.4
0.1 1371.4
0.3 1366.92
0.565 1357.41
0.745 1355.29
1.02 1341.6
1.21 1329.95
1.495 1302.47
1.695 1267.71
1.98 1201.41
2.175 1151.47
2.475 1122.1
2.68 1087.54
2.97 1067.36
3.17 1042.42
3.47 1000.13
3.67 937.552
3.97 857.7
4.17 827.094
4.47 806.769
4.67 784.47
