-4.67 0.56749
-4.57 0.624803
-4.47 0.645711
-4.32 0.533297
-4.17 0.628061
-4.07 0.637501
-3.97 0.745371
-3.82 0.704031
-3.67 0.970859
-3.57 0.966265
-3.47 1.00738
-3.32 1.22015
-3.17 1.1739
-3.07 1.38033
-2.97 1.39109
-2.825 1.17749
-2.68 1.40558
-2.5775 1.50539
-2.475 1.4412
-2.325 1.46697
-2.175 1.83351
-2.0775 1.7622
-1.98 1.94109
-1.8375 1.85961
-1.695 2.04198
-1.595 2.32345
-1.495 2.0677
-1.3525 2.23195
-1.21 2.51009
-1.115 2.56371
-1.02 2.49093
-0.8825 2.82594
-0.745 2.8984
-0.655 2.65456
-0.565 2.63206
-0.4325 2.83122
-0.3 2.5185
-0.2 2.59697
-0.1 2.74099
0 2.84787
