-4.67 0.348211
-4.57 0.285905
-4.47 0.294676
-4.32 0.322927
-4.17 0.305027
-4.07 0.367133
-3.97 0.347324
-3.82 0.590076
-3.67 0.452505
-3.57 0.59022
-3.47 0.572708
-3.32 0.581601
-3.17 0.755276
-3.07 0.698877
-2.97 0.825304
-2.825 0.720522
-2.68 0.68508
-2.5775 1.03847
-2.475 0.837175
-2.325 0.878105
-2.175 0.968888
-2.0775 0.892163
-1.98 1.00892
-1.8375 1.1775
-1.695 1.12182
-1.595 1.45349
-1.495 1.3118
-1.3525 1.64332
-1.21 1.32224
-1.115 1.32098
-1.02 1.45534
-0.8825 1.64777
-0.745 1.46819
-0.655 1.63112
-0.565 1.79844
-0.4325 1.45713
-0.3 1.65544
-0.2 1.42619
-0.1 1.69796
0 1.86954
