-4.67 0.160535
-4.57 0.202717
-4.47 0.264596
-4.32 0.242819
-4.17 0.249357
-4.07 0.265071
-3.97 0.263392
-3.82 0.396324
-3.67 0.303105
-3.57 0.391753
-3.47 0.405782
-3.32 0.446216
-3.17 0.441949
-3.07 0.490776
-2.97 0.464321
-2.825 0.557528
-2.68 0.517551
-2.5775 0.550767
-2.475 0.564218
-2.325 0.568702
-2.175 0.861431
-2.0775 0.708274
-1.98 0.718643
-1.8375 0.714939
-1.695 0.781346
-1.595 0.756989
-1.495 0.880988
-1.3525 0.976869
-1.21 0.852752
-1.115 1.10575
-1.02 1.00679
-0.8825 1.04465
-0.745 0.979402
-0.655 1.13048
-0.565 0.894536
-0.4325 1.08752
-0.3 1.08704
-0.2 1.12572
-0.1 1.10006
0 1.04678
0.1 0.937968
0.2 1.20752
0.3 1.22495
0.4325 1.15553
0.565 1.18948
0.655 0.970963
0.745 1.13359
0.8825 0.836375
1.02 0.972291
1.115 1.13527
1.21 1.01019
1.3525 0.960355
1.495 0.870643
1.595 0.971108
1.695 0.822521
1.8375 0.808073
1.98 0.775482
2.0775 0.638838
2.175 0.663078
2.325 0.576118
2.475 0.661168
2.5775 0.674634
2.68 0.421321
2.825 0.443374
2.97 0.464314
3.07 0.470629
3.17 0.506483
3.32 0.412478
3.47 0.474943
3.57 0.416514
3.67 0.30732
3.82 0.287913
3.97 0.306252
4.07 0.284519
4.17 0.262592
4.32 0.248253
4.47 0.271534
4.57 0.231954
4.67 0.18941
