-4.67 0.360637
-4.57 0.350177
-4.47 0.412276
-4.32 0.398548
-4.17 0.413551
-4.07 0.39316
-3.97 0.470659
-3.82 0.581855
-3.67 0.596463
-3.57 0.599132
-3.47 0.695641
-3.32 0.829513
-3.17 0.677422
-3.07 0.845423
-2.97 0.767903
-2.825 0.897881
-2.68 0.946622
-2.5775 0.880924
-2.475 0.99262
-2.325 0.993686
-2.175 1.00088
-2.0775 1.05563
-1.98 1.27573
-1.8375 1.21669
-1.695 1.32793
-1.595 1.26916
-1.495 1.43547
-1.3525 1.47303
-1.21 1.69602
-1.115 1.67272
-1.02 1.60862
-0.8825 1.42034
-0.745 1.54585
-0.655 1.74807
-0.565 1.43045
-0.4325 1.67192
-0.3 1.59501
-0.2 1.71041
-0.1 1.71106
0 1.75499
