-4.67 0.609833
-4.57 0.60557
-4.47 0.629303
-4.32 0.668693
-4.17 0.719464
-4.07 0.754674
-3.97 0.626405
-3.82 0.886456
-3.67 0.924514
-3.57 0.916076
-3.47 1.25925
-3.32 1.18684
-3.17 1.105
-3.07 1.21603
-2.97 1.39357
-2.825 1.34099
-2.68 1.58363
-2.5775 1.65413
-2.475 1.39913
-2.325 1.79345
-2.175 1.7648
-2.0775 1.69153
-1.98 1.91428
-1.8375 1.96738
-1.695 2.10424
-1.595 2.39678
-1.495 2.25193
-1.3525 2.23257
-1.21 2.54182
-1.115 2.47064
-1.02 2.60691
-0.8825 2.74985
-0.745 2.68421
-0.655 2.58753
-0.565 2.72397
-0.4325 2.78798
-0.3 2.47865
-0.2 2.96424
-0.1 2.87965
0 2.42542
0.1 2.53394
0.2 2.50033
0.3 2.69042
0.4325 2.50054
0.565 2.58832
0.655 2.5024
0.745 2.6593
0.8825 2.82653
1.02 2.80492
1.115 2.47975
1.21 2.60644
1.3525 2.3202
1.495 2.36405
1.595 2.18014
1.695 2.1679
1.8375 1.90896
1.98 1.79616
2.0775 1.85594
2.175 1.69029
2.325 1.62976
2.475 1.58093
2.5775 1.43611
2.68 1.30569
2.825 1.2177
2.97 1.30459
3.07 1.34799
3.17 1.14942
3.32 1.24133
3.47 1.10928
3.57 0.989351
3.67 1.00363
3.82 0.889526
3.97 0.822117
4.07 0.753359
4.17 0.62778
4.32 0.618594
4.47 0.583592
4.57 0.611006
4.67 0.506934
