-4.67 0.451894
-4.57 0.459397
-4.47 0.412518
-4.32 0.434998
-4.17 0.513599
-4.07 0.573486
-3.97 0.619167
-3.82 0.643291
-3.67 0.77588
-3.57 0.741271
-3.47 0.870533
-3.32 1.00058
-3.17 0.92375
-3.07 1.08476
-2.97 1.08783
-2.825 1.13877
-2.68 1.14801
-2.5775 1.01168
-2.475 1.10329
-2.325 1.23577
-2.175 1.31866
-2.0775 1.39674
-1.98 1.62036
-1.8375 1.52335
-1.695 1.63338
-1.595 1.60463
-1.495 2.04067
-1.3525 1.78132
-1.21 1.86049
-1.115 2.13513
-1.02 2.11084
-0.8825 1.96397
-0.745 2.19515
-0.655 1.95398
-0.565 2.06764
-0.4325 2.1392
-0.3 2.27312
-0.2 2.36284
-0.1 2.24291
0 2.02172
0.1 2.08821
0.2 2.34145
0.3 2.12688
0.4325 2.09249
0.565 1.92379
0.655 1.90911
0.745 2.06983
0.8825 1.8999
1.02 2.14164
1.115 1.80959
1.21 1.9231
1.3525 1.95091
1.495 1.89137
1.595 1.63311
1.695 1.782
1.8375 1.57282
1.98 1.37033
2.0775 1.37141
2.175 1.28965
2.325 1.23175
2.475 1.0801
2.5775 1.05509
2.68 1.0938
2.825 0.78382
2.97 1.09347
3.07 0.940271
3.17 1.00423
3.32 0.982007
3.47 0.826734
3.57 0.812379
3.67 0.616295
3.82 0.619635
3.97 0.530152
4.07 0.404803
4.17 0.522116
4.32 0.499256
4.47 0.382993
4.57 0.411337
4.67 0.490298
