-4.67 0.29664
-4.57 0.246119
-4.47 0.237942
-4.32 0.269625
-4.17 0.305229
-4.07 0.347674
-3.97 0.292214
-3.82 0.322366
-3.67 0.341023
-3.57 0.525794
-3.47 0.429343
-3.32 0.39674
-3.17 0.47939
-3.07 0.525002
-2.97 0.522724
-2.825 0.562346
-2.68 0.605194
-2.5775 0.637031
-2.475 0.608672
-2.325 0.631859
-2.175 0.721286
-2.0775 0.749727
-1.98 0.683238
-1.8375 0.705065
-1.695 0.957041
-1.595 0.930267
-1.495 0.96576
-1.3525 0.992187
-1.21 1.01876
-1.115 0.976292
-1.02 1.0236
-0.8825 0.990141
-0.745 1.12331
-0.655 1.14987
-0.565 1.10583
-0.4325 1.11749
-0.3 1.21202
-0.2 1.19248
-0.1 1.16352
0 1.20119
0.1 1.07727
0.2 1.23111
0.3 1.06796
0.4325 1.16868
0.565 1.18216
0.655 1.12823
0.745 1.10193
0.8825 1.00851
1.02 1.08915
1.115 0.978976
1.21 1.06257
1.3525 1.04354
1.495 1.01505
1.595 0.943464
1.695 0.805491
1.8375 0.881289
1.98 0.755562
2.0775 0.735016
2.175 0.728885
2.325 0.636556
2.475 0.652478
2.5775 0.619
2.68 0.513885
2.825 0.553041
2.97 0.456374
3.07 0.428535
3.17 0.502107
3.32 0.500979
3.47 0.443514
3.57 0.418773
3.67 0.392509
3.82 0.316216
3.97 0.317876
4.07 0.2657
4.17 0.236282
4.32 0.230326
4.47 0.251651
4.57 0.21895
4.67 0.219362
