-3.17 1.3322
-3.07 1.21448
-2.97 1.38233
-2.825 1.25716
-2.68 1.35231
-2.5775 1.58606
-2.475 1.43026
-2.325 1.73151
-2.175 1.70638
-2.0775 1.96016
-1.98 2.09137
-1.8375 2.23962
-1.695 2.25462
-1.595 2.27497
-1.495 2.56003
-1.3525 2.39518
-1.21 2.59959
-1.115 2.55574
-1.02 2.78296
-0.8825 2.92241
-0.745 2.64967
-0.655 3.2162
-0.565 2.50549
-0.4325 2.73109
-0.3 2.74313
-0.2 2.86009
-0.1 2.5541
0 2.6242
0.1 3.12255
0.2 3.07899
0.3 2.98356
0.4325 2.5324
0.565 2.69814
0.655 2.90716
0.745 2.44734
0.8825 2.79068
1.02 2.54539
1.115 2.68343
1.21 2.50103
1.3525 2.51007
1.495 2.36569
1.595 2.32672
1.695 2.214
1.8375 2.00719
1.98 2.38755
2.0775 1.86746
2.175 1.65321
2.325 1.76892
2.475 1.93821
2.5775 1.43579
2.68 1.44062
2.825 1.23963
2.97 1.28599
3.07 1.31131
3.17 1.22965
3.32 1.13903
3.47 1.01364
3.57 0.928087
3.67 0.920927
3.82 0.896511
3.97 0.783425
4.07 0.757279
4.17 0.689613
4.32 0.755368
4.47 0.703335
4.57 0.581128
4.67 0.513506
