-4.67 0.368557
-4.57 0.411678
-4.47 0.347042
-4.32 0.394396
-4.17 0.423494
-4.07 0.476074
-3.97 0.4601
-3.82 0.582207
-3.67 0.675357
-3.57 0.824286
-3.47 0.910007
-3.32 0.885555
-3.17 0.804077
-3.07 0.857353
-2.97 0.783561
-2.825 0.758386
-2.68 0.890754
-2.5775 0.905832
-2.475 1.09609
-2.325 1.16014
-2.175 1.07391
-2.0775 1.23251
-1.98 1.33093
-1.8375 1.41543
-1.695 1.37445
-1.595 1.5097
-1.495 1.4545
-1.3525 1.85415
-1.21 1.54492
-1.115 1.90107
-1.02 1.62638
-0.8825 1.77259
-0.745 1.78872
-0.655 1.84785
-0.565 1.91131
-0.4325 2.09009
-0.3 1.88686
-0.2 1.79048
-0.1 1.96241
0 1.73379
0.1 1.98279
0.2 2.10567
0.3 1.84382
0.4325 1.74761
0.565 1.87694
0.655 1.7501
0.745 1.5685
0.8825 1.86877
1.02 1.63898
1.115 1.66373
1.21 1.65274
1.3525 1.85092
1.495 1.50357
1.595 1.46438
1.695 1.49057
1.8375 1.55786
1.98 1.33998
2.0775 1.21349
2.175 1.06423
2.325 1.01523
2.475 1.11149
2.5775 0.992036
2.68 0.992471
2.825 0.835966
2.97 0.875005
3.07 0.788266
3.17 0.865444
3.32 0.756269
3.47 0.857481
3.57 0.696497
3.67 0.582167
3.82 0.541568
3.97 0.495577
4.07 0.37988
4.17 0.441402
4.32 0.41651
4.47 0.50458
4.57 0.39232
4.67 0.395356
