-4.67 0.126623
-4.57 0.108353
-4.47 0.136023
-4.32 0.139268
-4.17 0.213182
-4.07 0.119589
-3.97 0.173117
-3.82 0.213088
-3.67 0.260513
-3.57 0.199524
-3.47 0.226111
-3.32 0.272828
-3.17 0.3535
-3.07 0.235333
-2.97 0.265133
-2.825 0.360731
-2.68 0.289336
-2.5775 0.377887
-2.475 0.359616
-2.325 0.350586
-2.175 0.365134
-2.0775 0.43981
-1.98 0.519387
-1.8375 0.445391
-1.695 0.502011
-1.595 0.540603
-1.495 0.536692
-1.3525 0.591182
-1.21 0.63973
-1.115 0.601365
-1.02 0.763383
-0.8825 0.692419
-0.745 0.733105
-0.655 0.645164
-0.565 0.72242
-0.4325 0.611205
-0.3 0.647272
-0.2 0.665308
-0.1 0.658914
0 0.661901
0.1 0.723275
0.2 0.630748
0.3 0.691285
0.4325 0.651303
0.565 0.671306
0.655 0.69622
0.745 0.657469
0.8825 0.66153
1.02 0.599607
1.115 0.51249
1.21 0.543596
1.3525 0.551393
1.495 0.522184
1.595 0.576027
1.695 0.59378
1.8375 0.431106
1.98 0.492483
2.0775 0.426082
2.175 0.330059
2.325 0.411611
2.475 0.419981
2.5775 0.316017
2.68 0.372628
2.825 0.277173
2.97 0.365791
3.07 0.314517
3.17 0.278876
3.32 0.306574
3.47 0.217866
3.57 0.21701
3.67 0.209443
3.82 0.171349
3.97 0.19133
4.07 0.223032
4.17 0.167802
4.32 0.144313
4.47 0.16646
4.57 0.125508
4.67 0.122117
