-4.67 0.411884
-4.57 0.47078
-4.47 0.550061
-4.32 0.510136
-4.17 0.495077
-4.07 0.487811
-3.97 0.543069
-3.82 0.658236
-3.67 0.750167
-3.57 0.815146
-3.47 0.873619
-3.32 0.955186
-3.17 0.938769
-3.07 0.880685
-2.97 0.937236
-2.825 1.08364
-2.68 1.04527
-2.5775 1.13468
-2.475 1.27871
-2.325 1.2384
-2.175 1.26748
-2.0775 1.46456
-1.98 1.53188
-1.8375 1.49861
-1.695 1.96179
-1.595 1.61146
-1.495 1.81498
-1.3525 2.15205
-1.21 1.92089
-1.115 1.86511
-1.02 2.15517
-0.8825 2.08735
-0.745 2.21418
-0.655 2.26175
-0.565 2.35839
-0.4325 2.11657
-0.3 2.09086
-0.2 2.41135
-0.1 2.23594
0 2.17572
