-4.67 0.312054
-4.57 0.354313
-4.47 0.45196
-4.32 0.401488
-4.17 0.373043
-4.07 0.335187
-3.97 0.408724
-3.82 0.485372
-3.67 0.574444
-3.57 0.647329
-3.47 0.621005
-3.32 0.722339
-3.17 0.700099
-3.07 0.647912
-2.97 0.682216
-2.825 0.842402
-2.68 0.790169
-2.5775 0.865602
-2.475 0.935356
-2.325 0.937997
-2.175 0.935728
-2.0775 1.1408
-1.98 1.14402
-1.8375 1.09955
-1.695 1.5326
-1.595 1.21955
-1.495 1.38709
-1.3525 1.66588
-1.21 1.42217
-1.115 1.42566
-1.02 1.70281
-0.8825 1.57224
-0.745 1.71353
-0.655 1.73621
-0.565 1.78142
-0.4325 1.59489
-0.3 1.59518
-0.2 1.85625
-0.1 1.66082
0 1.61747
0.1 1.88738
0.2 1.7231
0.3 1.58722
0.4325 1.81633
0.565 1.59775
0.655 1.42776
0.745 1.57371
0.8825 1.32182
1.02 1.4328
1.115 1.41734
1.21 1.33949
1.3525 1.55098
1.495 1.32864
1.595 1.37291
1.695 1.28822
1.8375 1.17423
1.98 1.07655
2.0775 1.08755
2.175 0.905975
2.325 0.981481
2.475 0.973641
2.5775 0.83355
2.68 0.949707
2.825 0.837082
2.97 0.69455
3.07 0.717656
3.17 0.639953
3.32 0.806108
3.47 0.573994
3.57 0.617632
3.67 0.546017
3.82 0.43004
3.97 0.456127
4.07 0.384085
4.17 0.359788
4.32 0.415709
4.47 0.364602
4.57 0.361958
4.67 0.300684
