-4.67 0.132784
-4.57 0.134357
-4.47 0.143186
-4.32 0.146416
-4.17 0.182672
-4.07 0.173742
-3.97 0.174676
-3.82 0.229419
-3.67 0.25489
-3.57 0.265631
-3.47 0.298764
-3.32 0.287201
-3.17 0.321832
-3.07 0.327825
-2.97 0.338205
-2.825 0.369239
-2.68 0.380239
-2.5775 0.366383
-2.475 0.44117
-2.325 0.47318
-2.175 0.400978
-2.0775 0.513783
-1.98 0.581995
-1.8375 0.531125
-1.695 0.545933
-1.595 0.57698
-1.495 0.621368
-1.3525 0.605204
-1.21 0.760435
-1.115 0.715971
-1.02 0.756932
-0.8825 0.884078
-0.745 0.595785
-0.655 0.770021
-0.565 0.741162
-0.4325 0.783347
-0.3 0.881682
-0.2 0.978814
-0.1 0.739354
0 0.807102
0.1 0.746792
0.2 0.704252
0.3 0.823631
0.4325 0.796877
0.565 0.724885
0.655 0.688908
0.745 0.83479
0.8825 0.72334
1.02 0.698726
1.115 0.80977
1.21 0.68459
1.3525 0.714061
1.495 0.659276
1.595 0.78192
1.695 0.573859
1.8375 0.554599
1.98 0.519415
2.0775 0.509957
2.175 0.454301
2.325 0.521251
2.475 0.47592
2.5775 0.479415
2.68 0.35526
2.825 0.390663
2.97 0.341747
3.07 0.355746
3.17 0.270891
3.32 0.326145
3.47 0.273213
3.57 0.277712
3.67 0.268967
3.82 0.212163
3.97 0.222452
4.07 0.166248
4.17 0.181677
4.32 0.166888
4.47 0.156839
4.57 0.194168
4.67 0.157985
