-4.67 0.771558
-4.57 0.738716
-4.47 0.776199
-4.32 0.878077
-4.17 0.793823
-4.07 1.00469
-3.97 0.895746
-3.82 1.02865
-3.67 1.1454
-3.57 1.32424
-3.47 1.59474
-3.32 1.69591
-3.17 1.6642
-3.07 1.86185
-2.97 1.72308
-2.825 1.65108
-2.68 1.84284
-2.5775 1.89419
-2.475 2.01536
-2.325 2.08674
-2.175 2.33358
-2.0775 2.54558
-1.98 2.71641
-1.8375 2.64589
-1.695 2.99541
-1.595 3.08641
-1.495 3.11128
-1.3525 2.77832
-1.21 3.49589
-1.115 3.2022
-1.02 3.54066
-0.8825 3.24026
-0.745 3.41105
-0.655 3.88536
-0.565 3.8673
-0.4325 3.48753
-0.3 4.14874
-0.2 3.36669
-0.1 3.54907
0 3.55969
0.1 3.66566
0.2 4.04612
0.3 3.39389
0.4325 4.44148
0.565 3.75851
0.655 3.62379
0.745 3.66862
0.8825 3.41746
1.02 3.29924
1.115 3.76338
1.21 3.11969
1.3525 3.2458
1.495 3.02788
1.595 2.84265
1.695 3.05041
1.8375 2.66674
1.98 2.57615
2.0775 2.66071
2.175 2.35516
2.325 2.26318
2.475 2.02503
2.5775 1.99326
2.68 1.59395
2.825 1.61179
2.97 1.93017
3.07 1.88421
3.17 1.66503
3.32 1.53465
3.47 1.50249
3.57 1.47629
3.67 1.39754
3.82 1.12764
3.97 0.91259
4.07 0.994897
4.17 0.994652
4.32 0.726115
4.47 0.804018
4.57 0.894442
4.67 0.798325
