-4.67 0.742111
-4.57 0.788516
-4.47 0.845905
-4.32 0.711006
-4.17 0.807114
-4.07 0.836212
-3.97 0.93279
-3.82 0.928567
-3.67 1.21871
-3.57 1.27741
-3.47 1.29675
-3.32 1.53421
-3.17 1.47476
-3.07 1.72629
-2.97 1.74543
-2.825 1.53465
-2.68 1.8009
-2.5775 1.85739
-2.475 1.84864
-2.325 1.84253
-2.175 2.2261
-2.0775 2.19137
-1.98 2.45553
-1.8375 2.39569
-1.695 2.56983
-1.595 2.87439
-1.495 2.6839
-1.3525 2.77691
-1.21 3.10001
-1.115 3.19406
-1.02 3.18776
-0.8825 3.47799
-0.745 3.50134
-0.655 3.28865
-0.565 3.30938
-0.4325 3.44418
-0.3 3.1983
-0.2 3.33633
-0.1 3.37916
0 3.51621
