-4.67 0.278543
-4.57 0.27985
-4.47 0.330591
-4.32 0.308462
-4.17 0.317787
-4.07 0.294424
-3.97 0.383952
-3.82 0.460159
-3.67 0.476805
-3.57 0.450909
-3.47 0.548862
-3.32 0.6786
-3.17 0.506082
-3.07 0.6688
-2.97 0.580748
-2.825 0.703091
-2.68 0.794128
-2.5775 0.671904
-2.475 0.778625
-2.325 0.767
-2.175 0.771866
-2.0775 0.828343
-1.98 1.00601
-1.8375 0.955567
-1.695 1.06226
-1.595 1.00898
-1.495 1.14179
-1.3525 1.1703
-1.21 1.3533
-1.115 1.35849
-1.02 1.2748
-0.8825 1.10247
-0.745 1.20643
-0.655 1.3666
-0.565 1.09467
-0.4325 1.32965
-0.3 1.23733
-0.2 1.36853
-0.1 1.33825
0 1.40806
