-4.67 0.448709
-4.57 0.397325
-4.47 0.403012
-4.32 0.426413
-4.17 0.420673
-4.07 0.484493
-3.97 0.464604
-3.82 0.715522
-3.67 0.610498
-3.57 0.775555
-3.47 0.791437
-3.32 0.778667
-3.17 0.980993
-3.07 0.926386
-2.97 1.01984
-2.825 0.987908
-2.68 0.946186
-2.5775 1.28501
-2.475 1.12363
-2.325 1.16558
-2.175 1.27676
-2.0775 1.17157
-1.98 1.34924
-1.8375 1.57313
-1.695 1.50967
-1.595 1.85559
-1.495 1.72631
-1.3525 2.05179
-1.21 1.78567
-1.115 1.73293
-1.02 1.8764
-0.8825 2.14952
-0.745 1.90446
-0.655 2.00687
-0.565 2.25713
-0.4325 1.93701
-0.3 2.06156
-0.2 1.9163
-0.1 2.20938
0 2.34076
