-4.67 0.798447
-4.57 0.790945
-4.47 0.825423
-4.32 0.88017
-4.17 0.920791
-4.07 0.975568
-3.97 0.876809
-3.82 1.09964
-3.67 1.17456
-3.57 1.24198
-3.47 1.62044
-3.32 1.53731
-3.17 1.45217
-3.07 1.57287
-2.97 1.76153
-2.825 1.74874
-2.68 2.05832
-2.5775 2.03029
-2.475 1.89454
-2.325 2.27209
-2.175 2.24777
-2.0775 2.23077
-1.98 2.45496
-1.8375 2.53978
-1.695 2.72544
-1.595 3.05938
-1.495 2.91746
-1.3525 2.9031
-1.21 3.24147
-1.115 3.13672
-1.02 3.25953
-0.8825 3.43554
-0.745 3.38898
-0.655 3.31543
-0.565 3.43024
-0.4325 3.5009
-0.3 3.2146
-0.2 3.71518
-0.1 3.62774
0 3.14107
