-4.67 0.183569
-4.57 0.191189
-4.47 0.202155
-4.32 0.217461
-4.17 0.247726
-4.07 0.234255
-3.97 0.246829
-3.82 0.30567
-3.67 0.343169
-3.57 0.363723
-3.47 0.4025
-3.32 0.386292
-3.17 0.425413
-3.07 0.455438
-2.97 0.465144
-2.825 0.479646
-2.68 0.517183
-2.5775 0.497331
-2.475 0.574885
-2.325 0.626362
-2.175 0.557464
-2.0775 0.664393
-1.98 0.772065
-1.8375 0.728602
-1.695 0.735602
-1.595 0.789957
-1.495 0.849562
-1.3525 0.843862
-1.21 1.00769
-1.115 0.955811
-1.02 0.993743
-0.8825 1.12088
-0.745 0.839821
-0.655 1.00188
-0.565 0.996112
-0.4325 1.0326
-0.3 1.12249
-0.2 1.23684
-0.1 0.994469
0 1.11911
