-3.17 1.27161
-3.07 1.15204
-2.97 1.3114
-2.825 1.18909
-2.68 1.29669
-2.5775 1.51127
-2.475 1.35673
-2.325 1.64374
-2.175 1.62501
-2.0775 1.88341
-1.98 2.00637
-1.8375 2.14695
-1.695 2.14475
-1.595 2.18834
-1.495 2.45647
-1.3525 2.28212
-1.21 2.49041
-1.115 2.45109
-1.02 2.67814
-0.8825 2.8232
-0.745 2.56374
-0.655 3.09722
-0.565 2.38082
-0.4325 2.62541
-0.3 2.64635
-0.2 2.73421
-0.1 2.42317
0 2.51702
0.1 3.0131
0.2 2.97858
0.3 2.88679
0.4325 2.39804
0.565 2.60555
0.655 2.80667
0.745 2.33507
0.8825 2.65204
1.02 2.41859
1.115 2.5875
1.21 2.40689
1.3525 2.39327
1.495 2.29112
1.595 2.22595
1.695 2.12941
1.8375 1.94384
1.98 2.30424
2.0775 1.79538
2.175 1.56491
2.325 1.68732
2.475 1.85688
2.5775 1.36241
2.68 1.37685
2.825 1.14727
2.97 1.2173
3.07 1.23123
3.17 1.16294
3.32 1.06381
3.47 0.945874
3.57 0.879839
3.67 0.856208
3.82 0.846627
3.97 0.738234
4.07 0.711873
4.17 0.646844
4.32 0.711337
4.47 0.657974
4.57 0.541854
4.67 0.470551
