-3.17 0.733686
-3.07 0.561307
-2.97 0.831996
-2.825 0.749048
-2.68 0.716536
-2.5775 0.900085
-2.475 0.867295
-2.325 0.926255
-2.175 1.02242
-2.0775 0.897581
-1.98 0.905613
-1.8375 1.2334
-1.695 1.17693
-1.595 1.33733
-1.495 1.38233
-1.3525 1.48728
-1.21 1.53565
-1.115 1.38115
-1.02 1.51403
-0.8825 1.43193
-0.745 1.40256
-0.655 1.52691
-0.565 1.64654
-0.4325 1.40451
-0.3 1.46659
-0.2 1.59466
-0.1 1.68931
0 1.7881
0.1 1.5815
0.2 1.64636
0.3 1.75222
0.4325 1.58775
0.565 1.72616
0.655 1.63579
0.745 1.69906
0.8825 1.51964
1.02 1.34339
1.115 1.59702
1.21 1.39222
1.3525 1.57392
1.495 1.22407
1.595 1.1745
1.695 1.26301
1.8375 1.24042
1.98 1.22185
2.0775 1.14762
2.175 0.785517
2.325 0.828061
2.475 0.850659
2.5775 0.823527
2.68 0.734828
2.825 0.746878
2.97 0.694932
3.07 0.712319
3.17 0.703496
3.32 0.80563
3.47 0.740245
3.57 0.76293
3.67 0.441986
3.82 0.579205
3.97 0.444586
4.07 0.32839
4.17 0.449426
4.32 0.331302
4.47 0.309303
4.57 0.331857
4.67 0.264335
