-3.17 1.57657
-3.07 1.45617
-2.97 1.65574
-2.825 1.5397
-2.68 1.61022
-2.5775 1.88833
-2.475 1.73726
-2.325 2.07664
-2.175 2.05447
-2.0775 2.31439
-1.98 2.4808
-1.8375 2.65431
-1.695 2.69844
-1.595 2.70903
-1.495 3.01069
-1.3525 2.87812
-1.21 3.1058
-1.115 3.03968
-1.02 3.28673
-0.8825 3.43787
-0.745 3.13675
-0.655 3.74706
-0.565 3.06344
-0.4325 3.2748
-0.3 3.25529
-0.2 3.42306
-0.1 3.13546
0 3.17591
0.1 3.68738
0.2 3.61082
0.3 3.50081
0.4325 3.09594
0.565 3.2105
0.655 3.44788
0.745 2.97489
0.8825 3.35233
1.02 3.08312
1.115 3.15811
1.21 2.97194
1.3525 2.99351
1.495 2.76558
1.595 2.77305
1.695 2.63197
1.8375 2.36771
1.98 2.7858
2.0775 2.21604
2.175 1.99582
2.325 2.0938
2.475 2.26418
2.5775 1.74188
2.68 1.71364
2.825 1.54194
2.97 1.54686
3.07 1.5854
3.17 1.48845
3.32 1.39784
3.47 1.26719
3.57 1.122
3.67 1.13121
3.82 1.06706
3.97 0.936042
4.07 0.903677
4.17 0.826761
4.32 0.892042
4.47 0.840591
4.57 0.709894
4.67 0.645737
