-3.17 0.963788
-3.07 0.793219
-2.97 1.03582
-2.825 0.989941
-2.68 0.94375
-2.5775 1.11867
-2.475 1.11038
-2.325 1.21916
-2.175 1.30852
-2.0775 1.19468
-1.98 1.21592
-1.8375 1.57068
-1.695 1.53013
-1.595 1.69818
-1.495 1.81371
-1.3525 1.8886
-1.21 1.94269
-1.115 1.82664
-1.02 1.9767
-0.8825 1.87655
-0.745 1.9159
-0.655 1.94836
-0.565 2.12368
-0.4325 1.87616
-0.3 1.94296
-0.2 2.04563
-0.1 2.1402
0 2.26609
0.1 2.08358
0.2 2.07097
0.3 2.2189
0.4325 2.13257
0.565 2.18155
0.655 2.12369
0.745 2.12267
0.8825 1.95376
1.02 1.76446
1.115 2.02873
1.21 1.85115
1.3525 1.98122
1.495 1.64637
1.595 1.58575
1.695 1.6091
1.8375 1.62609
1.98 1.55411
2.0775 1.4901
2.175 1.07187
2.325 1.11155
2.475 1.12109
2.5775 1.07128
2.68 0.989006
2.825 0.993241
2.97 0.922553
3.07 0.923089
3.17 0.915507
3.32 0.98347
3.47 0.948498
3.57 0.932872
3.67 0.608959
3.82 0.72943
3.97 0.590507
4.07 0.453492
4.17 0.560803
4.32 0.441489
4.47 0.420473
4.57 0.421757
4.67 0.368848
