-2 0.000545197 0.000230223 0.000314973
-1.86207 0.000496801 0.000166049 0.000330752
-1.72414 0.000497658 0.000198784 0.000298874
-1.58621 0.000634839 0.000282888 0.000351951
-1.44828 0.000511632 0.000181946 0.000329686
-1.31034 0.000522748 0.000190713 0.000332034
-1.17241 0.000533798 0.000273321 0.000260477
-1.03448 0.000547862 0.000294785 0.000253077
-0.896552 0.000637873 0.000285437 0.000352436
-0.758621 0.000540238 0.000196879 0.000343359
-0.62069 0.000530215 0.000244263 0.000285952
-0.482759 0.000611023 0.000270801 0.000340221
-0.344828 0.000700012 0.000353982 0.00034603
-0.206897 0.000660664 0.000349528 0.000311136
-0.0689655 0.00059091 0.000296027 0.000294883
0.0689655 0.000494251 0.000248511 0.00024574
0.206897 0.000732976 0.000333249 0.000399727
0.344828 0.000594558 0.000315873 0.000278685
0.482759 0.000653978 0.000236997 0.000416981
0.62069 0.000687787 0.00032111 0.000366678
0.758621 0.000554159 0.000258742 0.000295417
0.896552 0.000623532 0.000252213 0.000371319
1.03448 0.000474828 0.000172391 0.000302437
1.17241 0.000494909 0.000206294 0.000288615
1.31034 0.000645691 0.000252996 0.000392695
1.44828 0.000546519 0.000292215 0.000254304
1.58621 0.000456591 0.00018613 0.000270461
1.72414 0.000588004 0.000270658 0.000317346
1.86207 0.000545963 0.000265766 0.000280197
2 0.000642519 0.000263273 0.000379247
