-4.67 135.563 0.000212666 0.000212666 9.27364e-14
-4.57 137.077 0.000154016 0.000154016 9.9697e-16
-4.47 138.592 0.00012438 0.00012438 7.60723e-16
-4.32 139.234 0.000391382 0.000391382 2.33111e-15
-4.17 139.876 0.000957537 0.000957537 7.31024e-16
-4.07 141.838 0.00044647 0.00044647 1.51501e-15
-3.97 143.8 0.00106118 0.00106118 2.57174e-15
-3.82 149.953 0.000774697 0.000774697 4.66923e-15
-3.67 156.106 0.000480235 0.000480235 8.04189e-15
-3.57 161.584 0.000179775 0.000179775 1.59435e-14
-3.47 167.063 0.00030254 0.00030254 2.83026e-14
-3.32 172.911 0.00117261 0.00117261 5.64236e-14
-3.17 178.758 0.00192717 0.00192717 9.3654e-14
-3.07 179.868 0.000586918 0.000586918 9.98673e-14
-2.97 180.978 0.000502868 0.000502868 1.72863e-13
-2.825 181.973 0.000909434 0.000909434 1.36323e-13
-2.68 182.968 0.000389889 0.000389889 1.60018e-13
-2.5775 185.16 0.00191916 0.00191916 1.07115e-13
-2.475 187.352 0.00127827 0.00127827 1.50781e-13
-2.325 189.058 0.000392917 0.000392917 2.70311e-13
-2.175 190.763 0.00180047 0.00180047 2.91781e-13
-2.0775 192.167 0.000928345 0.000928345 2.06025e-13
-1.98 193.571 0.00112878 0.00112878 4.38571e-13
-1.8375 196.583 0.00115101 0.00115101 5.64901e-13
-1.695 199.595 0.00124479 0.00124479 6.84336e-13
-1.595 201.875 0.000703248 0.000703248 6.09101e-13
-1.495 204.154 0.000503764 0.000503764 9.48901e-13
-1.3525 206.112 0.000376991 0.000376991 5.95907e-13
-1.21 208.07 0.00433286 0.00433286 1.11431e-12
-1.115 208.824 0.00141697 0.00141697 1.09519e-12
-1.02 209.578 0.00254729 0.00254729 1.14073e-12
-0.8825 210.323 0.00106642 0.00106642 1.65879e-12
-0.745 211.068 0.00145461 0.00145461 1.31148e-12
-0.655 210.706 0.00101418 0.00101418 1.01507e-12
-0.565 210.343 0.00123528 0.00123528 1.41708e-12
-0.4325 210.933 0.00302412 0.00302412 1.17192e-12
-0.3 211.523 0.00162423 0.00162423 9.39319e-13
-0.2 211.723 0.000876362 0.000876362 1.41602e-12
-0.1 211.923 0.00190075 0.00190075 1.23337e-12
0 211.923 0.00224711 0.00224711 1.51646e-12
