-4.67 1240 0.0341173 0.0340387 7.86231e-05
-4.57 1260 0.039726 0.0396337 9.22211e-05
-4.47 1280 0.0336669 0.0335574 0.000109517
-4.32 1300 0.0372115 0.037099 0.000112553
-4.17 1320 0.0418032 0.0416684 0.000134727
-4.07 1345 0.0521099 0.0519498 0.000160073
-3.97 1370 0.046122 0.0459393 0.000182667
-3.82 1435 0.0591555 0.0589053 0.00025024
-3.67 1500 0.0605351 0.0602021 0.000333028
-3.57 1550 0.0583621 0.0579492 0.000412898
-3.47 1600 0.0867731 0.0862408 0.000532302
-3.32 1625 0.0804372 0.0798545 0.000582713
-3.17 1650 0.0826908 0.0820472 0.00064364
-3.07 1665 0.0808038 0.0801867 0.000617136
-2.97 1680 0.0883039 0.0875886 0.000715244
-2.825 1704.99 0.0839753 0.0832682 0.000707133
-2.68 1729.99 0.088665 0.0878866 0.000778351
-2.5775 1764.99 0.0937872 0.0929194 0.000867822
-2.475 1799.99 0.118878 0.117673 0.001205
-2.325 1829.99 0.105005 0.103764 0.00124175
-2.175 1859.99 0.115906 0.11457 0.00133565
-2.0775 1904.99 0.113608 0.112222 0.00138526
-1.98 1949.99 0.136176 0.13439 0.00178604
-1.8375 1989.99 0.140456 0.138557 0.00189994
-1.695 2029.99 0.15099 0.148684 0.00230574
-1.595 2054.99 0.138532 0.136156 0.00237642
-1.495 2080 0.151192 0.148584 0.00260837
-1.3525 2110 0.171695 0.168791 0.0029034
-1.21 2140 0.176081 0.173076 0.00300562
-1.115 2155.01 0.156612 0.153487 0.00312522
-1.02 2170.01 0.161489 0.158292 0.00319673
-0.8825 2185.01 0.181865 0.178638 0.00322705
-0.745 2200.01 0.178026 0.174586 0.00343993
-0.655 2205.01 0.186716 0.182885 0.00383085
-0.565 2210.01 0.20327 0.199562 0.00370738
-0.4325 2220.01 0.185161 0.181177 0.00398399
-0.3 2230 0.176533 0.172668 0.00386523
-0.2 2234.99 0.197332 0.193241 0.00409089
-0.1 2239.99 0.203931 0.199873 0.00405834
0 2239.99 0.198157 0.194304 0.0038523
