-4.67 358.743 0.000718977 0.000718976 7.23582e-10
-4.57 363.228 0.000920855 0.000920855 6.18052e-10
-4.47 367.713 0.000823238 0.000823237 7.86492e-10
-4.32 371.089 0.00135674 0.00135674 1.27316e-09
-4.17 374.465 0.000894381 0.00089438 1.142e-09
-4.07 380.582 0.000865268 0.000865267 1.21687e-09
-3.97 386.7 0.00109606 0.00109605 2.51112e-09
-3.82 403.798 0.00111617 0.00111617 2.52664e-09
-3.67 420.896 0.00177869 0.00177868 5.74747e-09
-3.57 435.656 0.00196402 0.00196401 7.34139e-09
-3.47 450.415 0.00226876 0.00226875 7.49373e-09
-3.32 463.719 0.00189066 0.00189065 1.15679e-08
-3.17 477.023 0.00163445 0.00163443 2.06483e-08
-3.07 481.307 0.00286871 0.00286869 2.03607e-08
-2.97 485.591 0.00198644 0.00198642 1.96715e-08
-2.825 489.355 0.0030084 0.00300837 3.4211e-08
-2.68 493.118 0.00341691 0.00341688 3.00708e-08
-2.5775 499.686 0.0031211 0.00312107 3.14174e-08
-2.475 506.254 0.00298408 0.00298405 3.37104e-08
-2.325 511.904 0.00199284 0.0019928 4.04223e-08
-2.175 517.554 0.0029198 0.00291975 4.36158e-08
-2.0775 524.963 0.00280905 0.00280899 6.2516e-08
-1.98 532.372 0.00307564 0.00307558 6.31983e-08
-1.8375 544.639 0.00321636 0.00321628 8.29304e-08
-1.695 556.907 0.00482541 0.00482532 9.42855e-08
-1.595 563.791 0.00488929 0.00488917 1.18061e-07
-1.495 570.675 0.00375789 0.00375778 1.18353e-07
-1.3525 576.159 0.00475049 0.00475034 1.45788e-07
-1.21 581.643 0.00399703 0.0039969 1.33483e-07
-1.115 584.263 0.00348247 0.00348232 1.55556e-07
-1.02 586.882 0.00405748 0.00405734 1.38298e-07
-0.8825 589.807 0.00482051 0.00482034 1.67289e-07
-0.745 592.733 0.00454839 0.00454822 1.64386e-07
-0.655 592.305 0.00393786 0.00393765 2.02204e-07
-0.565 591.878 0.00301138 0.00301121 1.71373e-07
-0.4325 593.942 0.00447812 0.00447799 1.34524e-07
-0.3 596.006 0.00383676 0.0038366 1.60482e-07
-0.2 596.843 0.00391741 0.00391724 1.7516e-07
-0.1 597.68 0.00465677 0.00465662 1.56559e-07
0 597.68 0.0043523 0.00435215 1.45605e-07
