-4.67 358.743 0.00610506 0.00610506 2.78887e-09
-4.57 363.228 0.0195232 0.0195232 2.53086e-09
-4.47 367.713 0.00858924 0.00858924 3.25088e-09
-4.32 371.089 0.00770699 0.00770698 7.56245e-09
-4.17 374.465 0.013149 0.013149 4.91368e-09
-4.07 380.582 0.0141619 0.0141619 4.80453e-09
-3.97 386.7 0.00500438 0.00500437 4.98453e-09
-3.82 403.798 0.0158787 0.0158786 9.08857e-09
-3.67 420.896 0.013743 0.013743 1.72701e-08
-3.57 435.656 0.0115625 0.0115625 1.58248e-08
-3.47 450.415 0.0190303 0.0190303 2.68954e-08
-3.32 463.719 0.0218097 0.0218097 3.0499e-08
-3.17 477.023 0.0175072 0.0175071 5.15503e-08
-3.07 481.307 0.0199297 0.0199296 7.1381e-08
-2.97 485.591 0.0119154 0.0119153 7.2966e-08
-2.825 489.355 0.0166738 0.0166737 8.51962e-08
-2.68 493.118 0.0236353 0.0236352 1.03532e-07
-2.5775 499.686 0.019736 0.0197359 7.71901e-08
-2.475 506.254 0.0179256 0.0179254 1.22027e-07
-2.325 511.904 0.0182092 0.0182091 1.10972e-07
-2.175 517.554 0.0253973 0.0253972 1.34561e-07
-2.0775 524.963 0.0117177 0.0117175 1.64876e-07
-1.98 532.372 0.0307212 0.030721 2.00302e-07
-1.8375 544.639 0.0324209 0.0324207 1.94659e-07
-1.695 556.907 0.0160795 0.0160791 3.10021e-07
-1.595 563.791 0.0299346 0.0299343 3.54801e-07
-1.495 570.675 0.0268344 0.026834 3.59884e-07
-1.3525 576.159 0.0482439 0.0482435 4.18508e-07
-1.21 581.643 0.0385194 0.0385189 4.5697e-07
-1.115 584.263 0.0239653 0.0239648 4.78903e-07
-1.02 586.882 0.0304923 0.0304917 6.34689e-07
-0.8825 589.807 0.0268227 0.0268221 5.62608e-07
-0.745 592.733 0.023984 0.0239834 6.20495e-07
-0.655 592.305 0.035637 0.0356364 6.09136e-07
-0.565 591.878 0.0419108 0.0419103 4.86365e-07
-0.4325 593.942 0.0270258 0.0270252 6.10585e-07
-0.3 596.006 0.0469257 0.0469252 5.95451e-07
-0.2 596.843 0.0517081 0.0517075 5.51822e-07
-0.1 597.68 0.0252393 0.0252386 6.76436e-07
0 597.68 0.049134 0.0491334 5.93665e-07
