-4.67 536.27 0.0236288 0.0236286 2.017e-07
-4.57 543.62 0.0232003 0.0232001 2.77516e-07
-4.47 550.969 0.032478 0.0324778 2.40511e-07
-4.32 557.38 0.0266594 0.0266591 2.93458e-07
-4.17 563.792 0.0383812 0.0383808 3.46054e-07
-4.07 573.196 0.0223558 0.0223553 5.03161e-07
-3.97 582.6 0.0379295 0.0379289 5.70616e-07
-3.82 609.516 0.0312158 0.0312149 9.07653e-07
-3.67 636.432 0.051659 0.0516577 1.2671e-06
-3.57 658.587 0.0480141 0.0480125 1.56809e-06
-3.47 680.741 0.039079 0.0390771 1.88344e-06
-3.32 698.891 0.0796063 0.0796035 2.79412e-06
-3.17 717.042 0.0571132 0.0571098 3.33586e-06
-3.07 723.696 0.0709611 0.0709572 3.95508e-06
-2.97 730.349 0.0593196 0.059316 3.60846e-06
-2.825 736.75 0.050444 0.0504397 4.32727e-06
-2.68 743.151 0.104452 0.104448 4.20444e-06
-2.5775 753.834 0.0550709 0.0550648 6.02949e-06
-2.475 764.518 0.0678942 0.0678876 6.59024e-06
-2.325 773.516 0.0799576 0.0799506 6.96071e-06
-2.175 782.515 0.0810658 0.081059 6.75769e-06
-2.0775 797.676 0.0812752 0.0812662 8.97496e-06
-1.98 812.836 0.0898453 0.0898348 1.05093e-05
-1.8375 832.944 0.1068 0.106787 1.29172e-05
-1.695 853.051 0.109911 0.109895 1.66317e-05
-1.595 864.147 0.103446 0.103428 1.80117e-05
-1.495 875.242 0.133577 0.133554 2.23283e-05
-1.3525 884.468 0.126079 0.126057 2.24945e-05
-1.21 893.695 0.101915 0.101888 2.68601e-05
-1.115 897.633 0.112329 0.112301 2.75089e-05
-1.02 901.571 0.116154 0.116128 2.57718e-05
-0.8825 906.226 0.0946699 0.0946389 3.09818e-05
-0.745 910.88 0.133461 0.133427 3.32483e-05
-0.655 910.847 0.0984374 0.0984038 3.35726e-05
-0.565 910.814 0.191107 0.191078 2.97408e-05
-0.4325 914.032 0.116484 0.116453 3.09874e-05
-0.3 917.25 0.125047 0.125014 3.30257e-05
-0.2 918.7 0.109948 0.109917 3.05397e-05
-0.1 920.151 0.146619 0.146589 3.08394e-05
0 920.151 0.1145 0.114467 3.34818e-05
