-4.67 0.0381554
-4.57 0.0426281
-4.47 0.0557032
-4.32 0.0499429
-4.17 0.0489051
-4.07 0.0476326
-3.97 0.0530964
-3.82 0.0665556
-3.67 0.0701115
-3.57 0.0777063
-3.47 0.0806663
-3.32 0.0879325
-3.17 0.0870285
-3.07 0.0857711
-2.97 0.0903664
-2.825 0.103659
-2.68 0.108332
-2.5775 0.108224
-2.475 0.109156
-2.325 0.116721
-2.175 0.122492
-2.0775 0.135888
-1.98 0.152389
-1.8375 0.144051
-1.695 0.18855
-1.595 0.163817
-1.495 0.183033
-1.3525 0.201958
-1.21 0.184359
-1.115 0.198709
-1.02 0.19714
-0.8825 0.190455
-0.745 0.210216
-0.655 0.204049
-0.565 0.21831
-0.4325 0.189501
-0.3 0.203242
-0.2 0.216698
-0.1 0.217279
0 0.214757
