-4.67 784.47 0.00900265 0.00899814 4.50892e-06
-4.57 795.62 0.0101686 0.0101662 2.37993e-06
-4.47 806.769 0.00996382 0.0099607 3.116e-06
-4.32 816.932 0.0097851 0.0097817 3.39684e-06
-4.17 827.094 0.0124448 0.0124406 4.18668e-06
-4.07 842.397 0.0102702 0.0102666 3.64452e-06
-3.97 857.7 0.0125552 0.0125509 4.25474e-06
-3.82 897.626 0.0130302 0.0130239 6.25286e-06
-3.67 937.552 0.0144962 0.0144861 1.01451e-05
-3.57 968.841 0.0170963 0.017082 1.4273e-05
-3.47 1000.13 0.019495 0.0194769 1.80985e-05
-3.32 1021.28 0.0189794 0.0189594 2.00557e-05
-3.17 1042.42 0.0208146 0.0207919 2.26988e-05
-3.07 1054.89 0.0249714 0.0249452 2.61447e-05
-2.97 1067.36 0.0258737 0.0258476 2.61463e-05
-2.825 1077.45 0.0235323 0.0235024 2.98555e-05
-2.68 1087.54 0.025307 0.0252761 3.08305e-05
-2.5775 1104.82 0.0242579 0.0242191 3.87643e-05
-2.475 1122.1 0.0284096 0.028368 4.1566e-05
-2.325 1136.78 0.0310794 0.0310336 4.57345e-05
-2.175 1151.47 0.0271928 0.0271502 4.25694e-05
-2.0775 1176.44 0.0311495 0.0310915 5.79892e-05
-1.98 1201.41 0.0341907 0.0341254 6.52926e-05
-1.8375 1234.56 0.0395445 0.0394564 8.80636e-05
-1.695 1267.71 0.0374632 0.0373674 9.58169e-05
-1.595 1285.09 0.0453484 0.0452348 0.00011365
-1.495 1302.47 0.046188 0.0460554 0.000132608
-1.3525 1316.21 0.0444804 0.0443556 0.000124898
-1.21 1329.95 0.0404804 0.0403435 0.000136963
-1.115 1335.78 0.0446803 0.0445533 0.000127007
-1.02 1341.6 0.0481677 0.0480243 0.000143318
-0.8825 1348.44 0.047909 0.0477524 0.000156582
-0.745 1355.29 0.0381941 0.0380319 0.00016213
-0.655 1356.35 0.0411872 0.0410245 0.000162683
-0.565 1357.41 0.0434401 0.0432741 0.000166008
-0.4325 1362.16 0.0511481 0.0509971 0.000150993
-0.3 1366.92 0.0519254 0.0517532 0.000172164
-0.2 1369.16 0.051313 0.0511389 0.000174119
-0.1 1371.4 0.0472335 0.047057 0.000176458
0 1371.4 0.0509268 0.0507252 0.000201633
