-4.67 1028.68 0.177757 0.177685 7.21865e-05
-4.57 1044.93 0.154711 0.154626 8.52413e-05
-4.47 1061.17 0.180741 0.180646 9.51762e-05
-4.32 1075.43 0.225923 0.225808 0.000114767
-4.17 1089.7 0.213669 0.213561 0.000108121
-4.07 1110.85 0.252973 0.252831 0.00014221
-3.97 1132 0.254826 0.254671 0.00015476
-3.82 1185.74 0.321175 0.320944 0.000231261
-3.67 1239.49 0.317353 0.316347 0.00100535
-3.57 1281.03 0.317667 0.317222 0.000444967
-3.47 1322.58 0.376964 0.376443 0.000520726
-3.32 1346.19 0.330971 0.330377 0.000594732
-3.17 1369.81 0.35928 0.35861 0.000669872
-3.07 1384.57 0.329952 0.329239 0.000712541
-2.97 1399.33 0.424375 0.423558 0.000817457
-2.825 1416.63 0.429807 0.42897 0.000837592
-2.68 1433.94 0.471121 0.470204 0.000917002
-2.5775 1459.33 0.478855 0.477871 0.0009843
-2.475 1484.72 0.475324 0.474147 0.00117631
-2.325 1506.12 0.489995 0.488648 0.00134668
-2.175 1527.53 0.570484 0.569176 0.00130826
-2.0775 1563.86 0.616165 0.61452 0.00164568
-1.98 1600.18 0.603032 0.600898 0.00213403
-1.8375 1647.99 0.638567 0.636301 0.00226575
-1.695 1695.79 0.733318 0.730513 0.00280461
-1.595 1720.54 0.860632 0.857768 0.00286432
-1.495 1745.29 0.872134 0.86868 0.00345459
-1.3525 1763.16 0.915342 0.911762 0.00357915
-1.21 1781.04 0.883559 0.879579 0.00397986
-1.115 1789.94 1.07021 1.066 0.0042152
-1.02 1798.84 0.835618 0.831486 0.00413131
-0.8825 1806.99 0.857621 0.853374 0.00424722
-0.745 1815.14 0.945719 0.941121 0.00459847
-0.655 1816.82 1.07833 1.07343 0.00489846
-0.565 1818.49 0.982322 0.977719 0.00460278
-0.4325 1825.69 0.850214 0.845447 0.004767
-0.3 1832.89 0.818775 0.814105 0.00467011
-0.2 1835.55 0.889943 0.885163 0.00478
-0.1 1838.21 1.01064 1.00596 0.00468264
0 1838.21 0.999324 0.994036 0.00528785
