-4.67 784.47 0.0644373 0.0644303 7.06079e-06
-4.57 795.62 0.0837061 0.0836976 8.53308e-06
-4.47 806.769 0.145755 0.138886 0.00686912
-4.32 816.932 0.10128 0.101268 1.15077e-05
-4.17 827.094 0.0948274 0.0948141 1.32941e-05
-4.07 842.397 0.0968833 0.0968679 1.5381e-05
-3.97 857.7 0.0994938 0.0994774 1.63647e-05
-3.82 897.626 0.148148 0.14812 2.80696e-05
-3.67 937.552 0.119704 0.119668 3.61397e-05
-3.57 968.841 0.157404 0.157359 4.51379e-05
-3.47 1000.13 0.168356 0.168292 6.40754e-05
-3.32 1021.28 0.162769 0.162697 7.18177e-05
-3.17 1042.42 0.169857 0.169775 8.22259e-05
-3.07 1054.89 0.190819 0.190731 8.79378e-05
-2.97 1067.36 0.187525 0.187418 0.000106897
-2.825 1077.45 0.227131 0.227031 9.97403e-05
-2.68 1087.54 0.215192 0.215078 0.000114412
-2.5775 1104.82 0.223211 0.223062 0.000148468
-2.475 1122.1 0.190673 0.190532 0.000140739
-2.325 1136.78 0.240412 0.240242 0.000170234
-2.175 1151.47 0.244122 0.243928 0.000194565
-2.0775 1176.44 0.252456 0.252254 0.000202525
-1.98 1201.41 0.379852 0.379586 0.000266043
-1.8375 1234.56 0.286571 0.28623 0.00034159
-1.695 1267.71 0.438673 0.438307 0.000366317
-1.595 1285.09 0.302734 0.302265 0.000469162
-1.495 1302.47 0.361748 0.36126 0.000488557
-1.3525 1316.21 0.359018 0.358584 0.000433489
-1.21 1329.95 0.365045 0.364507 0.000538366
-1.115 1335.78 0.410226 0.40962 0.000605749
-1.02 1341.6 0.36189 0.361297 0.000592736
-0.8825 1348.44 0.378584 0.377988 0.000596094
-0.745 1355.29 0.411578 0.411011 0.000566737
-0.655 1356.35 0.299297 0.29863 0.000667379
-0.565 1357.41 0.356565 0.355971 0.000594066
-0.4325 1362.16 0.34567 0.345022 0.000647948
-0.3 1366.92 0.451451 0.450787 0.000664402
-0.2 1369.16 0.418538 0.417867 0.000670786
-0.1 1371.4 0.456978 0.456297 0.000681322
0 1371.4 0.468215 0.46749 0.000724602
