-4.67 228.662 0.00527727 0.00527727 3.94705e-12
-4.57 231.139 0.00359308 0.00359174 1.338e-06
-4.47 233.617 0.00620322 0.00620322 5.29717e-12
-4.32 235.649 0.00111852 0.00111852 6.30674e-12
-4.17 237.68 0.00101927 0.00101927 9.76591e-12
-4.07 241.19 0.00241783 0.00241783 1.09198e-11
-3.97 244.7 0.00439295 0.00439295 9.73148e-12
-3.82 255.304 0.00175071 0.00175071 2.36894e-11
-3.67 265.909 0.00210353 0.00210353 4.40758e-11
-3.57 274.988 0.0028653 0.0028653 3.72874e-11
-3.47 284.068 0.00359339 0.00359339 8.15592e-11
-3.32 293.678 0.00305492 0.00305492 1.3968e-10
-3.17 303.287 0.0112096 0.0112096 2.76903e-10
-3.07 305.711 0.00493984 0.00493984 1.94371e-10
-2.97 308.135 0.00400732 0.00400732 3.80008e-10
-2.825 310.2 0.00613836 0.00613836 3.04639e-10
-2.68 312.264 0.00534616 0.00534616 2.99797e-10
-2.5775 316.238 0.00659612 0.00659612 4.26798e-10
-2.475 320.211 0.00482386 0.00482386 6.20488e-10
-2.325 323.451 0.00355367 0.00355367 5.86187e-10
-2.175 326.69 0.00365276 0.00365276 7.36401e-10
-2.0775 330.399 0.00557 0.00557 6.61114e-10
-1.98 334.109 0.00536806 0.00536806 7.3347e-10
-1.8375 339.882 0.00984012 0.00984012 1.06342e-09
-1.695 345.656 0.0080913 0.0080913 1.36136e-09
-1.595 349.539 0.00755871 0.00755871 1.22841e-09
-1.495 353.423 0.00601202 0.00601201 1.87112e-09
-1.3525 356.827 0.00555056 0.00555056 2.11953e-09
-1.21 360.231 0.00921342 0.00921341 2.76678e-09
-1.115 361.774 0.00564503 0.00564503 2.21115e-09
-1.02 363.318 0.00779497 0.00779496 3.06362e-09
-0.8825 364.993 0.0111029 0.0111029 3.16868e-09
-0.745 366.668 0.00619067 0.00619067 2.86221e-09
-0.655 366.361 0.0093632 0.0093632 2.88462e-09
-0.565 366.053 0.0058653 0.0058653 2.65391e-09
-0.4325 367.062 0.00448101 0.00448101 1.99764e-09
-0.3 368.071 0.0112828 0.0112828 2.75007e-09
-0.2 368.379 0.0113053 0.0113052 2.63155e-09
-0.1 368.687 0.00393377 0.00393376 3.75575e-09
0 368.687 0.00595481 0.00595481 3.27053e-09
