-4.67 228.662 0.000578258 0.000578258 9.02313e-11
-4.57 231.139 0.000775593 0.000775462 1.31081e-07
-4.47 233.617 0.000259853 0.000259853 2.28456e-12
-4.32 235.649 0.000236527 0.000236527 2.05203e-12
-4.17 237.68 0.000308546 0.000308546 3.69192e-12
-4.07 241.19 0.000653169 0.000653169 3.64394e-12
-3.97 244.7 0.000417545 0.000417545 3.48317e-12
-3.82 255.304 0.000649033 0.000649033 9.50629e-12
-3.67 265.909 0.00041393 0.00041393 1.02416e-11
-3.57 274.988 0.00039186 0.00039186 1.94367e-11
-3.47 284.068 0.000688603 0.000688603 3.12322e-11
-3.32 293.678 0.000280109 0.000280109 5.65495e-11
-3.17 303.287 0.00062591 0.00062591 9.27098e-11
-3.07 305.711 0.00104808 0.00104808 8.07068e-11
-2.97 308.135 0.000648674 0.000648674 1.0516e-10
-2.825 310.2 0.000266316 0.000266316 1.09843e-10
-2.68 312.264 0.000605365 0.000605365 1.10461e-10
-2.5775 316.238 0.000716018 0.000716018 1.2878e-10
-2.475 320.211 0.000456642 0.000456642 1.3036e-10
-2.325 323.451 0.000502809 0.000502809 1.93015e-10
-2.175 326.69 0.000544511 0.000544511 1.56095e-10
-2.0775 330.399 0.000930441 0.000930441 2.00871e-10
-1.98 334.109 0.00106766 0.00106766 3.30183e-10
-1.8375 339.882 0.000627075 0.000627075 3.73265e-10
-1.695 345.656 0.000612976 0.000612975 4.82009e-10
-1.595 349.539 0.00104129 0.00104129 4.39843e-10
-1.495 353.423 0.000780871 0.000780871 5.13372e-10
-1.3525 356.827 0.000821479 0.000821478 5.29706e-10
-1.21 360.231 0.00102811 0.00102811 1.18997e-09
-1.115 361.774 0.00119419 0.00119419 7.90848e-10
-1.02 363.318 0.00104004 0.00104004 6.68508e-10
-0.8825 364.993 0.00111072 0.00111072 7.81673e-10
-0.745 366.668 0.00117367 0.00117367 8.36219e-10
-0.655 366.361 0.00101405 0.00101405 6.45664e-10
-0.565 366.053 0.00112104 0.00112103 9.19343e-10
-0.4325 367.062 0.00102807 0.00102806 1.13684e-09
-0.3 368.071 0.000857032 0.000857031 8.96241e-10
-0.2 368.379 0.000863281 0.00086328 7.65161e-10
-0.1 368.687 0.00103907 0.00103907 1.28981e-09
0 368.687 0.00120636 0.00120636 1.06508e-09
