#1-Q [GeV] 2--dN/dQdY [GeV-1] 3--dN_{PreEq}/dQdY [GeV-1] 3--dN_{Hydro}/dQdY [GeV-1]
0.001 11.2044 11.2044 0
0.0030101 11.7262 11.7262 0
0.0050202 14.4925 14.4925 0
0.0070303 13.7754 13.7754 0
0.0090404 13.6743 13.6743 0
0.0110505 14.2765 14.2765 0
0.0130606 13.9618 13.9618 0
0.0150707 12.4418 12.4418 0
0.0170808 13.2602 13.2602 0
0.0190909 13.0684 13.0684 0
0.021101 13.9288 13.9288 0
0.0231111 11.7022 11.7022 0
0.0251212 11.2936 11.2936 0
0.0271313 11.3156 11.3156 0
0.0291414 10.8743 10.8743 0
0.0311515 10.1516 10.1516 0
0.0331616 10.1777 10.1777 0
0.0351717 8.56921 8.56921 0
0.0371818 10.0237 10.0237 0
0.0391919 10.1959 10.1959 0
0.041202 9.53605 9.53605 0
0.0432121 9.42867 9.42867 0
0.0452222 8.39073 8.39073 0
0.0472323 8.27649 8.27649 0
0.0492424 9.08899 9.08899 0
0.0512525 8.42591 8.42591 0
0.0532626 8.6448 8.6448 0
0.0552727 8.56816 8.56816 0
0.0572828 7.63157 7.63157 0
0.0592929 7.46782 7.46782 0
0.061303 7.02123 7.02123 0
0.0633131 7.29263 7.29263 0
0.0653232 6.56431 6.56431 0
0.0673333 7.10314 7.10314 0
0.0693434 6.60654 6.60654 0
0.0713535 6.30637 6.30637 0
0.0733636 6.23336 6.23336 0
0.0753737 6.49993 6.49993 0
0.0773838 6.20753 6.20753 0
0.0793939 6.27001 6.27001 0
0.081404 5.77167 5.77167 0
0.0834141 5.93607 5.93607 0
0.0854242 5.6806 5.6806 0
0.0874343 5.28645 5.28645 0
0.0894444 5.20203 5.20203 0
0.0914545 5.20345 5.20345 0
0.0934646 4.82919 4.82919 0
0.0954747 5.7273 5.7273 0
0.0974848 5.62445 5.62445 0
0.0994949 4.62759 4.62759 0
0.101505 4.81213 4.81213 0
0.103515 4.94199 4.94199 0
0.105525 4.92707 4.92707 0
0.107535 4.69087 4.69087 0
0.109545 4.46987 4.46987 0
0.111556 3.99359 3.99359 0
0.113566 4.04394 4.04394 0
0.115576 4.52702 4.52702 0
0.117586 4.06203 4.06203 0
0.119596 4.20771 4.20771 0
0.121606 3.73215 3.73215 0
0.123616 4.17037 4.17037 0
0.125626 3.8313 3.8313 0
0.127636 3.72886 3.72886 0
0.129646 4.11037 4.11037 0
0.131657 3.60773 3.60773 0
0.133667 3.63417 3.63417 0
0.135677 3.39683 3.39683 0
0.137687 3.55181 3.55181 0
0.139697 3.35833 3.35833 0
0.141707 3.52963 3.52963 0
0.143717 3.24624 3.24624 0
0.145727 3.61079 3.61079 0
0.147737 3.04818 3.04818 0
0.149747 3.2763 3.2763 0
0.151758 2.96374 2.96374 0
0.153768 3.20799 3.20799 0
0.155778 2.82267 2.82267 0
0.157788 3.03204 3.03204 0
0.159798 2.79171 2.79171 0
0.161808 2.9205 2.9205 0
0.163818 3.18327 3.18327 0
0.165828 3.0474 3.0474 0
0.167838 2.41537 2.41537 0
0.169848 2.58659 2.58659 0
0.171859 3.08659 3.08659 0
0.173869 2.34821 2.34821 0
0.175879 2.89331 2.89331 0
0.177889 2.68354 2.68354 0
0.179899 2.80697 2.80697 0
0.181909 2.73121 2.73121 0
0.183919 2.3319 2.3319 0
0.185929 2.62152 2.62152 0
0.187939 2.35695 2.35695 0
0.189949 2.47938 2.47938 0
0.19196 2.3245 2.3245 0
0.19397 2.67498 2.67498 0
0.19598 2.30159 2.30159 0
0.19799 2.36243 2.36243 0
0.2 2.27614 2.27614 0
