2.002e-05 1.13993 1.13993 0
4.004e-05 1.03371 1.03371 0
6.00601e-05 2.06977 2.06977 0
8.00801e-05 2.28646 2.28646 0
0.0001001 3.46332 3.46332 0
0.00012012 2.72593 2.72593 0
0.00014014 3.48666 3.48666 0
0.00016016 4.4918 4.4918 0
0.00018018 3.6991 3.6991 0
0.0002002 3.74144 3.74144 0
0.00022022 4.82417 4.82417 0
0.00024024 4.56958 4.56958 0
0.00026026 4.28131 4.28131 0
0.00028028 4.62173 4.62173 0
0.0003003 3.91286 3.91286 0
0.00032032 4.97002 4.97002 0
0.00034034 4.26543 4.26543 0
0.00036036 5.96596 5.96596 0
0.00038038 5.93241 5.93241 0
0.0004004 5.88253 5.88253 0
0.00042042 6.07681 6.07681 0
0.00044044 5.56613 5.56613 0
0.00046046 7.01953 7.01953 0
0.00048048 5.17108 5.17108 0
0.000500501 6.28087 6.28087 0
0.000520521 5.57588 5.57588 0
0.000540541 7.93299 7.93299 0
0.000560561 5.91826 5.91826 0
0.000580581 7.7295 7.7295 0
0.000600601 7.24709 7.24709 0
0.000620621 8.0093 8.0093 0
0.000640641 8.54555 8.54555 0
0.000660661 8.03545 8.03545 0
0.000680681 7.82991 7.82991 0
0.000700701 7.96155 7.96155 0
0.000720721 7.01721 7.01721 0
0.000740741 8.04413 8.04413 0
0.000760761 9.37221 9.37221 0
0.000780781 7.47648 7.47648 0
0.000800801 9.53856 9.53856 0
0.000820821 7.40959 7.40959 0
0.000840841 8.49164 8.49164 0
0.000860861 8.72884 8.72884 0
0.000880881 9.70069 9.70069 0
0.000900901 9.02491 9.02491 0
0.000920921 9.10454 9.10454 0
0.000940941 9.4037 9.4037 0
0.000960961 9.93483 9.93483 0
0.000980981 9.32809 9.32809 0
0.001001 9.05898 9.05898 0
0.00102102 9.14147 9.14147 0
0.00104104 7.93849 7.93849 0
0.00106106 10.2803 10.2803 0
0.00108108 7.92416 7.92416 0
0.0011011 9.91176 9.91176 0
0.00112112 9.95791 9.95791 0
0.00114114 9.41024 9.41024 0
0.00116116 9.78211 9.78211 0
0.00118118 9.45793 9.45793 0
0.0012012 8.52272 8.52272 0
0.00122122 10.6238 10.6238 0
0.00124124 9.76788 9.76788 0
0.00126126 9.95231 9.95231 0
0.00128128 9.59405 9.59405 0
0.0013013 8.75589 8.75589 0
0.00132132 9.30698 9.30698 0
0.00134134 11.055 11.055 0
0.00136136 9.87702 9.87702 0
0.00138138 10.0965 10.0965 0
0.0014014 8.57634 8.57634 0
0.00142142 11.0048 11.0048 0
0.00144144 11.2843 11.2843 0
0.00146146 9.56921 9.56921 0
0.00148148 10.0801 10.0801 0
0.0015015 11.9638 11.9638 0
0.00152152 9.30297 9.30297 0
0.00154154 12.208 12.208 0
0.00156156 9.48895 9.48895 0
0.00158158 11.4107 11.4107 0
0.0016016 11.396 11.396 0
0.00162162 10.2523 10.2523 0
0.00164164 10.4564 10.4564 0
0.00166166 11.7146 11.7146 0
0.00168168 10.2976 10.2976 0
0.0017017 11.8297 11.8297 0
0.00172172 11.3266 11.3266 0
0.00174174 11.5368 11.5368 0
0.00176176 11.2781 11.2781 0
0.00178178 9.98569 9.98569 0
0.0018018 11.1456 11.1456 0
0.00182182 9.53047 9.53047 0
0.00184184 12.5085 12.5085 0
0.00186186 11.326 11.326 0
0.00188188 11.0772 11.0772 0
0.0019019 10.9476 10.9476 0
0.00192192 10.0013 10.0013 0
0.00194194 12.6093 12.6093 0
0.00196196 11.4996 11.4996 0
0.00198198 10.5594 10.5594 0
0.002002 9.46794 9.46794 0
0.00202202 10.6892 10.6892 0
0.00204204 12.2863 12.2863 0
0.00206206 10.0832 10.0832 0
0.00208208 12.6106 12.6106 0
0.0021021 11.0313 11.0313 0
0.00212212 12.7904 12.7904 0
0.00214214 10.9594 10.9594 0
0.00216216 11.742 11.742 0
0.00218218 11.3623 11.3623 0
0.0022022 11.2357 11.2357 0
0.00222222 10.6883 10.6883 0
0.00224224 12.1289 12.1289 0
0.00226226 12.112 12.112 0
0.00228228 10.9776 10.9776 0
0.0023023 13.1302 13.1302 0
0.00232232 12.467 12.467 0
0.00234234 12.2321 12.2321 0
0.00236236 10.8868 10.8868 0
0.00238238 11.6995 11.6995 0
0.0024024 12.2172 12.2172 0
0.00242242 12.6614 12.6614 0
0.00244244 11.5849 11.5849 0
0.00246246 11.611 11.611 0
0.00248248 13.5437 13.5437 0
0.0025025 12.7421 12.7421 0
0.00252252 11.137 11.137 0
0.00254254 12.7218 12.7218 0
0.00256256 11.6732 11.6732 0
0.00258258 13.0047 13.0047 0
0.0026026 11.9607 11.9607 0
0.00262262 12.2988 12.2988 0
0.00264264 11.4054 11.4054 0
0.00266266 12.7096 12.7096 0
0.00268268 12.0433 12.0433 0
0.0027027 11.7792 11.7792 0
0.00272272 12.3504 12.3504 0
0.00274274 14.2355 14.2355 0
0.00276276 12.0145 12.0145 0
0.00278278 13.1548 13.1548 0
0.0028028 10.8264 10.8264 0
0.00282282 12.1184 12.1184 0
0.00284284 11.5861 11.5861 0
0.00286286 11.6144 11.6144 0
0.00288288 11.4095 11.4095 0
0.0029029 12.4031 12.4031 0
0.00292292 11.7704 11.7704 0
0.00294294 12.578 12.578 0
0.00296296 12.9474 12.9474 0
0.00298298 12.4238 12.4238 0
0.003003 12.4954 12.4954 0
0.00302302 12.8439 12.8439 0
0.00304304 12.2347 12.2347 0
0.00306306 14.1901 14.1901 0
0.00308308 13.4735 13.4735 0
0.0031031 13.9642 13.9642 0
0.00312312 14.3444 14.3444 0
0.00314314 13.374 13.374 0
0.00316316 12.015 12.015 0
0.00318318 11.8695 11.8695 0
0.0032032 14.7735 14.7735 0
0.00322322 12.852 12.852 0
0.00324324 13.1275 13.1275 0
0.00326326 12.7306 12.7306 0
0.00328328 13.6395 13.6395 0
0.0033033 13.2433 13.2433 0
0.00332332 11.5406 11.5406 0
0.00334334 12.5069 12.5069 0
0.00336336 11.9624 11.9624 0
0.00338338 14.0856 14.0856 0
0.0034034 10.6992 10.6992 0
0.00342342 11.8118 11.8118 0
0.00344344 13.415 13.415 0
0.00346346 11.5875 11.5875 0
0.00348348 12.4145 12.4145 0
0.0035035 13.2758 13.2758 0
0.00352352 14.5774 14.5774 0
0.00354354 13.3899 13.3899 0
0.00356356 13.9486 13.9486 0
0.00358358 14.165 14.165 0
0.0036036 13.3137 13.3137 0
0.00362362 12.4112 12.4112 0
0.00364364 11.4896 11.4896 0
0.00366366 12.4795 12.4795 0
0.00368368 12.0659 12.0659 0
0.0037037 12.0758 12.0758 0
0.00372372 12.3809 12.3809 0
0.00374374 13.8776 13.8776 0
0.00376376 12.6442 12.6442 0
0.00378378 11.6635 11.6635 0
0.0038038 14.9376 14.9376 0
0.00382382 12.2671 12.2671 0
0.00384384 14.6037 14.6037 0
0.00386386 13.7021 13.7021 0
0.00388388 14.3566 14.3566 0
0.0039039 12.9154 12.9154 0
0.00392392 11.8971 11.8971 0
0.00394394 12.7153 12.7153 0
0.00396396 13.3201 13.3201 0
0.00398398 10.9641 10.9641 0
0.004004 13.2082 13.2082 0
0.00402402 14.5418 14.5418 0
0.00404404 13.0909 13.0909 0
0.00406406 12.6798 12.6798 0
0.00408408 12.6836 12.6836 0
0.0041041 12.6241 12.6241 0
0.00412412 12.2672 12.2672 0
0.00414414 13.8375 13.8375 0
0.00416416 15.0199 15.0199 0
0.00418418 11.5625 11.5625 0
0.0042042 13.2138 13.2138 0
0.00422422 14.1985 14.1985 0
0.00424424 13.3025 13.3025 0
0.00426426 14.1465 14.1465 0
0.00428428 13.2804 13.2804 0
0.0043043 13.254 13.254 0
0.00432432 13.1831 13.1831 0
0.00434434 12.2509 12.2509 0
0.00436436 13.5102 13.5102 0
0.00438438 13.8886 13.8886 0
0.0044044 15.164 15.164 0
0.00442442 14.7715 14.7715 0
0.00444444 14.132 14.132 0
0.00446446 12.8587 12.8587 0
0.00448448 15.3765 15.3765 0
0.0045045 13.9923 13.9923 0
0.00452452 14.1729 14.1729 0
0.00454454 13.4047 13.4047 0
0.00456456 13.3305 13.3305 0
0.00458458 12.7835 12.7835 0
0.0046046 13.176 13.176 0
0.00462462 13.2243 13.2243 0
0.00464464 12.3217 12.3217 0
0.00466466 14.4189 14.4189 0
0.00468468 14.9958 14.9958 0
0.0047047 14.535 14.535 0
0.00472472 15.3999 15.3999 0
0.00474474 14.2357 14.2357 0
0.00476476 12.5878 12.5878 0
0.00478478 13.082 13.082 0
0.0048048 14.033 14.033 0
0.00482482 14.0208 14.0208 0
0.00484484 15.241 15.241 0
0.00486486 12.8384 12.8384 0
0.00488488 14.0842 14.0842 0
0.0049049 12.288 12.288 0
0.00492492 12.7726 12.7726 0
0.00494494 13.9051 13.9051 0
0.00496496 13.1567 13.1567 0
0.00498498 14.0661 14.0661 0
0.00500501 15.8914 15.8914 0
0.00502503 13.0741 13.0741 0
0.00504505 13.7358 13.7358 0
0.00506507 14.2434 14.2434 0
0.00508509 13.8659 13.8659 0
0.00510511 14.316 14.316 0
0.00512513 13.9422 13.9422 0
0.00514515 14.3851 14.3851 0
0.00516517 14.299 14.299 0
0.00518519 14.6939 14.6939 0
0.00520521 13.6938 13.6938 0
0.00522523 13.6881 13.6881 0
0.00524525 14.9602 14.9602 0
0.00526527 13.4911 13.4911 0
0.00528529 14.6825 14.6825 0
0.00530531 15.6048 15.6048 0
0.00532533 15.7635 15.7635 0
0.00534535 15.2602 15.2602 0
0.00536537 14.3148 14.3148 0
0.00538539 13.4089 13.4089 0
0.00540541 15.353 15.353 0
0.00542543 12.7781 12.7781 0
0.00544545 12.8498 12.8498 0
0.00546547 12.907 12.907 0
0.00548549 15.1941 15.1941 0
0.00550551 13.0032 13.0032 0
0.00552553 13.4678 13.4678 0
0.00554555 15.8488 15.8488 0
0.00556557 14.5711 14.5711 0
0.00558559 13.565 13.565 0
0.00560561 13.4521 13.4521 0
0.00562563 14.0353 14.0353 0
0.00564565 13.3256 13.3256 0
0.00566567 12.699 12.699 0
0.00568569 14.7291 14.7291 0
0.00570571 12.9139 12.9139 0
0.00572573 13.6121 13.6121 0
0.00574575 12.4298 12.4298 0
0.00576577 14.248 14.248 0
0.00578579 14.3676 14.3676 0
0.00580581 14.1636 14.1636 0
0.00582583 13.9315 13.9315 0
0.00584585 16.4726 16.4726 0
0.00586587 13.2287 13.2287 0
0.00588589 12.8263 12.8263 0
0.00590591 15.4739 15.4739 0
0.00592593 13.3318 13.3318 0
0.00594595 14.5174 14.5174 0
0.00596597 12.4029 12.4029 0
0.00598599 14.9783 14.9783 0
0.00600601 12.5957 12.5957 0
0.00602603 13.3407 13.3407 0
0.00604605 13.8929 13.8929 0
0.00606607 13.324 13.324 0
0.00608609 13.0189 13.0189 0
0.00610611 13.3005 13.3005 0
0.00612613 14.3831 14.3831 0
0.00614615 13.3707 13.3707 0
0.00616617 12.2591 12.2591 0
0.00618619 14.4791 14.4791 0
0.00620621 12.9617 12.9617 0
0.00622623 13.0161 13.0161 0
0.00624625 13.831 13.831 0
0.00626627 14.3116 14.3116 0
0.00628629 14.908 14.908 0
0.00630631 14.864 14.864 0
0.00632633 13.943 13.943 0
0.00634635 14.5496 14.5496 0
0.00636637 16.1658 16.1658 0
0.00638639 14.1038 14.1038 0
0.00640641 13.3156 13.3156 0
0.00642643 13.9565 13.9565 0
0.00644645 13.2575 13.2575 0
0.00646647 13.4216 13.4216 0
0.00648649 14.9069 14.9069 0
0.00650651 16.8646 16.8646 0
0.00652653 15.691 15.691 0
0.00654655 13.699 13.699 0
0.00656657 13.8532 13.8532 0
0.00658659 13.5138 13.5138 0
0.00660661 16.0064 16.0064 0
0.00662663 13.9801 13.9801 0
0.00664665 14.2502 14.2502 0
0.00666667 14.7358 14.7358 0
0.00668669 14.9985 14.9985 0
0.00670671 13.951 13.951 0
0.00672673 15.0453 15.0453 0
0.00674675 14.7651 14.7651 0
0.00676677 12.0015 12.0015 0
0.00678679 12.7551 12.7551 0
0.00680681 13.9861 13.9861 0
0.00682683 13.3618 13.3618 0
0.00684685 14.8538 14.8538 0
0.00686687 14.3874 14.3874 0
0.00688689 14.4016 14.4016 0
0.00690691 15.6767 15.6767 0
0.00692693 15.159 15.159 0
0.00694695 15.4945 15.4945 0
0.00696697 13.3919 13.3919 0
0.00698699 14.6383 14.6383 0
0.00700701 13.6465 13.6465 0
0.00702703 14.6403 14.6403 0
0.00704705 14.1474 14.1474 0
0.00706707 13.1323 13.1323 0
0.00708709 13.4662 13.4662 0
0.00710711 13.6027 13.6027 0
0.00712713 14.6691 14.6691 0
0.00714715 15.7407 15.7407 0
0.00716717 13.0649 13.0649 0
0.00718719 14.6563 14.6563 0
0.00720721 13.462 13.462 0
0.00722723 13.5729 13.5729 0
0.00724725 12.4808 12.4808 0
0.00726727 14.035 14.035 0
0.00728729 14.4478 14.4478 0
0.00730731 12.7076 12.7076 0
0.00732733 12.8025 12.8025 0
0.00734735 14.2458 14.2458 0
0.00736737 13.1322 13.1322 0
0.00738739 12.4447 12.4447 0
0.00740741 12.8629 12.8629 0
0.00742743 13.5726 13.5726 0
0.00744745 15.1918 15.1918 0
0.00746747 14.5352 14.5352 0
0.00748749 15.4686 15.4686 0
0.00750751 12.8344 12.8344 0
0.00752753 13.5253 13.5253 0
0.00754755 12.6665 12.6665 0
0.00756757 13.9859 13.9859 0
0.00758759 13.0774 13.0774 0
0.00760761 14.3425 14.3425 0
0.00762763 13.8674 13.8674 0
0.00764765 14.8246 14.8246 0
0.00766767 15.316 15.316 0
0.00768769 13.7091 13.7091 0
0.00770771 14.386 14.386 0
0.00772773 14.4908 14.4908 0
0.00774775 15.292 15.292 0
0.00776777 15.861 15.861 0
0.00778779 12.6929 12.6929 0
0.00780781 15.5405 15.5405 0
0.00782783 14.9404 14.9404 0
0.00784785 13.9933 13.9933 0
0.00786787 12.9597 12.9597 0
0.00788789 16.2 16.2 0
0.00790791 13.0849 13.0849 0
0.00792793 13.989 13.989 0
0.00794795 16.2492 16.2492 0
0.00796797 15.9023 15.9023 0
0.00798799 13.2152 13.2152 0
0.00800801 14.7165 14.7165 0
0.00802803 14.1016 14.1016 0
0.00804805 14.0398 14.0398 0
0.00806807 14.7186 14.7186 0
0.00808809 13.4545 13.4545 0
0.00810811 13.9598 13.9598 0
0.00812813 14.9378 14.9378 0
0.00814815 13.5212 13.5212 0
0.00816817 14.2253 14.2253 0
0.00818819 12.7358 12.7358 0
0.00820821 13.5374 13.5374 0
0.00822823 15.8811 15.8811 0
0.00824825 13.048 13.048 0
0.00826827 15.8823 15.8823 0
0.00828829 12.8659 12.8659 0
0.00830831 14.7276 14.7276 0
0.00832833 14.7952 14.7952 0
0.00834835 14.1199 14.1199 0
0.00836837 14.0729 14.0729 0
0.00838839 14.1622 14.1622 0
0.00840841 16.0361 16.0361 0
0.00842843 13.7222 13.7222 0
0.00844845 14.1193 14.1193 0
0.00846847 14.5176 14.5176 0
0.00848849 14.8503 14.8503 0
0.00850851 15.0609 15.0609 0
0.00852853 13.199 13.199 0
0.00854855 13.4423 13.4423 0
0.00856857 15.5516 15.5516 0
0.00858859 13.5899 13.5899 0
0.00860861 13.1459 13.1459 0
0.00862863 13.6613 13.6613 0
0.00864865 15.5007 15.5007 0
0.00866867 14.3981 14.3981 0
0.00868869 15.6813 15.6813 0
0.00870871 14.1927 14.1927 0
0.00872873 13.7117 13.7117 0
0.00874875 13.284 13.284 0
0.00876877 13.0494 13.0494 0
0.00878879 13.2888 13.2888 0
0.00880881 13.5507 13.5507 0
0.00882883 14.4614 14.4614 0
0.00884885 14.7682 14.7682 0
0.00886887 15.0054 15.0054 0
0.00888889 14.7017 14.7017 0
0.00890891 14.4141 14.4141 0
0.00892893 14.2126 14.2126 0
0.00894895 15.2134 15.2134 0
0.00896897 14.5538 14.5538 0
0.00898899 13.6255 13.6255 0
0.00900901 13.0523 13.0523 0
0.00902903 12.1199 12.1199 0
0.00904905 13.6188 13.6188 0
0.00906907 12.8359 12.8359 0
0.00908909 13.4403 13.4403 0
0.00910911 14.915 14.915 0
0.00912913 14.3614 14.3614 0
0.00914915 12.9718 12.9718 0
0.00916917 16.0624 16.0624 0
0.00918919 14.0575 14.0575 0
0.00920921 14.3611 14.3611 0
0.00922923 14.2023 14.2023 0
0.00924925 14.0598 14.0598 0
0.00926927 13.8273 13.8273 0
0.00928929 14.7743 14.7743 0
0.00930931 16.179 16.179 0
0.00932933 14.5753 14.5753 0
0.00934935 15.9728 15.9728 0
0.00936937 13.0732 13.0732 0
0.00938939 14.3088 14.3088 0
0.00940941 13.1068 13.1068 0
0.00942943 13.1005 13.1005 0
0.00944945 12.0122 12.0122 0
0.00946947 14.0633 14.0633 0
0.00948949 13.1885 13.1885 0
0.00950951 13.7863 13.7863 0
0.00952953 13.5896 13.5896 0
0.00954955 14.5587 14.5587 0
0.00956957 13.4306 13.4306 0
0.00958959 13.4847 13.4847 0
0.00960961 13.8319 13.8319 0
0.00962963 14.5876 14.5876 0
0.00964965 13.4041 13.4041 0
0.00966967 15.2483 15.2483 0
0.00968969 16.3366 16.3366 0
0.00970971 14.284 14.284 0
0.00972973 13.2409 13.2409 0
0.00974975 15.7262 15.7262 0
0.00976977 14.0756 14.0756 0
0.00978979 12.7857 12.7857 0
0.00980981 16.0623 16.0623 0
0.00982983 15.5395 15.5395 0
0.00984985 14.4168 14.4168 0
0.00986987 14.0062 14.0062 0
0.00988989 13.1853 13.1853 0
0.00990991 13.9579 13.9579 0
0.00992993 12.8913 12.8913 0
0.00994995 13.0698 13.0698 0
0.00996997 13.2499 13.2499 0
0.00998999 12.9505 12.9505 0
0.01001 13.637 13.637 0
0.01003 15.7481 15.7481 0
0.0100501 13.2116 13.2116 0
0.0100701 14.5234 14.5234 0
0.0100901 14.1243 14.1243 0
0.0101101 14.2299 14.2299 0
0.0101301 13.0655 13.0655 0
0.0101502 14.2465 14.2465 0
0.0101702 14.0154 14.0154 0
0.0101902 13.5587 13.5587 0
0.0102102 14.3246 14.3246 0
0.0102302 14.0246 14.0246 0
0.0102503 15.1466 15.1466 0
0.0102703 14.3303 14.3303 0
0.0102903 13.8655 13.8655 0
0.0103103 13.8044 13.8044 0
0.0103303 14.7046 14.7046 0
0.0103504 13.3667 13.3667 0
0.0103704 13.8537 13.8537 0
0.0103904 14.8958 14.8958 0
0.0104104 13.5928 13.5928 0
0.0104304 16.0047 16.0047 0
0.0104505 13.4149 13.4149 0
0.0104705 15.061 15.061 0
0.0104905 14.3628 14.3628 0
0.0105105 12.5726 12.5726 0
0.0105305 13.7169 13.7169 0
0.0105506 14.223 14.223 0
0.0105706 12.9771 12.9771 0
0.0105906 12.8246 12.8246 0
0.0106106 12.0833 12.0833 0
0.0106306 14.3412 14.3412 0
0.0106507 11.7192 11.7192 0
0.0106707 12.9331 12.9331 0
0.0106907 13.3593 13.3593 0
0.0107107 13.8598 13.8598 0
0.0107307 14.0999 14.0999 0
0.0107508 14.897 14.897 0
0.0107708 12.6855 12.6855 0
0.0107908 13.2179 13.2179 0
0.0108108 14.8947 14.8947 0
0.0108308 14.4632 14.4632 0
0.0108509 14.0247 14.0247 0
0.0108709 13.4594 13.4594 0
0.0108909 14.2716 14.2716 0
0.0109109 13.0721 13.0721 0
0.0109309 13.2274 13.2274 0
0.010951 14.5526 14.5526 0
0.010971 12.9705 12.9705 0
0.010991 14.5042 14.5042 0
0.011011 13.7489 13.7489 0
0.011031 13.3874 13.3874 0
0.0110511 14.0869 14.0869 0
0.0110711 12.2278 12.2278 0
0.0110911 13.488 13.488 0
0.0111111 13.915 13.915 0
0.0111311 15.2721 15.2721 0
0.0111512 14.4907 14.4907 0
0.0111712 13.2783 13.2783 0
0.0111912 14.611 14.611 0
0.0112112 13.745 13.745 0
0.0112312 13.7911 13.7911 0
0.0112513 12.9643 12.9643 0
0.0112713 13.3943 13.3943 0
0.0112913 15.9223 15.9223 0
0.0113113 13.9924 13.9924 0
0.0113313 13.4572 13.4572 0
0.0113514 12.5629 12.5629 0
0.0113714 13.1172 13.1172 0
0.0113914 13.7218 13.7218 0
0.0114114 14.7384 14.7384 0
0.0114314 14.5847 14.5847 0
0.0114515 13.9067 13.9067 0
0.0114715 14.8827 14.8827 0
0.0114915 15.9023 15.9023 0
0.0115115 16.0071 16.0071 0
0.0115315 13.8043 13.8043 0
0.0115516 13.4462 13.4462 0
0.0115716 15.3903 15.3903 0
0.0115916 14.1006 14.1006 0
0.0116116 14.4354 14.4354 0
0.0116316 14.3069 14.3069 0
0.0116517 14.9688 14.9688 0
0.0116717 13.6684 13.6684 0
0.0116917 14.1753 14.1753 0
0.0117117 13.4655 13.4655 0
0.0117317 14.0032 14.0032 0
0.0117518 15.0049 15.0049 0
0.0117718 12.9084 12.9084 0
0.0117918 12.7849 12.7849 0
0.0118118 12.5032 12.5032 0
0.0118318 12.8923 12.8923 0
0.0118519 12.9195 12.9195 0
0.0118719 14.5295 14.5295 0
0.0118919 14.3099 14.3099 0
0.0119119 11.8966 11.8966 0
0.0119319 14.5501 14.5501 0
0.011952 14.3644 14.3644 0
0.011972 13.6075 13.6075 0
0.011992 13.8422 13.8422 0
0.012012 14.6548 14.6548 0
0.012032 12.3901 12.3901 0
0.0120521 13.3833 13.3833 0
0.0120721 12.7127 12.7127 0
0.0120921 14.6666 14.6666 0
0.0121121 15.1418 15.1418 0
0.0121321 13.6525 13.6525 0
0.0121522 13.7858 13.7858 0
0.0121722 15.1828 15.1828 0
0.0121922 14.6186 14.6186 0
0.0122122 13.7979 13.7979 0
0.0122322 13.9119 13.9119 0
0.0122523 14.7279 14.7279 0
0.0122723 15.5524 15.5524 0
0.0122923 13.4738 13.4738 0
0.0123123 14.0982 14.0982 0
0.0123323 14.3566 14.3566 0
0.0123524 12.4154 12.4154 0
0.0123724 15.1849 15.1849 0
0.0123924 12.7389 12.7389 0
0.0124124 14.8166 14.8166 0
0.0124324 13.6784 13.6784 0
0.0124525 13.9106 13.9106 0
0.0124725 15.2295 15.2295 0
0.0124925 13.225 13.225 0
0.0125125 12.9914 12.9914 0
0.0125325 13.9133 13.9133 0
0.0125526 12.546 12.546 0
0.0125726 14.2225 14.2225 0
0.0125926 15.0181 15.0181 0
0.0126126 15.4438 15.4438 0
0.0126326 13.5314 13.5314 0
0.0126527 15.3609 15.3609 0
0.0126727 13.5718 13.5718 0
0.0126927 14.1854 14.1854 0
0.0127127 13.8693 13.8693 0
0.0127327 12.5813 12.5813 0
0.0127528 15.645 15.645 0
0.0127728 13.0895 13.0895 0
0.0127928 13.1915 13.1915 0
0.0128128 13.6382 13.6382 0
0.0128328 12.0854 12.0854 0
0.0128529 13.288 13.288 0
0.0128729 12.1797 12.1797 0
0.0128929 14.0769 14.0769 0
0.0129129 14.3845 14.3845 0
0.0129329 13.3873 13.3873 0
0.012953 12.786 12.786 0
0.012973 13.6731 13.6731 0
0.012993 16.2935 16.2935 0
0.013013 12.8528 12.8528 0
0.013033 12.8466 12.8466 0
0.0130531 12.4284 12.4284 0
0.0130731 14.8331 14.8331 0
0.0130931 13.9206 13.9206 0
0.0131131 13.9977 13.9977 0
0.0131331 13.2533 13.2533 0
0.0131532 13.5729 13.5729 0
0.0131732 13.713 13.713 0
0.0131932 12.9747 12.9747 0
0.0132132 13.5949 13.5949 0
0.0132332 13.3864 13.3864 0
0.0132533 13.6131 13.6131 0
0.0132733 14.3159 14.3159 0
0.0132933 14.3315 14.3315 0
0.0133133 12.3366 12.3366 0
0.0133333 13.1169 13.1169 0
0.0133534 13.6742 13.6742 0
0.0133734 13.6077 13.6077 0
0.0133934 13.0073 13.0073 0
0.0134134 14.8275 14.8275 0
0.0134334 13.615 13.615 0
0.0134535 14.1798 14.1798 0
0.0134735 13.368 13.368 0
0.0134935 13.6149 13.6149 0
0.0135135 12.6314 12.6314 0
0.0135335 14.5717 14.5717 0
0.0135536 13.6696 13.6696 0
0.0135736 14.1968 14.1968 0
0.0135936 14.5848 14.5848 0
0.0136136 13.3242 13.3242 0
0.0136336 16.0896 16.0896 0
0.0136537 14.0677 14.0677 0
0.0136737 13.1425 13.1425 0
0.0136937 12.6214 12.6214 0
0.0137137 12.4672 12.4672 0
0.0137337 13.685 13.685 0
0.0137538 12.9155 12.9155 0
0.0137738 14.41 14.41 0
0.0137938 13.5278 13.5278 0
0.0138138 14.1747 14.1747 0
0.0138338 12.7449 12.7449 0
0.0138539 12.0039 12.0039 0
0.0138739 15.3781 15.3781 0
0.0138939 13.21 13.21 0
0.0139139 14.4974 14.4974 0
0.0139339 14.1004 14.1004 0
0.013954 12.5609 12.5609 0
0.013974 11.8978 11.8978 0
0.013994 14.2985 14.2985 0
0.014014 13.2221 13.2221 0
0.014034 13.7876 13.7876 0
0.0140541 13.1099 13.1099 0
0.0140741 13.4467 13.4467 0
0.0140941 13.6677 13.6677 0
0.0141141 13.4208 13.4208 0
0.0141341 13.2269 13.2269 0
0.0141542 12.7408 12.7408 0
0.0141742 13.5118 13.5118 0
0.0141942 13.5286 13.5286 0
0.0142142 12.9895 12.9895 0
0.0142342 13.0281 13.0281 0
0.0142543 13.6655 13.6655 0
0.0142743 13.0137 13.0137 0
0.0142943 14.7055 14.7055 0
0.0143143 13.1095 13.1095 0
0.0143343 13.3821 13.3821 0
0.0143544 12.8441 12.8441 0
0.0143744 13.2005 13.2005 0
0.0143944 13.1817 13.1817 0
0.0144144 14.1228 14.1228 0
0.0144344 13.4413 13.4413 0
0.0144545 13.1933 13.1933 0
0.0144745 14.2565 14.2565 0
0.0144945 13.3367 13.3367 0
0.0145145 13.4542 13.4542 0
0.0145345 13.0207 13.0207 0
0.0145546 13.4684 13.4684 0
0.0145746 12.3653 12.3653 0
0.0145946 14.1658 14.1658 0
0.0146146 13.839 13.839 0
0.0146346 12.5985 12.5985 0
0.0146547 13.7698 13.7698 0
0.0146747 13.2852 13.2852 0
0.0146947 12.943 12.943 0
0.0147147 12.8983 12.8983 0
0.0147347 12.994 12.994 0
0.0147548 12.22 12.22 0
0.0147748 12.4941 12.4941 0
0.0147948 13.8404 13.8404 0
0.0148148 14.3991 14.3991 0
0.0148348 13.5302 13.5302 0
0.0148549 14.6043 14.6043 0
0.0148749 12.0782 12.0782 0
0.0148949 12.9111 12.9111 0
0.0149149 12.7028 12.7028 0
0.0149349 13.7196 13.7196 0
0.014955 12.2467 12.2467 0
0.014975 14.2669 14.2669 0
0.014995 13.1717 13.1717 0
0.015015 12.796 12.796 0
0.015035 13.0419 13.0419 0
0.0150551 15.8894 15.8894 0
0.0150751 12.0991 12.0991 0
0.0150951 13.457 13.457 0
0.0151151 12.3909 12.3909 0
0.0151351 12.8565 12.8565 0
0.0151552 13.4711 13.4711 0
0.0151752 12.7506 12.7506 0
0.0151952 12.4098 12.4098 0
0.0152152 12.9637 12.9637 0
0.0152352 13.1975 13.1975 0
0.0152553 12.8983 12.8983 0
0.0152753 13.3418 13.3418 0
0.0152953 13.1277 13.1277 0
0.0153153 13.8471 13.8471 0
0.0153353 12.3228 12.3228 0
0.0153554 11.9279 11.9279 0
0.0153754 14.9828 14.9828 0
0.0153954 13.6615 13.6615 0
0.0154154 13.9582 13.9582 0
0.0154354 12.909 12.909 0
0.0154555 12.3473 12.3473 0
0.0154755 13.4187 13.4187 0
0.0154955 11.8729 11.8729 0
0.0155155 13.2579 13.2579 0
0.0155355 14.7642 14.7642 0
0.0155556 11.6862 11.6862 0
0.0155756 13.2021 13.2021 0
0.0155956 14.7698 14.7698 0
0.0156156 14.0634 14.0634 0
0.0156356 12.7526 12.7526 0
0.0156557 14.4165 14.4165 0
0.0156757 13.8859 13.8859 0
0.0156957 12.739 12.739 0
0.0157157 13.913 13.913 0
0.0157357 13.0047 13.0047 0
0.0157558 11.7575 11.7575 0
0.0157758 14.9444 14.9444 0
0.0157958 12.9014 12.9014 0
0.0158158 13.4388 13.4388 0
0.0158358 12.7348 12.7348 0
0.0158559 14.3566 14.3566 0
0.0158759 12.7663 12.7663 0
0.0158959 14.2335 14.2335 0
0.0159159 12.229 12.229 0
0.0159359 13.8218 13.8218 0
0.015956 14.1576 14.1576 0
0.015976 11.9582 11.9582 0
0.015996 15.4287 15.4287 0
0.016016 12.2258 12.2258 0
0.016036 13.0884 13.0884 0
0.0160561 11.4077 11.4077 0
0.0160761 12.4095 12.4095 0
0.0160961 12.7695 12.7695 0
0.0161161 14.2359 14.2359 0
0.0161361 13.438 13.438 0
0.0161562 12.8698 12.8698 0
0.0161762 12.729 12.729 0
0.0161962 13.7352 13.7352 0
0.0162162 12.9121 12.9121 0
0.0162362 12.2011 12.2011 0
0.0162563 12.9398 12.9398 0
0.0162763 13.1902 13.1902 0
0.0162963 13.2868 13.2868 0
0.0163163 13.8052 13.8052 0
0.0163363 12.9906 12.9906 0
0.0163564 12.3078 12.3078 0
0.0163764 13.1065 13.1065 0
0.0163964 12.8564 12.8564 0
0.0164164 12.0245 12.0245 0
0.0164364 12.0599 12.0599 0
0.0164565 14.0397 14.0397 0
0.0164765 12.8059 12.8059 0
0.0164965 13.4912 13.4912 0
0.0165165 12.9163 12.9163 0
0.0165365 14.4138 14.4138 0
0.0165566 12.4366 12.4366 0
0.0165766 13.8265 13.8265 0
0.0165966 13.6358 13.6358 0
0.0166166 13.5088 13.5088 0
0.0166366 13.7695 13.7695 0
0.0166567 13.9344 13.9344 0
0.0166767 11.6247 11.6247 0
0.0166967 12.8887 12.8887 0
0.0167167 11.6788 11.6788 0
0.0167367 12.254 12.254 0
0.0167568 13.1821 13.1821 0
0.0167768 14.0665 14.0665 0
0.0167968 13.2848 13.2848 0
0.0168168 12.0731 12.0731 0
0.0168368 13.5262 13.5262 0
0.0168569 12.7167 12.7167 0
0.0168769 13.7807 13.7807 0
0.0168969 12.8905 12.8905 0
0.0169169 12.4345 12.4345 0
0.0169369 12.2903 12.2903 0
0.016957 11.9836 11.9836 0
0.016977 12.2962 12.2962 0
0.016997 11.9646 11.9646 0
0.017017 13.2116 13.2116 0
0.017037 11.7706 11.7706 0
0.0170571 12.3416 12.3416 0
0.0170771 11.9292 11.9292 0
0.0170971 13.4903 13.4903 0
0.0171171 11.6048 11.6048 0
0.0171371 12.1002 12.1002 0
0.0171572 11.7325 11.7325 0
0.0171772 12.5347 12.5347 0
0.0171972 11.5618 11.5618 0
0.0172172 13.2434 13.2434 0
0.0172372 11.9183 11.9183 0
0.0172573 14.3675 14.3675 0
0.0172773 12.965 12.965 0
0.0172973 13.1206 13.1206 0
0.0173173 12.2082 12.2082 0
0.0173373 11.4512 11.4512 0
0.0173574 13.6323 13.6323 0
0.0173774 13.0581 13.0581 0
0.0173974 12.363 12.363 0
0.0174174 11.7341 11.7341 0
0.0174374 12.1437 12.1437 0
0.0174575 12.1919 12.1919 0
0.0174775 12.1882 12.1882 0
0.0174975 13.655 13.655 0
0.0175175 12.9484 12.9484 0
0.0175375 12.4703 12.4703 0
0.0175576 11.9034 11.9034 0
0.0175776 12.6879 12.6879 0
0.0175976 11.717 11.717 0
0.0176176 12.3644 12.3644 0
0.0176376 12.8387 12.8387 0
0.0176577 13.2534 13.2534 0
0.0176777 12.3846 12.3846 0
0.0176977 12.6937 12.6937 0
0.0177177 13.7022 13.7022 0
0.0177377 12.9959 12.9959 0
0.0177578 13.5911 13.5911 0
0.0177778 12.1924 12.1924 0
0.0177978 12.3397 12.3397 0
0.0178178 12.1226 12.1226 0
0.0178378 13.0897 13.0897 0
0.0178579 13.1483 13.1483 0
0.0178779 12.4438 12.4438 0
0.0178979 11.9537 11.9537 0
0.0179179 12.0555 12.0555 0
0.0179379 12.6846 12.6846 0
0.017958 13.1503 13.1503 0
0.017978 12.6899 12.6899 0
0.017998 13.4229 13.4229 0
0.018018 13.6837 13.6837 0
0.018038 13.5419 13.5419 0
0.0180581 11.4275 11.4275 0
0.0180781 12.2603 12.2603 0
0.0180981 12.9276 12.9276 0
0.0181181 13.0413 13.0413 0
0.0181381 12.294 12.294 0
0.0181582 14.644 14.644 0
0.0181782 12.5444 12.5444 0
0.0181982 12.3307 12.3307 0
0.0182182 13.0201 13.0201 0
0.0182382 12.82 12.82 0
0.0182583 11.3586 11.3586 0
0.0182783 12.3096 12.3096 0
0.0182983 14.3415 14.3415 0
0.0183183 11.9977 11.9977 0
0.0183383 11.1808 11.1808 0
0.0183584 11.7241 11.7241 0
0.0183784 12.4678 12.4678 0
0.0183984 12.8839 12.8839 0
0.0184184 11.8891 11.8891 0
0.0184384 13.5075 13.5075 0
0.0184585 12.5269 12.5269 0
0.0184785 12.62 12.62 0
0.0184985 12.3295 12.3295 0
0.0185185 12.6099 12.6099 0
0.0185385 13.7218 13.7218 0
0.0185586 12.9251 12.9251 0
0.0185786 11.94 11.94 0
0.0185986 12.2846 12.2846 0
0.0186186 13.1189 13.1189 0
0.0186386 13.1086 13.1086 0
0.0186587 13.351 13.351 0
0.0186787 11.4594 11.4594 0
0.0186987 12.9171 12.9171 0
0.0187187 13.9785 13.9785 0
0.0187387 13.5053 13.5053 0
0.0187588 11.8318 11.8318 0
0.0187788 11.4296 11.4296 0
0.0187988 12.4555 12.4555 0
0.0188188 13.0711 13.0711 0
0.0188388 12.0683 12.0683 0
0.0188589 12.9244 12.9244 0
0.0188789 13.4951 13.4951 0
0.0188989 12.3215 12.3215 0
0.0189189 13.3701 13.3701 0
0.0189389 13.012 13.012 0
0.018959 13.5464 13.5464 0
0.018979 13.0238 13.0238 0
0.018999 12.6616 12.6616 0
0.019019 11.8401 11.8401 0
0.019039 11.6713 11.6713 0
0.0190591 12.5716 12.5716 0
0.0190791 13.3565 13.3565 0
0.0190991 11.1353 11.1353 0
0.0191191 12.8054 12.8054 0
0.0191391 11.8971 11.8971 0
0.0191592 11.3112 11.3112 0
0.0191792 14.0788 14.0788 0
0.0191992 12.0876 12.0876 0
0.0192192 12.4288 12.4288 0
0.0192392 12.7985 12.7985 0
0.0192593 13.8879 13.8879 0
0.0192793 12.0418 12.0418 0
0.0192993 11.9386 11.9386 0
0.0193193 13.1871 13.1871 0
0.0193393 12.0188 12.0188 0
0.0193594 11.5711 11.5711 0
0.0193794 13.0036 13.0036 0
0.0193994 12.6395 12.6395 0
0.0194194 11.857 11.857 0
0.0194394 12.3725 12.3725 0
0.0194595 12.56 12.56 0
0.0194795 12.5662 12.5662 0
0.0194995 12.0938 12.0938 0
0.0195195 13.1497 13.1497 0
0.0195395 13.0722 13.0722 0
0.0195596 12.7694 12.7694 0
0.0195796 12.3941 12.3941 0
0.0195996 13.2786 13.2786 0
0.0196196 12.4787 12.4787 0
0.0196396 11.4287 11.4287 0
0.0196597 13.5383 13.5383 0
0.0196797 12.7479 12.7479 0
0.0196997 13.3449 13.3449 0
0.0197197 12.898 12.898 0
0.0197397 12.3735 12.3735 0
0.0197598 13.011 13.011 0
0.0197798 11.9561 11.9561 0
0.0197998 13.7983 13.7983 0
0.0198198 12.7656 12.7656 0
0.0198398 12.7634 12.7634 0
0.0198599 13.5312 13.5312 0
0.0198799 12.2875 12.2875 0
0.0198999 13.0003 13.0003 0
0.0199199 13.2369 13.2369 0
0.0199399 11.8747 11.8747 0
0.01996 13.4792 13.4792 0
0.01998 13.0583 13.0583 0
0.02 13.4637 13.4637 0
