-4.67 15.3505 1.48477e-08 1.48477e-08 2.87388e-39
-4.57 15.4691 3.17978e-12 3.17978e-12 2.36888e-23
-4.47 15.5878 4.25627e-07 4.25627e-07 1.43865e-37
-4.32 15.5055 1.87696e-09 1.87696e-09 7.10461e-38
-4.17 15.4233 4.39991e-11 4.39991e-11 1.81761e-39
-4.07 15.4416 1.17422e-12 1.17422e-12 4.03133e-38
-3.97 15.46 8.7173e-12 8.7173e-12 5.27409e-38
-3.82 16.0085 1.93228e-11 1.93228e-11 9.70116e-37
-3.67 16.557 1.48327e-10 1.48327e-10 6.74082e-35
-3.57 17.0309 3.16026e-09 3.16026e-09 8.31612e-36
-3.47 17.5048 4.202e-12 4.202e-12 1.85397e-34
-3.32 18.1422 2.8718e-09 2.8718e-09 4.97436e-35
-3.17 18.7797 1.48396e-10 1.48396e-10 1.01831e-34
-3.07 18.7959 1.35027e-09 1.35027e-09 5.65718e-34
-2.97 18.812 7.31037e-11 7.31037e-11 8.27671e-34
-2.825 18.7709 1.52337e-10 1.52337e-10 1.60043e-33
-2.68 18.7298 3.3559e-09 3.3559e-09 3.10564e-34
-2.5775 18.7828 1.17578e-10 1.17578e-10 9.94785e-34
-2.475 18.8359 9.83493e-09 9.83493e-09 2.10319e-34
-2.325 18.8446 7.87409e-11 7.87409e-11 1.29055e-32
-2.175 18.8533 8.6449e-11 8.6449e-11 5.73315e-35
-2.0775 18.9115 3.15947e-10 3.15947e-10 9.3483e-34
-1.98 18.9696 1.89062e-07 1.89062e-07 5.16704e-35
-1.8375 19.3872 4.19775e-07 4.19775e-07 3.17594e-35
-1.695 19.8048 2.79284e-09 2.79284e-09 1.13934e-31
-1.595 19.8295 2.45896e-11 2.45896e-11 6.91325e-32
-1.495 19.8541 1.41351e-12 1.41351e-12 4.12071e-33
-1.3525 20.0923 1.62893e-10 1.62893e-10 1.31219e-32
-1.21 20.3305 1.08451e-08 1.08451e-08 4.59742e-32
-1.115 20.3321 4.29677e-11 4.29677e-11 5.10747e-34
-1.02 20.3338 6.71987e-11 6.71987e-11 4.79676e-33
-0.8825 20.3674 4.21494e-12 4.21494e-12 3.51561e-33
-0.745 20.4011 1.0889e-09 1.0889e-09 1.51117e-33
-0.655 20.297 4.60412e-07 4.60412e-07 2.77255e-31
-0.565 20.1929 4.81259e-12 4.81259e-12 1.392e-33
-0.4325 20.1963 2.15335e-08 2.15335e-08 7.42848e-33
-0.3 20.1997 6.23815e-11 6.23815e-11 3.69255e-33
-0.2 20.2024 1.04776e-09 1.04776e-09 6.18025e-32
-0.1 20.2052 1.31351e-10 1.31351e-10 9.33737e-33
0 20.2052 2.76774e-11 2.76774e-11 2.23263e-32
0.1 20.2052 3.65298e-10 3.65298e-10 6.81292e-33
0.2 20.2024 9.74754e-10 9.74754e-10 1.67066e-32
0.3 20.1997 8.45505e-11 8.45505e-11 3.09948e-31
0.4325 20.1963 5.29976e-11 5.29976e-11 6.19527e-33
0.565 20.1929 3.15392e-11 3.15392e-11 1.06958e-33
0.655 20.297 7.04177e-12 7.04177e-12 3.47252e-33
0.745 20.4011 3.85513e-09 3.85513e-09 4.00457e-32
0.8825 20.3674 4.09816e-11 4.09816e-11 5.61829e-34
1.02 20.3338 7.36129e-08 7.36129e-08 8.77136e-32
1.115 20.3321 5.98947e-13 5.98947e-13 4.67358e-32
1.21 20.3305 2.19884e-09 2.19884e-09 1.76092e-33
1.3525 20.0923 4.76532e-11 4.76532e-11 3.06313e-32
1.495 19.8541 1.65451e-05 1.65451e-05 3.20781e-34
1.595 19.8295 9.35327e-11 9.35327e-11 1.33421e-33
1.695 19.8048 1.35046e-09 1.35046e-09 3.82347e-32
1.8375 19.3872 8.74707e-13 8.74707e-13 1.85079e-34
1.98 18.9696 9.33304e-09 9.33304e-09 1.21855e-34
2.0775 18.9115 6.12532e-08 6.12532e-08 4.54836e-33
2.175 18.8533 5.47943e-10 5.47943e-10 1.66992e-33
2.325 18.8446 6.62913e-10 6.62913e-10 3.70516e-34
2.475 18.8359 1.53122e-10 1.53122e-10 8.62798e-36
2.5775 18.7828 8.13143e-13 8.13143e-13 3.17622e-34
2.68 18.7298 1.79431e-13 1.79431e-13 3.62939e-34
2.825 18.7709 4.91216e-11 4.91216e-11 1.07535e-32
2.97 18.812 1.52479e-12 1.52479e-12 5.65787e-34
3.07 18.7959 2.55985e-10 2.55985e-10 8.33642e-33
3.17 18.7797 1.18157e-07 1.18157e-07 5.27479e-34
3.32 18.1422 1.16502e-11 1.16502e-11 4.47434e-35
3.47 17.5048 1.11913e-10 1.11913e-10 1.43458e-35
3.57 17.0309 1.10693e-07 1.10693e-07 5.98803e-36
3.67 16.557 2.02062e-08 2.02062e-08 1.27678e-36
3.82 16.0085 4.03595e-09 4.03595e-09 4.63028e-38
3.97 15.46 1.44705e-13 1.44705e-13 4.15111e-37
4.07 15.4416 2.63426e-08 2.63426e-08 8.775e-39
4.17 15.4233 1.72362e-10 1.72362e-10 1.94768e-37
4.32 15.5055 2.87081e-10 2.87081e-10 2.07205e-36
4.47 15.5878 3.39587e-08 3.39587e-08 1.49501e-36
4.57 15.4691 2.94735e-08 2.94735e-08 1.05301e-35
4.67 15.3505 1.38586e-10 1.38586e-10 1.6823e-39
