-4.67 784.47 0.0632718 0.0631451 0.000126744
-4.57 795.62 0.186827 0.186683 0.000144549
-4.47 806.769 0.117457 0.117286 0.000170954
-4.32 816.932 0.300571 0.300425 0.000145358
-4.17 827.094 0.143019 0.142861 0.000158363
-4.07 842.397 0.154218 0.153957 0.00026122
-3.97 857.7 0.106371 0.106141 0.000229236
-3.82 897.626 0.149666 0.149379 0.000286955
-3.67 937.552 0.130287 0.12975 0.000536656
-3.57 968.841 0.191489 0.190874 0.00061422
-3.47 1000.13 0.382537 0.381327 0.00121073
-3.32 1021.28 0.114168 0.113489 0.00067916
-3.17 1042.42 0.133359 0.132616 0.000742993
-3.07 1054.89 0.128148 0.126614 0.00153362
-2.97 1067.36 0.119309 0.117754 0.0015558
-2.825 1077.45 0.388322 0.386962 0.00135953
-2.68 1087.54 0.118984 0.117883 0.00110138
-2.5775 1104.82 0.366228 0.364613 0.00161484
-2.475 1122.1 0.284142 0.282007 0.0021345
-2.325 1136.78 0.270683 0.268614 0.00206956
-2.175 1151.47 0.202901 0.199429 0.00347232
-2.0775 1176.44 0.220624 0.218356 0.00226804
-1.98 1201.41 0.234461 0.231749 0.00271214
-1.8375 1234.56 0.216915 0.212619 0.00429591
-1.695 1267.71 0.375527 0.371444 0.00408219
-1.595 1285.09 0.402118 0.39843 0.00368703
-1.495 1302.47 0.475487 0.470832 0.00465449
-1.3525 1316.21 0.392778 0.388566 0.00421183
-1.21 1329.95 0.371927 0.366146 0.00578174
-1.115 1335.78 0.69376 0.688433 0.00532657
-1.02 1341.6 0.57166 0.566229 0.00543066
-0.8825 1348.44 0.40361 0.3971 0.00650976
-0.745 1355.29 0.273727 0.269259 0.00446729
-0.655 1356.35 0.359314 0.353506 0.00580832
-0.565 1357.41 0.409256 0.40275 0.00650562
-0.4325 1362.16 0.625156 0.620369 0.00478682
-0.3 1366.92 0.530173 0.522713 0.00746004
-0.2 1369.16 0.491277 0.485548 0.00572827
-0.1 1371.4 0.527087 0.521244 0.00584286
0 1371.4 0.497306 0.490449 0.00685685
0.1 1371.4 0.622805 0.618108 0.00469763
0.2 1369.16 0.718892 0.71288 0.00601176
0.3 1366.92 0.422881 0.416838 0.00604319
0.4325 1362.16 0.333748 0.328265 0.00548247
0.565 1357.41 0.397404 0.391604 0.00580014
0.655 1356.35 0.882119 0.875329 0.00679023
0.745 1355.29 0.360747 0.354971 0.0057754
0.8825 1348.44 0.568496 0.564104 0.00439168
1.02 1341.6 0.283845 0.276534 0.00731087
1.115 1335.78 0.374771 0.369478 0.00529335
1.21 1329.95 0.362409 0.357246 0.00516327
1.3525 1316.21 0.316425 0.311989 0.00443644
1.495 1302.47 0.758602 0.753199 0.00540308
1.595 1285.09 0.222569 0.216869 0.00569994
1.695 1267.71 0.344852 0.34169 0.00316198
1.8375 1234.56 0.211791 0.208615 0.00317659
1.98 1201.41 0.280526 0.278492 0.00203436
2.0775 1176.44 0.361862 0.360091 0.00177099
2.175 1151.47 0.27724 0.275638 0.00160279
2.325 1136.78 0.230881 0.229658 0.00122247
2.475 1122.1 0.281965 0.280686 0.00127991
2.5775 1104.82 0.203931 0.202848 0.00108322
2.68 1087.54 0.18055 0.179023 0.00152732
2.825 1077.45 0.286743 0.285062 0.00168044
2.97 1067.36 0.172156 0.171317 0.000838492
3.07 1054.89 0.242128 0.241 0.00112838
3.17 1042.42 0.232529 0.230878 0.00165129
3.32 1021.28 0.104083 0.103447 0.000635868
3.47 1000.13 0.208135 0.207176 0.000959578
3.57 968.841 0.205247 0.204379 0.000867693
3.67 937.552 0.113339 0.112635 0.000704347
3.82 897.626 0.177244 0.176669 0.000574972
3.97 857.7 0.0884766 0.088167 0.000309674
4.07 842.397 0.0873354 0.0871449 0.00019048
4.17 827.094 0.164268 0.16409 0.000177949
4.32 816.932 0.0496737 0.0494682 0.000205474
4.47 806.769 0.11915 0.118944 0.000206213
4.57 795.62 0.110138 0.10996 0.000177635
4.67 784.47 0.199053 0.198935 0.000117826
