-4.67 228.662 0.00354356 0.00354356 7.10779e-10
-4.57 231.139 0.0165338 0.0165338 1.73162e-09
-4.47 233.617 0.00453184 0.00453184 9.30085e-10
-4.32 235.649 0.000907597 0.000907596 1.09363e-09
-4.17 237.68 0.000833068 0.000833067 1.8935e-09
-4.07 241.19 0.000636016 0.000636015 9.45126e-10
-3.97 244.7 0.000782121 0.000782118 3.33301e-09
-3.82 255.304 0.00144755 0.00144754 9.78816e-09
-3.67 265.909 0.00314869 0.00314868 4.99947e-09
-3.57 274.988 0.000913055 0.000913039 1.67904e-08
-3.47 284.068 0.00122529 0.00122527 1.13553e-08
-3.32 293.678 0.00469505 0.00469503 2.21339e-08
-3.17 303.287 0.0042661 0.00426607 2.83361e-08
-3.07 305.711 0.0058468 0.00584674 5.91377e-08
-2.97 308.135 0.0066717 0.00667165 4.57842e-08
-2.825 310.2 0.0013522 0.00135213 7.07613e-08
-2.68 312.264 0.00311938 0.00311934 3.52995e-08
-2.5775 316.238 0.00498453 0.00498449 4.07292e-08
-2.475 320.211 0.00751604 0.00751597 7.43539e-08
-2.325 323.451 0.0212079 0.0212079 5.10303e-08
-2.175 326.69 0.0120636 0.0120634 1.78387e-07
-2.0775 330.399 0.00219602 0.00219589 1.30863e-07
-1.98 334.109 0.00468475 0.00468451 2.38211e-07
-1.8375 339.882 0.0119179 0.0119177 1.84981e-07
-1.695 345.656 0.00490658 0.00490643 1.44549e-07
-1.595 349.539 0.00740388 0.00740367 2.17194e-07
-1.495 353.423 0.00613321 0.00613308 1.28812e-07
-1.3525 356.827 0.00929001 0.00928978 2.2755e-07
-1.21 360.231 0.00372524 0.00372503 2.0958e-07
-1.115 361.774 0.0124948 0.0124946 1.70081e-07
-1.02 363.318 0.0289432 0.0289428 3.33108e-07
-0.8825 364.993 0.0390333 0.0390331 2.5623e-07
-0.745 366.668 0.00484842 0.00484818 2.40843e-07
-0.655 366.361 0.00191437 0.001914 3.66443e-07
-0.565 366.053 0.00902937 0.009029 3.70271e-07
-0.4325 367.062 0.0163411 0.0163408 2.78382e-07
-0.3 368.071 0.00521071 0.00521042 2.88713e-07
-0.2 368.379 0.00286518 0.00286485 3.35777e-07
-0.1 368.687 0.00472626 0.0047261 1.6567e-07
0 368.687 0.00701061 0.00701044 1.63074e-07
0.1 368.687 0.00201196 0.00201162 3.33972e-07
0.2 368.379 0.00955104 0.0095506 4.48718e-07
0.3 368.071 0.0103666 0.0103664 2.14989e-07
0.4325 367.062 0.00354221 0.0035418 4.09524e-07
0.565 366.053 0.00237322 0.00237285 3.75172e-07
0.655 366.361 0.0180869 0.0180866 2.59765e-07
0.745 366.668 0.00716764 0.0071672 4.36504e-07
0.8825 364.993 0.00765754 0.00765713 4.06745e-07
1.02 363.318 0.00245515 0.00245491 2.38755e-07
1.115 361.774 0.00994011 0.00993985 2.56887e-07
1.21 360.231 0.00293554 0.0029351 4.34839e-07
1.3525 356.827 0.0135835 0.0135833 2.57997e-07
1.495 353.423 0.00050118 0.000501078 1.02615e-07
1.595 349.539 0.00270653 0.00270629 2.39648e-07
1.695 345.656 0.0246798 0.0246797 1.1479e-07
1.8375 339.882 0.0160427 0.0160426 1.14696e-07
1.98 334.109 0.00160418 0.00160403 1.4783e-07
2.0775 330.399 0.00652241 0.00652225 1.57646e-07
2.175 326.69 0.0159565 0.0159564 7.89007e-08
2.325 323.451 0.0150332 0.0150331 1.35156e-07
2.475 320.211 0.00320285 0.00320277 8.67579e-08
2.5775 316.238 0.0660633 0.0660633 6.09278e-08
2.68 312.264 0.00652437 0.00652428 8.78512e-08
2.825 310.2 0.00300497 0.00300493 3.68814e-08
2.97 308.135 0.00455064 0.00455058 6.08413e-08
3.07 305.711 0.0758135 0.0758135 4.21637e-08
3.17 303.287 0.0092707 0.00927067 3.51594e-08
3.32 293.678 0.0054718 0.00547174 6.50882e-08
3.47 284.068 0.00960285 0.00960283 1.58199e-08
3.57 274.988 0.00113734 0.00113733 9.5899e-09
3.67 265.909 0.00324826 0.00324826 4.16239e-09
3.82 255.304 0.00137393 0.00137393 3.79908e-09
3.97 244.7 0.00252458 0.00252458 4.77586e-09
4.07 241.19 0.00336877 0.00336877 2.95344e-09
4.17 237.68 0.00510157 0.00510156 5.21742e-09
4.32 235.649 0.00346844 0.00346843 4.40458e-09
4.47 233.617 0.000333714 0.000333708 5.66044e-09
4.57 231.139 0.00266015 0.00266015 1.81369e-09
4.67 228.662 0.00203034 0.00203034 7.95609e-10
