-4.67 0.0831273
-4.57 0.0886364
-4.47 0.0691609
-4.32 0.0866085
-4.17 0.0961561
-4.07 0.10655
-3.97 0.0882166
-3.82 0.104653
-3.67 0.103342
-3.57 0.137947
-3.47 0.182475
-3.32 0.158554
-3.17 0.137771
-3.07 0.139311
-2.97 0.161273
-2.825 0.185473
-2.68 0.162847
-2.5775 0.183625
-2.475 0.221357
-2.325 0.209725
-2.175 0.192613
-2.0775 0.239516
-1.98 0.255814
-1.8375 0.234473
-1.695 0.261487
-1.595 0.298799
-1.495 0.258771
-1.3525 0.391806
-1.21 0.313509
-1.115 0.367852
-1.02 0.350652
-0.8825 0.346262
-0.745 0.326111
-0.655 0.348907
-0.565 0.366846
-0.4325 0.356772
-0.3 0.433571
-0.2 0.345512
-0.1 0.344657
0 0.319566
0.1 0.362836
0.2 0.402978
0.3 0.362191
0.4325 0.312705
0.565 0.315281
0.655 0.346205
0.745 0.308825
0.8825 0.377976
1.02 0.308905
1.115 0.348089
1.21 0.323104
1.3525 0.334364
1.495 0.295348
1.595 0.265806
1.695 0.266324
1.8375 0.288305
1.98 0.240436
2.0775 0.215282
2.175 0.194866
2.325 0.189295
2.475 0.205286
2.5775 0.185487
2.68 0.180695
2.825 0.152408
2.97 0.155614
3.07 0.163688
3.17 0.171451
3.32 0.13281
3.47 0.182185
3.57 0.149508
3.67 0.105161
3.82 0.131402
3.97 0.093122
4.07 0.0868809
4.17 0.0855969
4.32 0.0887521
4.47 0.111036
4.57 0.0740724
4.67 0.0818498
