-4.67 135.563 3.23825e-05 3.23825e-05 1.6024e-12
-4.57 137.077 0.000377679 0.000377679 6.51198e-13
-4.47 138.592 0.000131507 0.000131507 3.02699e-12
-4.32 139.234 3.51923e-05 3.51923e-05 5.94926e-13
-4.17 139.876 7.92803e-05 7.92803e-05 8.74621e-13
-4.07 141.838 0.000112816 0.000112816 5.60559e-12
-3.97 143.8 0.000119799 0.000119799 3.34475e-12
-3.82 149.953 4.04661e-05 4.04661e-05 7.54109e-12
-3.67 156.106 6.07685e-05 6.07685e-05 4.71406e-12
-3.57 161.584 0.00161076 0.00161076 2.45783e-11
-3.47 167.063 2.72131e-05 2.7213e-05 7.13869e-11
-3.32 172.911 0.000836254 0.000836254 6.60293e-11
-3.17 178.758 0.00631932 0.00631932 8.0417e-11
-3.07 179.868 0.0011984 0.0011984 2.87396e-11
-2.97 180.978 0.000101606 0.000101606 4.07083e-11
-2.825 181.973 0.00278733 0.00278733 2.67146e-10
-2.68 182.968 0.000223253 0.000223253 5.72737e-11
-2.5775 185.16 0.000126642 0.000126641 1.45249e-10
-2.475 187.352 0.000776627 0.000776627 6.62044e-11
-2.325 189.058 0.000355698 0.000355698 8.64465e-11
-2.175 190.763 0.000424118 0.000424118 8.2423e-11
-2.0775 192.167 0.000464263 0.000464263 1.70148e-10
-1.98 193.571 0.000385012 0.000385012 2.66026e-10
-1.8375 196.583 0.000157742 0.000157742 2.45256e-10
-1.695 199.595 0.000815078 0.000815078 2.35e-10
-1.595 201.875 0.00025354 0.00025354 2.18348e-10
-1.495 204.154 0.00116541 0.00116541 1.2355e-10
-1.3525 206.112 0.000301126 0.000301125 7.58412e-10
-1.21 208.07 0.00267921 0.00267921 1.23487e-09
-1.115 208.824 0.00405346 0.00405346 6.7809e-10
-1.02 209.578 0.00119974 0.00119974 1.17888e-09
-0.8825 210.323 0.000463881 0.000463881 4.20634e-10
-0.745 211.068 5.87029e-05 5.87026e-05 2.28603e-10
-0.655 210.706 0.00842536 0.00842536 4.5837e-10
-0.565 210.343 0.000143434 0.000143433 9.22424e-10
-0.4325 210.933 0.00103877 0.00103877 6.57923e-10
-0.3 211.523 0.000979128 0.000979128 5.47579e-10
-0.2 211.723 0.000623583 0.000623583 2.60076e-10
-0.1 211.923 0.000913863 0.000913863 3.82449e-10
0 211.923 0.00059882 0.000598819 1.2392e-09
0.1 211.923 0.000495003 0.000495003 1.97373e-10
0.2 211.723 0.00410918 0.00410918 7.74836e-10
0.3 211.523 0.00113802 0.00113802 6.57979e-10
0.4325 210.933 0.00283665 0.00283665 1.83851e-10
0.565 210.343 0.000893204 0.000893203 2.23078e-10
0.655 210.706 0.00282052 0.00282052 1.1838e-09
0.745 211.068 4.0676e-05 4.06755e-05 4.90222e-10
0.8825 210.323 0.00185955 0.00185954 1.49399e-09
1.02 209.578 0.00112694 0.00112694 4.76562e-10
1.115 208.824 0.00215181 0.00215181 2.69142e-10
1.21 208.07 0.00652292 0.00652292 2.34226e-10
1.3525 206.112 0.000582074 0.000582074 3.59802e-10
1.495 204.154 0.00436012 0.00436012 2.63008e-10
1.595 201.875 0.000130932 0.000130932 1.35333e-10
1.695 199.595 0.00922387 0.00922387 3.5727e-10
1.8375 196.583 0.00220774 0.00220774 5.6427e-11
1.98 193.571 0.000962801 0.000962801 1.81092e-10
2.0775 192.167 0.00136866 0.00136866 3.15543e-10
2.175 190.763 0.000639325 0.000639325 8.50239e-11
2.325 189.058 0.000281544 0.000281544 2.64688e-10
2.475 187.352 7.28912e-05 7.28911e-05 6.12826e-11
2.5775 185.16 0.000593709 0.000593709 1.35803e-10
2.68 182.968 0.000406571 0.00040657 6.86527e-11
2.825 181.973 0.00114419 0.00114419 4.68906e-11
2.97 180.978 0.000330582 0.000330582 2.16191e-10
3.07 179.868 0.000123226 0.000123226 9.91899e-11
3.17 178.758 0.000335345 0.000335345 1.62812e-10
3.32 172.911 0.00023608 0.000236079 5.14726e-11
3.47 167.063 0.000279362 0.000279362 8.66877e-12
3.57 161.584 0.00189608 0.00189608 6.80854e-12
3.67 156.106 0.000552863 0.000552863 4.38302e-12
3.82 149.953 2.70896e-05 2.70896e-05 8.33074e-12
3.97 143.8 0.000184111 0.000184111 1.32152e-12
4.07 141.838 0.000121578 0.000121578 2.19752e-12
4.17 139.876 3.24449e-05 3.24348e-05 1.01036e-08
4.32 139.234 0.000494459 0.000494459 2.89361e-12
4.47 138.592 0.000805454 0.000805454 1.77681e-12
4.57 137.077 2.64891e-05 2.64891e-05 8.64402e-13
4.67 135.563 0.000231948 0.000231948 1.456e-12
