-4.67 228.662 0.0928813 0.00129315 0.0915882
-4.57 231.139 0.000514348 0.000514348 5.91678e-14
-4.47 233.617 0.00137371 0.00137371 9.46565e-14
-4.32 235.649 0.000337215 0.000337215 7.5317e-14
-4.17 237.68 0.00132047 0.00132047 1.05823e-13
-4.07 241.19 0.000412305 0.000412031 2.74008e-07
-3.97 244.7 0.00101919 0.00101919 1.98531e-13
-3.82 255.304 0.00229156 0.00229156 3.68404e-13
-3.67 265.909 0.000975674 0.000975674 9.66068e-13
-3.57 274.988 0.00173653 0.00173653 1.17399e-12
-3.47 284.068 0.000829619 0.000829619 2.72154e-12
-3.32 293.678 0.00107937 0.00107937 2.28925e-12
-3.17 303.287 0.00146003 0.00146003 5.30567e-12
-3.07 305.711 0.00170601 0.00170601 7.11365e-12
-2.97 308.135 0.00171426 0.00171426 6.46946e-12
-2.825 310.2 0.0023478 0.0023478 7.13733e-12
-2.68 312.264 0.00273292 0.00273292 9.49452e-12
-2.5775 316.238 0.00182624 0.00182624 1.19378e-11
-2.475 320.211 0.00381952 0.00381952 1.31939e-11
-2.325 323.451 0.00216058 0.00216058 1.66981e-11
-2.175 326.69 0.00210731 0.00210731 1.40386e-11
-2.0775 330.399 0.00216591 0.00216591 2.32167e-11
-1.98 334.109 0.00542591 0.00542591 2.42171e-11
-1.8375 339.882 0.00282922 0.00282922 3.9354e-11
-1.695 345.656 0.0041475 0.0041475 4.39047e-11
-1.595 349.539 0.00374457 0.00374457 4.71711e-11
-1.495 353.423 0.00326926 0.00326926 4.98766e-11
-1.3525 356.827 0.00518124 0.00518124 8.02003e-11
-1.21 360.231 0.00343388 0.00343388 6.54068e-11
-1.115 361.774 0.00180372 0.00180372 8.56339e-11
-1.02 363.318 0.00675254 0.00675254 8.389e-11
-0.8825 364.993 0.00186509 0.00186509 1.01989e-10
-0.745 366.668 0.00412476 0.00412476 8.90044e-11
-0.655 366.361 0.00300895 0.00300895 7.71719e-11
-0.565 366.053 0.00512085 0.00512085 8.81364e-11
-0.4325 367.062 0.00813407 0.00813407 8.86763e-11
-0.3 368.071 0.0106924 0.0106924 1.12932e-10
-0.2 368.379 0.00158674 0.00158674 8.79528e-11
-0.1 368.687 0.00413046 0.00413046 7.90218e-11
0 368.687 0.00244553 0.00244553 7.50934e-11
