-4.67 15.3505 5.25781e-10 5.25781e-10 4.47301e-55
-4.57 15.4691 9.35e-09 9.35e-09 2.01708e-54
-4.47 15.5878 1.16372e-09 1.16372e-09 5.72986e-55
-4.32 15.5055 7.43279e-12 7.43279e-12 2.00465e-54
-4.17 15.4233 8.21517e-09 8.21517e-09 1.62218e-55
-4.07 15.4416 2.52681e-09 2.52681e-09 4.86262e-54
-3.97 15.46 3.89143e-07 3.89143e-07 5.21696e-55
-3.82 16.0085 2.4435e-10 2.4435e-10 8.45373e-54
-3.67 16.557 1.38423e-07 1.38423e-07 4.15153e-52
-3.57 17.0309 1.47411e-11 1.47411e-11 6.0982e-52
-3.47 17.5048 2.9564e-11 2.9564e-11 1.05393e-50
-3.32 18.1422 1.09428e-10 1.09428e-10 1.22964e-50
-3.17 18.7797 2.27259e-10 2.27259e-10 2.70698e-50
-3.07 18.7959 5.48915e-09 5.48915e-09 2.1488e-49
-2.97 18.812 1.86868e-10 1.86868e-10 2.45576e-49
-2.825 18.7709 1.22929e-09 1.22929e-09 2.56639e-50
-2.68 18.7298 3.46064e-11 3.46064e-11 1.89684e-50
-2.5775 18.7828 1.0499e-08 1.0499e-08 3.6058e-50
-2.475 18.8359 1.28921e-10 1.28921e-10 7.31642e-49
-2.325 18.8446 3.70937e-09 3.70937e-09 1.36125e-50
-2.175 18.8533 8.61739e-09 8.61739e-09 6.90862e-50
-2.0775 18.9115 4.7518e-11 4.7518e-11 5.42953e-49
-1.98 18.9696 2.17911e-08 2.17911e-08 9.35758e-49
-1.8375 19.3872 3.08406e-10 3.08406e-10 4.80784e-50
-1.695 19.8048 3.16461e-10 3.16461e-10 9.76336e-49
-1.595 19.8295 6.64286e-09 6.64286e-09 4.59635e-48
-1.495 19.8541 3.56893e-10 3.56893e-10 1.49205e-48
-1.3525 20.0923 6.062e-09 6.062e-09 4.86941e-49
-1.21 20.3305 1.24676e-08 1.24676e-08 1.9162e-47
-1.115 20.3321 3.83212e-07 3.83212e-07 2.75257e-47
-1.02 20.3338 3.18362e-09 3.18362e-09 1.09513e-47
-0.8825 20.3674 7.79068e-08 7.79068e-08 4.82426e-47
-0.745 20.4011 8.1004e-08 8.1004e-08 2.73314e-48
-0.655 20.297 7.75836e-11 7.75836e-11 4.22819e-48
-0.565 20.1929 1.95291e-10 1.95291e-10 2.48142e-48
-0.4325 20.1963 3.27087e-12 3.27087e-12 2.95472e-48
-0.3 20.1997 1.10845e-10 1.10845e-10 2.40023e-48
-0.2 20.2024 5.6184e-11 5.6184e-11 9.3999e-48
-0.1 20.2052 5.55595e-07 5.55595e-07 2.28535e-48
0 20.2052 1.87298e-07 1.87298e-07 1.19419e-47
