-4.67 784.47 0.0366058 0.0366052 6.23942e-07
-4.57 795.62 0.0385629 0.0385622 7.08746e-07
-4.47 806.769 0.0341415 0.0341405 9.52377e-07
-4.32 816.932 0.0539032 0.0539024 8.65592e-07
-4.17 827.094 0.0424861 0.0424849 1.17719e-06
-4.07 842.397 0.0420453 0.0420439 1.37681e-06
-3.97 857.7 0.0540357 0.054034 1.66627e-06
-3.82 897.626 0.0433222 0.0433197 2.43875e-06
-3.67 937.552 0.0490578 0.0490543 3.44124e-06
-3.57 968.841 0.063783 0.063779 4.01928e-06
-3.47 1000.13 0.0763293 0.0763232 6.14459e-06
-3.32 1021.28 0.0712385 0.0712315 7.08351e-06
-3.17 1042.42 0.103629 0.103619 9.91587e-06
-3.07 1054.89 0.0837136 0.0837023 1.13071e-05
-2.97 1067.36 0.101912 0.101901 1.10743e-05
-2.825 1077.45 0.080719 0.0807075 1.14857e-05
-2.68 1087.54 0.107288 0.107273 1.49539e-05
-2.5775 1104.82 0.102239 0.102223 1.53815e-05
-2.475 1122.1 0.0952837 0.0952665 1.72769e-05
-2.325 1136.78 0.104524 0.104505 1.90664e-05
-2.175 1151.47 0.132927 0.132904 2.31074e-05
-2.0775 1176.44 0.137805 0.137774 3.09151e-05
-1.98 1201.41 0.123199 0.123168 3.1346e-05
-1.8375 1234.56 0.148366 0.148328 3.79971e-05
-1.695 1267.71 0.158733 0.158682 5.09559e-05
-1.595 1285.09 0.139609 0.139553 5.62948e-05
-1.495 1302.47 0.168142 0.168084 5.72867e-05
-1.3525 1316.21 0.149741 0.149669 7.2211e-05
-1.21 1329.95 0.182316 0.182242 7.35947e-05
-1.115 1335.78 0.183692 0.183608 8.4306e-05
-1.02 1341.6 0.173233 0.173154 7.87552e-05
-0.8825 1348.44 0.214093 0.214011 8.18475e-05
-0.745 1355.29 0.173522 0.173442 7.97339e-05
-0.655 1356.35 0.182668 0.182578 9.05014e-05
-0.565 1357.41 0.159789 0.159701 8.80111e-05
-0.4325 1362.16 0.157748 0.157668 8.03464e-05
-0.3 1366.92 0.164002 0.16392 8.19077e-05
-0.2 1369.16 0.170732 0.170641 9.07739e-05
-0.1 1371.4 0.180706 0.180625 8.11767e-05
0 1371.4 0.176797 0.1767 9.67254e-05
