-4.67 1240 0.01718 0.0171685 1.15263e-05
-4.57 1260 0.019206 0.0191929 1.31084e-05
-4.47 1280 0.0199616 0.0199466 1.49523e-05
-4.32 1300 0.0239814 0.0239643 1.7072e-05
-4.17 1320 0.0220262 0.0220073 1.88848e-05
-4.07 1345 0.0205215 0.0204987 2.27432e-05
-3.97 1370 0.0244652 0.0244357 2.94815e-05
-3.82 1435 0.0258829 0.0258484 3.45632e-05
-3.67 1500 0.0300511 0.0300034 4.77534e-05
-3.57 1550 0.0333729 0.0333101 6.2799e-05
-3.47 1600 0.0354104 0.0353385 7.18993e-05
-3.32 1625 0.0338723 0.0337846 8.76941e-05
-3.17 1650 0.0354937 0.0353831 0.000110539
-3.07 1665 0.043468 0.043362 0.000105967
-2.97 1680 0.0433479 0.0432197 0.000128252
-2.825 1704.99 0.0378811 0.0377471 0.000133982
-2.68 1729.99 0.0468743 0.0467407 0.000133693
-2.5775 1764.99 0.0448821 0.0447212 0.000160932
-2.475 1799.99 0.0459711 0.0457826 0.000188514
-2.325 1829.99 0.0525205 0.0523151 0.000205369
-2.175 1859.99 0.0536807 0.0534492 0.000231531
-2.0775 1904.99 0.0519932 0.0516922 0.000301021
-1.98 1949.99 0.0653829 0.0650702 0.000312709
-1.8375 1989.99 0.0680812 0.0677456 0.000335617
-1.695 2029.99 0.0656655 0.0652439 0.000421562
-1.595 2054.99 0.0735512 0.0730902 0.000461092
-1.495 2080 0.0786857 0.0781824 0.000503285
-1.3525 2110 0.082479 0.0819176 0.000561436
-1.21 2140 0.0852724 0.0847071 0.000565288
-1.115 2155.01 0.0830626 0.0824587 0.000603901
-1.02 2170.01 0.0821096 0.0814706 0.000638931
-0.8825 2185.01 0.0823431 0.0816125 0.000730622
-0.745 2200.01 0.0847381 0.0840097 0.000728403
-0.655 2205.01 0.0808083 0.0801055 0.000702817
-0.565 2210.01 0.0884818 0.0877356 0.000746219
-0.4325 2220.01 0.0867157 0.0858829 0.000832846
-0.3 2230 0.0837567 0.0829556 0.000801124
-0.2 2234.99 0.0896844 0.0889198 0.000764596
-0.1 2239.99 0.0886266 0.0878237 0.000802871
0 2239.99 0.107768 0.106995 0.000773171
