-4.67 0.0181481
-4.57 0.0189343
-4.47 0.0182672
-4.32 0.0206505
-4.17 0.0250659
-4.07 0.0232547
-3.97 0.0242761
-3.82 0.0283407
-3.67 0.0294207
-3.57 0.0319141
-3.47 0.0375121
-3.32 0.0368496
-3.17 0.0427933
-3.07 0.0435136
-2.97 0.0466887
-2.825 0.0446572
-2.68 0.0493172
-2.5775 0.0496447
-2.475 0.052371
-2.325 0.0588318
-2.175 0.0569737
-2.0775 0.0632283
-1.98 0.0734487
-1.8375 0.0671252
-1.695 0.0732908
-1.595 0.0797852
-1.495 0.0787542
-1.3525 0.0811679
-1.21 0.0933544
-1.115 0.0940445
-1.02 0.0949975
-0.8825 0.100422
-0.745 0.0835445
-0.655 0.0961492
-0.565 0.090152
-0.4325 0.0994308
-0.3 0.098102
-0.2 0.10485
-0.1 0.0976074
0 0.0982385
