-4.67 228.662 0.000214167 0.000214167 3.08048e-14
-4.57 231.139 0.000154165 0.000154165 3.35877e-14
-4.47 233.617 9.71631e-05 9.71631e-05 3.70205e-14
-4.32 235.649 0.000208842 0.000208842 3.847e-14
-4.17 237.68 8.8921e-05 8.8921e-05 3.2244e-14
-4.07 241.19 0.000114239 0.000114239 5.17834e-14
-3.97 244.7 0.000269106 0.000269106 1.09847e-13
-3.82 255.304 0.000259344 0.000259344 1.3122e-13
-3.67 265.909 8.15463e-05 8.15463e-05 1.9511e-13
-3.57 274.988 0.00021539 0.00021539 3.06586e-13
-3.47 284.068 0.000488579 0.000488579 6.19043e-13
-3.32 293.678 0.000217179 0.000217179 1.1743e-12
-3.17 303.287 0.000356518 0.000356518 1.64375e-12
-3.07 305.711 0.000273278 0.000273278 1.79602e-12
-2.97 308.135 0.00049647 0.00049647 2.47619e-12
-2.825 310.2 0.000415738 0.000415738 2.1742e-12
-2.68 312.264 0.000482471 0.000482471 2.65441e-12
-2.5775 316.238 0.00061256 0.00061256 4.23031e-12
-2.475 320.211 9.71522e-05 9.71522e-05 5.759e-12
-2.325 323.451 0.000303944 0.000303944 3.25266e-12
-2.175 326.69 0.000354532 0.000354532 5.30946e-12
-2.0775 330.399 0.000312916 0.000312916 6.28719e-12
-1.98 334.109 0.000394845 0.000394845 7.18375e-12
-1.8375 339.882 0.000291313 0.000291313 8.99671e-12
-1.695 345.656 0.000354343 0.000354343 1.10308e-11
-1.595 349.539 0.000224161 0.000224161 1.61657e-11
-1.495 353.423 0.000385772 0.000385772 1.95675e-11
-1.3525 356.827 0.000474991 0.000474991 1.96341e-11
-1.21 360.231 0.000537159 0.000537159 2.37855e-11
-1.115 361.774 0.000243035 0.000243035 1.93388e-11
-1.02 363.318 0.000404496 0.000404496 1.86968e-11
-0.8825 364.993 0.0004622 0.0004622 2.98639e-11
-0.745 366.668 0.00040768 0.00040768 2.47705e-11
-0.655 366.361 0.000333379 0.000333379 3.22856e-11
-0.565 366.053 0.000565008 0.000565008 2.08419e-11
-0.4325 367.062 0.00052865 0.00052865 3.48681e-11
-0.3 368.071 0.000409621 0.000409621 2.55246e-11
-0.2 368.379 0.000293913 0.000293913 2.74684e-11
-0.1 368.687 0.00050552 0.00050552 3.74856e-11
0 368.687 0.000350097 0.000350097 3.77588e-11
