-4.67 135.563 0.000142067 0.000142067 3.95446e-18
-4.57 137.077 0.00033097 0.000330947 2.30737e-08
-4.47 138.592 0.000115587 0.000115587 4.02161e-18
-4.32 139.234 3.11109e-05 3.11109e-05 7.00397e-12
-4.17 139.876 0.000127092 0.000127092 2.2463e-11
-4.07 141.838 0.000124932 0.000124932 7.61121e-18
-3.97 143.8 6.51423e-05 6.51423e-05 8.47881e-18
-3.82 149.953 0.00112625 0.00112625 1.86727e-17
-3.67 156.106 0.000179658 0.000179658 1.0069e-16
-3.57 161.584 0.000465492 0.000465492 6.35906e-17
-3.47 167.063 0.000143344 0.000143344 1.89108e-16
-3.32 172.911 7.62358e-05 7.62358e-05 3.02404e-16
-3.17 178.758 0.000343198 0.000343198 7.47818e-16
-3.07 179.868 0.000223738 0.000223738 1.05853e-15
-2.97 180.978 0.000290958 0.000290958 1.19194e-15
-2.825 181.973 0.00082754 0.00082754 1.18356e-15
-2.68 182.968 0.000434651 0.000434651 9.62941e-16
-2.5775 185.16 0.000963447 0.000963447 1.4988e-15
-2.475 187.352 0.00021681 0.00021681 1.11395e-15
-2.325 189.058 5.75488e-05 5.75488e-05 1.32006e-15
-2.175 190.763 0.000925047 0.000925047 2.63347e-15
-2.0775 192.167 0.000247117 0.000247117 3.07881e-15
-1.98 193.571 0.000189269 0.000189269 2.92623e-15
-1.8375 196.583 0.000221813 0.000221813 6.12092e-15
-1.695 199.595 0.000797278 0.000797278 6.23516e-15
-1.595 201.875 0.00249388 0.00249388 6.47839e-15
-1.495 204.154 0.000623908 0.000623908 6.40083e-15
-1.3525 206.112 0.000600894 0.000600894 1.74041e-14
-1.21 208.07 0.000333951 0.000333951 1.54209e-14
-1.115 208.824 0.000156224 0.000156224 1.55561e-14
-1.02 209.578 0.000735965 0.000735965 1.44983e-14
-0.8825 210.323 0.000542799 0.000542799 1.39669e-14
-0.745 211.068 0.000593146 0.000593146 1.37856e-14
-0.655 210.706 0.000978713 0.000978713 1.64008e-14
-0.565 210.343 0.000186109 0.000186109 1.26096e-14
-0.4325 210.933 0.000325022 0.000325022 2.36617e-14
-0.3 211.523 0.000252083 0.000252083 2.0541e-14
-0.2 211.723 0.000592909 0.000592909 2.90446e-14
-0.1 211.923 0.000722857 0.000722857 2.52648e-14
0 211.923 0.00160133 0.00160133 1.069e-14
