-4.67 15.3505 1.64535e-09 1.64535e-09 4.07388e-54
-4.57 15.4691 1.58441e-08 1.58441e-08 1.10362e-38
-4.47 15.5878 1.86606e-10 1.86606e-10 1.01297e-54
-4.32 15.5055 2.02086e-09 2.02086e-09 1.25663e-54
-4.17 15.4233 7.0474e-12 7.0474e-12 5.35133e-54
-4.07 15.4416 3.64966e-05 3.64966e-05 1.46822e-53
-3.97 15.46 7.02274e-09 7.02274e-09 1.36344e-53
-3.82 16.0085 1.18687e-07 1.18687e-07 4.85859e-53
-3.67 16.557 2.9483e-08 2.9483e-08 8.37475e-53
-3.57 17.0309 5.09763e-09 5.09763e-09 1.6093e-51
-3.47 17.5048 3.22523e-10 3.22523e-10 6.11236e-51
-3.32 18.1422 2.78481e-07 2.78481e-07 2.42519e-50
-3.17 18.7797 2.79786e-08 2.79786e-08 1.00793e-49
-3.07 18.7959 4.91167e-10 4.91167e-10 3.9816e-49
-2.97 18.812 4.45453e-09 4.45453e-09 3.20399e-49
-2.825 18.7709 2.17492e-09 2.17492e-09 2.10574e-48
-2.68 18.7298 4.81319e-10 4.81319e-10 5.68951e-49
-2.5775 18.7828 6.36308e-07 6.36308e-07 1.48706e-49
-2.475 18.8359 6.13434e-06 6.13434e-06 9.64694e-50
-2.325 18.8446 2.16521e-06 2.16521e-06 5.45007e-49
-2.175 18.8533 8.0357e-11 8.0357e-11 3.46298e-49
-2.0775 18.9115 1.38542e-09 1.38542e-09 4.84859e-49
-1.98 18.9696 2.44253e-07 2.44253e-07 8.18346e-49
-1.8375 19.3872 1.57078e-08 1.57078e-08 4.23784e-49
-1.695 19.8048 3.33073e-08 3.33073e-08 6.80458e-48
-1.595 19.8295 1.10348e-09 1.10348e-09 1.99484e-48
-1.495 19.8541 2.75813e-09 2.75813e-09 5.51075e-49
-1.3525 20.0923 2.78029e-10 2.78029e-10 8.11127e-48
-1.21 20.3305 1.63793e-12 1.63793e-12 3.84579e-47
-1.115 20.3321 1.70167e-09 1.70167e-09 1.45297e-47
-1.02 20.3338 1.2792e-09 1.2792e-09 2.21597e-47
-0.8825 20.3674 2.34258e-08 2.34258e-08 3.75284e-47
-0.745 20.4011 2.74338e-10 2.74338e-10 1.4703e-47
-0.655 20.297 1.5181e-05 1.5181e-05 1.35682e-47
-0.565 20.1929 1.89222e-05 1.89222e-05 2.21327e-47
-0.4325 20.1963 1.56192e-05 1.56192e-05 4.51795e-47
-0.3 20.1997 1.73925e-09 1.73925e-09 5.55528e-48
-0.2 20.2024 1.04542e-08 1.04542e-08 4.61835e-47
-0.1 20.2052 1.10966e-10 1.10966e-10 4.61642e-48
0 20.2052 3.08031e-06 3.08031e-06 5.28441e-47
