-4.67 0.0905004
-4.57 0.104066
-4.47 0.0974627
-4.32 0.109327
-4.17 0.10345
-4.07 0.118203
-3.97 0.12569
-3.82 0.145975
-3.67 0.149738
-3.57 0.179214
-3.47 0.192973
-3.32 0.203761
-3.17 0.217306
-3.07 0.267083
-2.97 0.265016
-2.825 0.242268
-2.68 0.260281
-2.5775 0.288169
-2.475 0.271179
-2.325 0.277487
-2.175 0.253973
-2.0775 0.28144
-1.98 0.352886
-1.8375 0.352876
-1.695 0.367433
-1.595 0.385846
-1.495 0.389045
-1.3525 0.457084
-1.21 0.431121
-1.115 0.395223
-1.02 0.437837
-0.8825 0.485485
-0.745 0.440984
-0.655 0.418721
-0.565 0.458116
-0.4325 0.509837
-0.3 0.481411
-0.2 0.474614
-0.1 0.472214
0 0.491612
