-4.67 0.0517067
-4.57 0.0574707
-4.47 0.0703598
-4.32 0.065209
-4.17 0.0656494
-4.07 0.0659511
-3.97 0.0709755
-3.82 0.0887331
-3.67 0.0927208
-3.57 0.10229
-3.47 0.111851
-3.32 0.117777
-3.17 0.119988
-3.07 0.120049
-2.97 0.126
-2.825 0.137055
-2.68 0.143684
-2.5775 0.14491
-2.475 0.151758
-2.325 0.158615
-2.175 0.166193
-2.0775 0.180597
-1.98 0.202553
-1.8375 0.199216
-1.695 0.246721
-1.595 0.222241
-1.495 0.244971
-1.3525 0.266431
-1.21 0.249761
-1.115 0.263572
-1.02 0.263817
-0.8825 0.26063
-0.745 0.277432
-0.655 0.272416
-0.565 0.289853
-0.4325 0.260496
-0.3 0.274198
-0.2 0.292275
-0.1 0.293969
0 0.289092
