-4.67 0.0664509
-4.57 0.080556
-4.47 0.0731296
-4.32 0.0830425
-4.17 0.0771324
-4.07 0.0926546
-3.97 0.0967114
-3.82 0.115394
-3.67 0.115705
-3.57 0.139742
-3.47 0.148826
-3.32 0.158433
-3.17 0.171716
-3.07 0.220076
-2.97 0.217616
-2.825 0.191726
-2.68 0.207029
-2.5775 0.239095
-2.475 0.210803
-2.325 0.216881
-2.175 0.194537
-2.0775 0.216048
-1.98 0.286624
-1.8375 0.282446
-1.695 0.292975
-1.595 0.304233
-1.495 0.308375
-1.3525 0.374847
-1.21 0.347394
-1.115 0.313085
-1.02 0.358411
-0.8825 0.396903
-0.745 0.348996
-0.655 0.327525
-0.565 0.371343
-0.4325 0.418416
-0.3 0.389935
-0.2 0.379368
-0.1 0.382696
0 0.404644
