-4.67 0.0387995
-4.57 0.0433241
-4.47 0.0564487
-4.32 0.0507198
-4.17 0.0497446
-4.07 0.0485732
-3.97 0.0540819
-3.82 0.0677116
-3.67 0.0715655
-3.57 0.0794669
-3.47 0.0825307
-3.32 0.0899567
-3.17 0.0892636
-3.07 0.0880167
-2.97 0.0926722
-2.825 0.106262
-2.68 0.11098
-2.5775 0.111159
-2.475 0.112187
-2.325 0.119955
-2.175 0.126049
-2.0775 0.139818
-1.98 0.156825
-1.8375 0.148993
-1.695 0.193755
-1.595 0.169029
-1.495 0.188563
-1.3525 0.208062
-1.21 0.190641
-1.115 0.205101
-1.02 0.203927
-0.8825 0.196867
-0.745 0.217021
-0.655 0.21098
-0.565 0.2249
-0.4325 0.196173
-0.3 0.210178
-0.2 0.224043
-0.1 0.224626
0 0.222297
