-4.67 536.27 1.07649e-05 1.07204e-05 4.45352e-08
-4.57 543.62 1.05256e-05 1.05195e-05 6.14041e-09
-4.47 550.969 1.00376e-05 1.00307e-05 6.87104e-09
-4.32 557.38 1.19062e-05 1.18978e-05 8.47766e-09
-4.17 563.792 1.17262e-05 1.17165e-05 9.67051e-09
-4.07 573.196 1.25157e-05 1.25059e-05 9.7143e-09
-3.97 582.6 1.83651e-05 1.83497e-05 1.53704e-08
-3.82 609.516 1.87648e-05 1.87419e-05 2.29207e-08
-3.67 636.432 2.16501e-05 2.16162e-05 3.38653e-08
-3.57 658.587 3.12839e-05 3.12314e-05 5.24671e-08
-3.47 680.741 3.4127e-05 3.40635e-05 6.35106e-08
-3.32 698.891 4.16223e-05 4.15333e-05 8.90504e-08
-3.17 717.042 4.63983e-05 4.6282e-05 1.16264e-07
-3.07 723.696 4.89248e-05 4.88082e-05 1.16582e-07
-2.97 730.349 5.06878e-05 5.05488e-05 1.39056e-07
-2.825 736.75 5.53361e-05 5.51779e-05 1.5819e-07
-2.68 743.151 5.05801e-05 5.04103e-05 1.69813e-07
-2.5775 753.834 5.90334e-05 5.88786e-05 1.54765e-07
-2.475 764.518 7.75538e-05 7.73282e-05 2.25558e-07
-2.325 773.516 6.20844e-05 6.18879e-05 1.9649e-07
-2.175 782.515 8.01266e-05 7.98906e-05 2.35946e-07
-2.0775 797.676 8.08094e-05 8.04769e-05 3.32541e-07
-1.98 812.836 8.00377e-05 7.96189e-05 4.18729e-07
-1.8375 832.944 0.000110401 0.000109944 4.56773e-07
-1.695 853.051 0.000117583 0.000116905 6.7777e-07
-1.595 864.147 0.000113729 0.000113072 6.57348e-07
-1.495 875.242 0.000112653 0.000111962 6.90642e-07
-1.3525 884.468 0.000140792 0.000139956 8.35542e-07
-1.21 893.695 0.000139405 0.000138604 8.0031e-07
-1.115 897.633 0.000145305 0.000144507 7.98136e-07
-1.02 901.571 0.000149596 0.00014871 8.86812e-07
-0.8825 906.226 0.000162332 0.000161137 1.19552e-06
-0.745 910.88 0.000161166 0.000160047 1.11935e-06
-0.655 910.847 0.000163383 0.000162245 1.13813e-06
-0.565 910.814 0.000147526 0.000146549 9.77079e-07
-0.4325 914.032 0.00015133 0.000150254 1.07617e-06
-0.3 917.25 0.000172535 0.000171532 1.0026e-06
-0.2 918.7 0.000168166 0.000167127 1.03914e-06
-0.1 920.151 0.000163144 0.000161946 1.19807e-06
0 920.151 0.000156344 0.000154983 1.36032e-06
