-4.67 1028.68 0.000282225 0.000279089 3.1357e-06
-4.57 1044.93 0.000306992 0.000303786 3.2061e-06
-4.47 1061.17 0.00031786 0.000313775 4.08457e-06
-4.32 1075.43 0.000368505 0.000363472 5.03307e-06
-4.17 1089.7 0.000387975 0.00038219 5.78519e-06
-4.07 1110.85 0.000420955 0.000415033 5.92171e-06
-3.97 1132 0.000461817 0.000454737 7.07993e-06
-3.82 1185.74 0.000591685 0.000581963 9.72245e-06
-3.67 1239.49 0.000706597 0.000692496 1.41009e-05
-3.57 1281.03 0.000816596 0.000798849 1.7747e-05
-3.47 1322.58 0.000999114 0.000974759 2.43549e-05
-3.32 1346.19 0.00105963 0.0010352 2.44323e-05
-3.17 1369.81 0.00109317 0.00106386 2.93115e-05
-3.07 1384.57 0.00118698 0.00116127 2.57145e-05
-2.97 1399.33 0.0012194 0.0011869 3.24964e-05
-2.825 1416.63 0.00125328 0.00121374 3.95437e-05
-2.68 1433.94 0.00151459 0.00147081 4.37747e-05
-2.5775 1459.33 0.00153102 0.00149168 3.93402e-05
-2.475 1484.72 0.00155142 0.001496 5.54248e-05
-2.325 1506.12 0.00174983 0.00169486 5.4966e-05
-2.175 1527.53 0.00188806 0.0018267 6.13624e-05
-2.0775 1563.86 0.00212586 0.00204672 7.91321e-05
-1.98 1600.18 0.00249068 0.00239692 9.37624e-05
-1.8375 1647.99 0.0026863 0.00257131 0.000114994
-1.695 1695.79 0.00295619 0.00281155 0.000144636
-1.595 1720.54 0.0031978 0.0030382 0.000159596
-1.495 1745.29 0.00339005 0.00322712 0.000162926
-1.3525 1763.16 0.0035735 0.00339116 0.000182348
-1.21 1781.04 0.0039874 0.00379764 0.000189753
-1.115 1789.94 0.00381749 0.00360935 0.000208137
-1.02 1798.84 0.00377846 0.00357099 0.000207464
-0.8825 1806.99 0.00386003 0.00364833 0.0002117
-0.745 1815.14 0.003987 0.00375615 0.000230849
-0.655 1816.82 0.00398224 0.00374027 0.000241972
-0.565 1818.49 0.0037631 0.00355998 0.000203119
-0.4325 1825.69 0.00411729 0.00389874 0.00021855
-0.3 1832.89 0.0040497 0.00381176 0.000237945
-0.2 1835.55 0.0039469 0.00369348 0.000253421
-0.1 1838.21 0.00404437 0.00379441 0.000249959
0 1838.21 0.00429609 0.00405115 0.00024494
