-4.67 135.563 3.20283e-10 3.20283e-10 3.89828e-18
-4.57 137.077 4.73664e-10 4.73664e-10 4.94285e-18
-4.47 138.592 5.20132e-10 5.20132e-10 4.57419e-18
-4.32 139.234 5.81469e-05 4.46866e-10 5.81464e-05
-4.17 139.876 4.88287e-10 4.88287e-10 5.18836e-18
-4.07 141.838 6.56239e-10 6.56239e-10 8.57992e-18
-3.97 143.8 5.28256e-10 5.28256e-10 1.91127e-17
-3.82 149.953 1.07651e-09 1.07651e-09 1.73688e-17
-3.67 156.106 1.5393e-09 1.5393e-09 4.44445e-17
-3.57 161.584 1.96685e-09 1.96685e-09 1.49114e-16
-3.47 167.063 2.52947e-09 2.52947e-09 1.6523e-16
-3.32 172.911 2.85323e-09 2.85323e-09 5.85656e-16
-3.17 178.758 5.35663e-09 5.35663e-09 7.77318e-16
-3.07 179.868 4.6754e-09 4.6754e-09 8.21597e-16
-2.97 180.978 6.12512e-09 6.12512e-09 1.24306e-15
-2.825 181.973 6.64749e-09 6.64749e-09 1.1996e-15
-2.68 182.968 6.32119e-09 6.32119e-09 1.28226e-15
-2.5775 185.16 6.01984e-09 6.01984e-09 1.18457e-15
-2.475 187.352 6.95235e-09 6.95235e-09 2.37467e-15
-2.325 189.058 5.61541e-09 5.61541e-09 1.58475e-15
-2.175 190.763 8.13275e-09 8.13275e-09 3.28015e-15
-2.0775 192.167 1.01052e-08 1.01052e-08 1.59458e-15
-1.98 193.571 1.09663e-08 1.09663e-08 2.88775e-15
-1.8375 196.583 9.50034e-09 9.50033e-09 3.74594e-15
-1.695 199.595 1.39829e-08 1.39829e-08 5.68302e-15
-1.595 201.875 8.62432e-09 8.62432e-09 6.0101e-15
-1.495 204.154 1.72519e-08 1.72519e-08 7.1915e-15
-1.3525 206.112 1.5977e-08 1.59769e-08 1.20503e-14
-1.21 208.07 1.57991e-08 1.57991e-08 1.27527e-14
-1.115 208.824 2.27305e-08 2.27305e-08 1.12755e-14
-1.02 209.578 1.64358e-08 1.64358e-08 1.13328e-14
-0.8825 210.323 1.57529e-08 1.57529e-08 2.06234e-14
-0.745 211.068 1.72033e-08 1.72033e-08 1.93447e-14
-0.655 210.706 1.64938e-08 1.64938e-08 1.17359e-14
-0.565 210.343 1.69112e-08 1.69112e-08 8.71567e-15
-0.4325 210.933 1.81298e-08 1.81298e-08 1.50536e-14
-0.3 211.523 2.13035e-08 2.13035e-08 1.34238e-14
-0.2 211.723 2.21878e-08 2.21878e-08 9.97701e-15
-0.1 211.923 1.84939e-08 1.84939e-08 1.60441e-14
0 211.923 2.138e-08 2.13799e-08 2.63582e-14
