-4.67 15.3505 5.45261e-24 5.45261e-24 6.85909e-36
-4.57 15.4691 3.6194e-23 3.6194e-23 9.87581e-53
-4.47 15.5878 6.91599e-09 6.91599e-09 7.23257e-52
-4.32 15.5055 6.43152e-23 6.43152e-23 2.86327e-52
-4.17 15.4233 6.06552e-24 6.06552e-24 1.41192e-52
-4.07 15.4416 4.54903e-23 4.54903e-23 4.8343e-52
-3.97 15.46 1.05314e-24 1.05314e-24 1.29936e-52
-3.82 16.0085 1.07364e-22 1.07364e-22 2.06529e-51
-3.67 16.557 1.43504e-22 1.43504e-22 1.21259e-50
-3.57 17.0309 9.42454e-23 9.42454e-23 1.78942e-50
-3.47 17.5048 4.02863e-22 4.02863e-22 1.10308e-49
-3.32 18.1422 1.51963e-22 1.51963e-22 1.72721e-48
-3.17 18.7797 1.66419e-21 1.66419e-21 1.59257e-47
-3.07 18.7959 2.19775e-21 2.19775e-21 7.2199e-48
-2.97 18.812 1.42092e-21 1.42092e-21 1.2457e-48
-2.825 18.7709 1.16941e-21 1.16941e-21 1.26229e-47
-2.68 18.7298 2.87169e-22 2.87169e-22 4.21596e-48
-2.5775 18.7828 2.05002e-21 2.05002e-21 3.14209e-48
-2.475 18.8359 1.82866e-21 1.82866e-21 5.33552e-48
-2.325 18.8446 2.60172e-21 2.60172e-21 1.3796e-47
-2.175 18.8533 4.78181e-22 4.78181e-22 4.62298e-47
-2.0775 18.9115 6.36408e-22 6.36408e-22 1.45047e-47
-1.98 18.9696 2.86681e-22 2.86681e-22 2.29596e-47
-1.8375 19.3872 6.26002e-22 6.26002e-22 3.33595e-46
-1.695 19.8048 4.07902e-21 4.07902e-21 4.08176e-46
-1.595 19.8295 2.30988e-21 2.30988e-21 2.89213e-46
-1.495 19.8541 8.89038e-21 8.89038e-21 3.5306e-47
-1.3525 20.0923 9.7111e-22 9.7111e-22 6.17177e-46
-1.21 20.3305 6.16194e-21 6.16194e-21 4.83756e-46
-1.115 20.3321 5.05083e-22 5.05083e-22 4.61213e-46
-1.02 20.3338 7.62076e-22 7.62076e-22 3.41947e-46
-0.8825 20.3674 5.86967e-21 5.86967e-21 1.16925e-46
-0.745 20.4011 5.23574e-21 5.23574e-21 6.75071e-46
-0.655 20.297 1.61216e-20 1.61216e-20 3.06172e-46
-0.565 20.1929 1.9963e-21 1.9963e-21 3.78517e-46
-0.4325 20.1963 5.27286e-21 5.27286e-21 8.53805e-46
-0.3 20.1997 5.04973e-21 5.04973e-21 1.3901e-46
-0.2 20.2024 7.65937e-21 7.65937e-21 7.97369e-46
-0.1 20.2052 8.02821e-21 8.02821e-21 5.511e-46
0 20.2052 7.71737e-21 7.71737e-21 9.22279e-46
