-4.67 2.65352 1.46219
-4.57 2.83146 1.5301
-4.47 3.53244 1.59801
-4.32 3.00075 1.69024
-4.17 2.79078 1.78246
-4.07 2.64388 1.83719
-3.97 2.85856 1.89193
-3.82 3.44902 1.96321
-3.67 3.5176 2.0345
-3.57 3.82904 2.07537
-3.47 3.89984 2.11626
-3.32 4.15198 2.1666
-3.17 4.02645 2.21693
-3.07 3.92416 2.24294
-2.97 4.08434 2.26896
-2.825 4.62271 2.29869
-2.68 4.76631 2.32843
-2.5775 4.73962 2.34531
-2.475 4.74926 2.3622
-2.325 5.03632 2.3818
-2.175 5.24898 2.4014
-2.0775 5.79138 2.41424
-1.98 6.46148 2.42708
-1.8375 6.08458 2.4487
-1.695 7.84332 2.47032
-1.595 6.79776 2.48654
-1.495 7.53423 2.50275
-1.3525 8.24213 2.52437
-1.21 7.48789 2.54599
-1.115 8.01756 2.55815
-1.02 7.93394 2.57031
-0.8825 7.61522 2.58518
-0.745 8.34682 2.60004
-0.655 8.09238 2.60714
-0.565 8.60287 2.61424
-0.4325 7.48371 2.62133
-0.3 7.99636 2.62842
-0.2 8.51508 2.63113
-0.1 8.52849 2.63383
0 8.44006 2.63383
