-4.67 1.2544 1.46219
-4.57 1.25089 1.5301
-4.47 1.15749 1.59801
-4.32 1.23578 1.69024
-4.17 1.4209 1.78246
-4.07 1.28046 1.83719
-3.97 1.2997 1.89193
-3.82 1.4624 1.96321
-3.67 1.46938 2.0345
-3.57 1.56292 2.07537
-3.47 1.80266 2.11626
-3.32 1.73095 2.1666
-3.17 1.96306 2.21693
-3.07 1.97261 2.24294
-2.97 2.092 2.26896
-2.825 1.97819 2.29869
-2.68 2.15829 2.32843
-2.5775 2.15709 2.34531
-2.475 2.26074 2.3622
-2.325 2.51559 2.3818
-2.175 2.42106 2.4014
-2.0775 2.67256 2.41424
-1.98 3.08792 2.42708
-1.8375 2.80909 2.4487
-1.695 3.03909 2.47032
-1.595 3.28329 2.48654
-1.495 3.22353 2.50275
-1.3525 3.29803 2.52437
-1.21 3.75151 2.54599
-1.115 3.76326 2.55815
-1.02 3.78405 2.57031
-0.8825 3.97528 2.58518
-0.745 3.30466 2.60004
-0.655 3.78188 2.60714
-0.565 3.54062 2.61424
-0.4325 3.88722 2.62133
-0.3 3.82374 2.62842
-0.2 4.08068 2.63113
-0.1 3.7999 2.63383
0 3.82914 2.63383
