-4.67 3.14078 1.46219
-4.57 3.338 1.5301
-4.47 2.78546 1.59801
-4.32 3.48906 1.69024
-4.17 3.33548 1.78246
-4.07 3.67627 1.83719
-3.97 3.20005 1.89193
-3.82 4.77506 1.96321
-3.67 3.38886 2.0345
-3.57 3.88871 2.07537
-3.47 5.18746 2.11626
-3.32 4.41792 2.1666
-3.17 5.34248 2.21693
-3.07 4.60025 2.24294
-2.97 4.22798 2.26896
-2.825 4.24093 2.29869
-2.68 4.85998 2.32843
-2.5775 5.08086 2.34531
-2.475 5.48886 2.3622
-2.325 5.01167 2.3818
-2.175 4.79891 2.4014
-2.0775 5.94754 2.41424
-1.98 7.68761 2.42708
-1.8375 6.98535 2.4487
-1.695 7.11099 2.47032
-1.595 7.59775 2.48654
-1.495 7.65386 2.50275
-1.3525 7.78277 2.52437
-1.21 7.58145 2.54599
-1.115 8.02737 2.55815
-1.02 8.56841 2.57031
-0.8825 8.61991 2.58518
-0.745 7.81771 2.60004
-0.655 8.45603 2.60714
-0.565 7.5169 2.61424
-0.4325 8.7486 2.62133
-0.3 8.80719 2.62842
-0.2 8.67349 2.63113
-0.1 8.30903 2.63383
0 8.12766 2.63383
