-3.17 1.01342
-3.07 1.45336
-2.97 1.0534
-2.825 1.35318
-2.68 1.45192
-2.5775 1.18567
-2.475 1.51007
-2.325 1.71021
-2.175 2.14775
-2.0775 1.54568
-1.98 2.24919
-1.8375 1.93922
-1.695 2.3486
-1.595 2.26591
-1.495 2.6685
-1.3525 2.3494
-1.21 2.02382
-1.115 3.33657
-1.02 3.62915
-0.8825 3.0074
-0.745 3.20492
-0.655 2.51879
-0.565 2.90267
-0.4325 3.97361
-0.3 2.89004
-0.2 2.35415
-0.1 3.14861
0 2.44427
0.1 2.19388
0.2 2.59655
0.3 2.74409
0.4325 3.88454
0.565 3.58321
0.655 3.96709
0.745 2.44399
0.8825 2.28157
1.02 3.11244
1.115 2.62789
1.21 2.93258
1.3525 2.42308
1.495 2.90833
1.595 1.94884
1.695 1.7039
1.8375 1.96463
1.98 1.96946
2.0775 1.84598
2.175 1.5454
2.325 1.44867
2.475 1.41304
2.5775 1.95371
2.68 1.36921
2.825 1.33695
2.97 1.11253
3.07 1.04728
3.17 1.25411
3.32 0.836827
3.47 1.35066
3.57 0.947353
3.67 0.942144
3.82 0.770754
3.97 0.574346
4.07 0.894269
4.17 0.655453
4.32 0.552612
4.47 1.55009
4.57 0.630614
4.67 0.463731
