-4.67 1028.68 0.0151525 0.01505 0.00010254
-4.57 1044.93 0.0173035 0.0171722 0.000131213
-4.47 1061.17 0.0168416 0.0166929 0.000148651
-4.32 1075.43 0.021891 0.0217504 0.000140607
-4.17 1089.7 0.0228458 0.0226793 0.000166574
-4.07 1110.85 0.0220131 0.021826 0.000187093
-3.97 1132 0.024312 0.0240907 0.000221307
-3.82 1185.74 0.0282709 0.0280115 0.000259426
-3.67 1239.49 0.0352044 0.034837 0.0003674
-3.57 1281.03 0.0300278 0.0296206 0.000407231
-3.47 1322.58 0.0365557 0.0359945 0.000561196
-3.32 1346.19 0.0409603 0.0403701 0.000590248
-3.17 1369.81 0.0431649 0.0424597 0.000705233
-3.07 1384.57 0.0403168 0.0396139 0.000702864
-2.97 1399.33 0.0442017 0.0434074 0.000794251
-2.825 1416.63 0.0437984 0.0429046 0.000893761
-2.68 1433.94 0.0404771 0.0395466 0.000930567
-2.5775 1459.33 0.0489589 0.0479739 0.000985002
-2.475 1484.72 0.05417 0.0530038 0.0011662
-2.325 1506.12 0.0507314 0.0495482 0.00118318
-2.175 1527.53 0.0542042 0.0530136 0.00119057
-2.0775 1563.86 0.0578531 0.0564747 0.00137844
-1.98 1600.18 0.0653205 0.0635913 0.00172923
-1.8375 1647.99 0.0719867 0.0700141 0.00197262
-1.695 1695.79 0.075596 0.0733896 0.00220643
-1.595 1720.54 0.0729092 0.0702979 0.00261127
-1.495 1745.29 0.0822179 0.0792985 0.00291942
-1.3525 1763.16 0.0823635 0.0796568 0.0027067
-1.21 1781.04 0.0812335 0.0781887 0.00304485
-1.115 1789.94 0.0791059 0.0760126 0.00309328
-1.02 1798.84 0.0889872 0.0859267 0.00306049
-0.8825 1806.99 0.087769 0.0843357 0.00343331
-0.745 1815.14 0.0838531 0.0803631 0.00348995
-0.655 1816.82 0.083709 0.0803121 0.00339692
-0.565 1818.49 0.0859648 0.082613 0.00335187
-0.4325 1825.69 0.0837796 0.0804449 0.00333473
-0.3 1832.89 0.084841 0.0814375 0.00340344
-0.2 1835.55 0.0988566 0.0954789 0.00337774
-0.1 1838.21 0.0904307 0.0867719 0.00365882
0 1838.21 0.0880588 0.0843924 0.00366638
