-4.67 73.5627 7.72353e-05 7.72353e-05 4.38288e-18
-4.57 74.302 1.37713e-05 1.37712e-05 1.53112e-10
-4.47 75.0413 4.17704e-06 4.17704e-06 4.84953e-18
-4.32 75.3062 1.92074e-05 1.92074e-05 2.89418e-18
-4.17 75.571 1.95033e-06 1.95033e-06 2.54745e-18
-4.07 76.4355 2.27417e-06 2.27417e-06 2.10527e-18
-3.97 77.3 1.63346e-06 1.63346e-06 3.35352e-18
-3.82 80.3224 8.43277e-07 8.43277e-07 7.70557e-18
-3.67 83.3447 3.24416e-05 3.24416e-05 1.96366e-17
-3.57 86.0996 2.28467e-05 2.28467e-05 5.57401e-17
-3.47 88.8546 2.08834e-05 2.08834e-05 5.71102e-17
-3.32 92.0795 7.46108e-06 7.46108e-06 1.01004e-16
-3.17 95.3043 1.20975e-05 1.20975e-05 2.26239e-16
-3.07 95.9899 4.29035e-05 4.29035e-05 3.59834e-16
-2.97 96.6756 9.54961e-06 9.54961e-06 4.35874e-16
-2.825 97.0756 3.67481e-05 3.67481e-05 2.29956e-16
-2.68 97.4757 3.23376e-05 3.23376e-05 4.35078e-16
-2.5775 98.2451 1.08539e-05 1.08539e-05 1.55789e-16
-2.475 99.0146 1.10964e-05 1.10964e-05 2.92215e-16
-2.325 99.5803 2.53833e-05 2.53833e-05 6.49803e-16
-2.175 100.146 1.4644e-05 1.4644e-05 5.91167e-16
-2.0775 100.608 1.05435e-05 1.05435e-05 9.04898e-16
-1.98 101.069 4.62585e-05 4.62585e-05 7.60139e-16
-1.8375 102.728 5.33446e-05 5.33446e-05 1.10776e-15
-1.695 104.388 3.72793e-05 3.72793e-05 6.61538e-16
-1.595 105.572 1.11167e-05 1.11167e-05 1.35626e-15
-1.495 106.755 8.76468e-05 8.76468e-05 1.09929e-15
-1.3525 107.963 1.46911e-05 1.46911e-05 4.12316e-15
-1.21 109.171 7.735e-06 7.735e-06 3.60824e-15
-1.115 109.454 7.34457e-06 7.34457e-06 2.40968e-15
-1.02 109.738 4.32455e-05 4.32455e-05 3.26107e-15
-0.8825 110.172 2.10412e-05 2.10412e-05 3.28885e-15
-0.745 110.607 9.19833e-06 9.19833e-06 1.86845e-15
-0.655 110.273 6.00978e-05 6.00978e-05 2.04832e-15
-0.565 109.939 1.53012e-05 1.53012e-05 2.49073e-15
-0.4325 110.117 1.51736e-05 1.51736e-05 2.66279e-15
-0.3 110.295 7.44163e-06 7.44163e-06 3.33112e-15
-0.2 110.422 4.66863e-05 4.66863e-05 2.8104e-15
-0.1 110.548 3.33695e-05 3.33695e-05 2.1895e-15
0 110.548 1.08879e-05 1.08879e-05 2.18845e-15
