-4.67 15.3505 5.2139e-09 5.2139e-09 1.82185e-24
-4.57 15.4691 4.68932e-06 4.68932e-06 1.21938e-27
-4.47 15.5878 1.56015e-09 1.56015e-09 1.69255e-38
-4.32 15.5055 5.41724e-11 5.41724e-11 3.87631e-39
-4.17 15.4233 2.18217e-11 2.18217e-11 2.20898e-39
-4.07 15.4416 1.48691e-10 1.48691e-10 1.01974e-34
-3.97 15.46 2.07662e-10 2.07662e-10 1.29386e-38
-3.82 16.0085 1.90823e-09 1.90823e-09 7.29235e-39
-3.67 16.557 3.88699e-09 3.88699e-09 1.35797e-37
-3.57 17.0309 8.98586e-10 8.98586e-10 1.71522e-26
-3.47 17.5048 4.13968e-10 4.13968e-10 4.11452e-38
-3.32 18.1422 1.20218e-10 1.20218e-10 9.48887e-37
-3.17 18.7797 2.04547e-08 2.04547e-08 8.63653e-36
-3.07 18.7959 8.09795e-09 8.09795e-09 1.4185e-36
-2.97 18.812 6.81807e-07 6.81807e-07 4.9555e-36
-2.825 18.7709 2.37477e-08 2.37477e-08 3.23764e-36
-2.68 18.7298 4.10675e-09 4.10675e-09 1.03965e-35
-2.5775 18.7828 4.18148e-10 4.18148e-10 8.41776e-36
-2.475 18.8359 2.70185e-10 2.70185e-10 1.36553e-35
-2.325 18.8446 2.45738e-09 2.45738e-09 2.17501e-35
-2.175 18.8533 7.39292e-07 7.39292e-07 5.08744e-36
-2.0775 18.9115 1.99142e-09 1.99142e-09 1.66802e-35
-1.98 18.9696 1.71291e-09 1.71291e-09 4.8351e-36
-1.8375 19.3872 2.41201e-08 2.41201e-08 5.06155e-35
-1.695 19.8048 1.99835e-06 1.99835e-06 1.16664e-35
-1.595 19.8295 6.21221e-09 6.21221e-09 1.84372e-35
-1.495 19.8541 6.39481e-08 6.39481e-08 3.74639e-35
-1.3525 20.0923 3.69877e-08 3.69877e-08 3.65968e-34
-1.21 20.3305 1.33515e-08 1.33515e-08 2.84634e-34
-1.115 20.3321 1.23996e-09 1.23996e-09 3.64992e-35
-1.02 20.3338 1.96331e-08 1.96331e-08 3.22961e-34
-0.8825 20.3674 1.33525e-08 1.33525e-08 1.39257e-34
-0.745 20.4011 1.69412e-09 1.69412e-09 4.37661e-34
-0.655 20.297 2.76795e-06 2.76795e-06 3.41797e-34
-0.565 20.1929 2.02049e-09 2.02049e-09 1.65103e-34
-0.4325 20.1963 1.17478e-08 1.17478e-08 3.13661e-35
-0.3 20.1997 7.0619e-08 7.0619e-08 2.10115e-34
-0.2 20.2024 1.62786e-09 1.62786e-09 8.70413e-36
-0.1 20.2052 2.21923e-08 2.21923e-08 3.54605e-35
0 20.2052 2.66436e-07 2.66436e-07 4.43901e-34
