-4.67 135.563 9.80068e-05 9.80068e-05 1.82398e-11
-4.57 137.077 1.34096e-05 1.34095e-05 5.20836e-11
-4.47 138.592 1.0649e-05 1.0649e-05 1.01515e-13
-4.32 139.234 2.58322e-05 2.58322e-05 6.12418e-14
-4.17 139.876 0.000109485 0.000109485 1.85191e-13
-4.07 141.838 3.54944e-05 3.54944e-05 1.51112e-13
-3.97 143.8 2.84749e-05 2.84748e-05 1.22969e-13
-3.82 149.953 6.75522e-05 6.75522e-05 5.35476e-13
-3.67 156.106 7.3465e-05 7.3465e-05 6.94501e-13
-3.57 161.584 5.33595e-05 5.33595e-05 1.89395e-12
-3.47 167.063 7.93729e-05 7.93729e-05 2.68643e-12
-3.32 172.911 6.31733e-05 6.31733e-05 2.28588e-12
-3.17 178.758 0.000186515 0.000186515 4.68643e-12
-3.07 179.868 0.000121649 0.000121649 6.94691e-12
-2.97 180.978 0.000106042 0.000106042 3.93103e-12
-2.825 181.973 4.81368e-05 4.81368e-05 7.21181e-12
-2.68 182.968 0.000142362 0.000142362 7.69662e-12
-2.5775 185.16 0.00021395 0.00021395 6.68707e-12
-2.475 187.352 0.000155813 0.000155813 1.02589e-11
-2.325 189.058 8.2898e-05 8.2898e-05 1.20522e-11
-2.175 190.763 5.91094e-05 5.91094e-05 1.6211e-11
-2.0775 192.167 0.000184889 0.000184889 1.08414e-11
-1.98 193.571 0.00013008 0.00013008 1.02423e-11
-1.8375 196.583 0.000122574 0.000122574 1.60584e-11
-1.695 199.595 0.000248201 0.000248201 2.63282e-11
-1.595 201.875 0.000113445 0.000113445 2.21821e-11
-1.495 204.154 0.00012906 0.00012906 4.88534e-11
-1.3525 206.112 0.000257785 0.000257785 3.15678e-11
-1.21 208.07 5.07108e-05 5.07107e-05 4.71298e-11
-1.115 208.824 0.000153483 0.000153483 3.1698e-11
-1.02 209.578 8.5555e-05 8.5555e-05 3.18848e-11
-0.8825 210.323 0.000101497 0.000101497 5.2957e-11
-0.745 211.068 0.000257583 0.000257583 4.68855e-11
-0.655 210.706 0.0002184 0.0002184 3.06778e-11
-0.565 210.343 8.88923e-05 8.88922e-05 4.46066e-11
-0.4325 210.933 7.40152e-05 7.40151e-05 3.86406e-11
-0.3 211.523 0.000112992 0.000112992 3.2033e-11
-0.2 211.723 0.000235213 0.000235212 5.53283e-11
-0.1 211.923 0.000210041 0.00021004 7.19646e-11
0 211.923 0.000147392 0.000147392 4.97801e-11
