-4.67 0.00377906
-4.57 0.00396884
-4.47 0.00414935
-4.32 0.00464845
-4.17 0.00489826
-4.07 0.00473742
-3.97 0.00491784
-3.82 0.00583746
-3.67 0.00690344
-3.57 0.00743381
-3.47 0.00770871
-3.32 0.00834083
-3.17 0.00946866
-3.07 0.00896865
-2.97 0.00972071
-2.825 0.0098094
-2.68 0.00878103
-2.5775 0.0108915
-2.475 0.0118535
-2.325 0.0118522
-2.175 0.0122511
-2.0775 0.011918
-1.98 0.0142042
-1.8375 0.0154005
-1.695 0.015022
-1.595 0.0147881
-1.495 0.016292
-1.3525 0.0172335
-1.21 0.0176598
-1.115 0.0166709
-1.02 0.0185879
-0.8825 0.0180457
-0.745 0.0190132
-0.655 0.0190175
-0.565 0.0178667
-0.4325 0.018556
-0.3 0.01921
-0.2 0.0194704
-0.1 0.0191767
0 0.018365
