-3.17 15.763
-3.07 14.7817
-2.97 15.3174
-2.825 12.4208
-2.68 13.4516
-2.5775 14.6982
-2.475 12.5224
-2.325 14.2384
-2.175 12.7372
-2.0775 13.9816
-1.98 13.0637
-1.8375 13.064
-1.695 13.4325
-1.595 11.8454
-1.495 14.0209
-1.3525 12.229
-1.21 12.2371
-1.115 12.2688
-1.02 12.5242
-0.8825 12.4529
-0.745 11.1839
-0.655 14.6357
-0.565 10.6474
-0.4325 11.0871
-0.3 10.9013
-0.2 11.5357
-0.1 10.3079
0 10.1644
0.1 11.9401
0.2 12.1486
0.3 12.1514
0.4325 10.8069
0.565 11.1421
0.655 11.4689
0.745 10.3429
0.8825 12.9249
1.02 11.8407
1.115 12.8407
1.21 11.7927
1.3525 13.2397
1.495 12.7705
1.595 12.5529
1.695 11.9862
1.8375 11.8919
1.98 14.2701
2.0775 12.974
2.175 13.6814
2.325 15.0633
2.475 16.904
2.5775 13.0557
2.68 14.2191
2.825 14.279
2.97 14.8596
3.07 16.2256
3.17 14.4679
3.32 14.8167
3.47 12.3527
3.57 14.1346
3.67 16.7176
3.82 18.6398
3.97 19.1446
4.07 20.7357
4.17 20.3961
4.32 23.9203
4.47 23.0495
4.57 18.1857
4.67 17.0455
