-3.17 3.22179
-3.07 2.94106
-2.97 2.95669
-2.825 2.56475
-2.68 3.07683
-2.5775 3.09585
-2.475 2.71402
-2.325 2.93589
-2.175 2.85892
-2.0775 3.24388
-1.98 3.13683
-1.8375 3.14412
-1.695 2.95111
-1.595 3.04087
-1.495 3.29111
-1.3525 2.85856
-1.21 2.96536
-1.115 3.04711
-1.02 3.19786
-0.8825 3.28192
-0.745 3.13749
-0.655 3.51432
-0.565 2.58653
-0.4325 2.87246
-0.3 3.09755
-0.2 2.92109
-0.1 2.51859
0 2.72949
0.1 3.19995
0.2 3.36483
0.3 3.3304
0.4325 2.56806
0.565 3.0302
0.655 3.09693
0.745 2.65936
0.8825 2.88937
1.02 2.71877
1.115 3.26858
1.21 3.07181
1.3525 3.00654
1.495 3.44763
1.595 3.03994
1.695 3.05662
1.8375 3.24585
1.98 3.54374
2.0775 3.12565
2.175 2.81105
2.325 3.18925
2.475 3.49888
2.5775 2.73136
2.68 3.09649
2.825 2.35971
2.97 2.88821
3.07 2.80221
3.17 2.77937
3.32 2.55903
3.47 2.30366
3.57 2.80106
3.67 2.55332
3.82 3.11111
3.97 3.04544
4.07 3.08278
4.17 2.98176
4.32 3.31166
4.47 3.04494
4.57 2.64741
4.67 2.23852
