-4.67 6.48545
-4.47 10.9038
-4.17 9.72133
-3.97 7.28415
-3.67 6.97925
-3.47 8.69529
-3.17 10.1969
-2.97 11.9224
-2.68 8.6582
-2.475 7.18309
-2.175 13.9773
-1.98 14.5973
-1.695 23.1342
-1.495 26.8039
-1.21 32.4061
-1.02 20.0496
-0.745 21.1542
-0.565 23.6916
-0.3 34.4534
-0.1 28.9974
0.1 26.3266
0.3 14.3029
0.565 27.3363
0.745 17.7436
1.02 17.8921
1.21 26.0508
1.495 14.9213
1.695 15.8378
1.98 19.4611
2.175 10.0147
2.475 12.3671
2.68 11.8551
2.97 14.8693
3.17 6.63592
3.47 6.20755
3.67 8.98763
3.97 6.30687
4.17 7.76433
4.47 6.79651
4.67 10.8424
