#1-Q [GeV] 2-Rapport_phase_distribution
3.001 2.17925
3.01772 3.11674
3.03444 1.90741
3.05116 2.08927
3.06788 2.08882
3.0846 1.60835
3.10131 3.074
3.11803 1.80864
3.13475 1.73686
3.15147 1.33709
3.16819 1.635
3.18491 1.4843
3.20163 1.48399
3.21835 2.5949
3.23507 1.5412
3.25179 1.50746
3.26851 2.21806
3.28522 1.85333
3.30194 1.74934
3.31866 3.29035
3.33538 1.91124
3.3521 2.15134
3.36882 1.78009
3.38554 2.09693
3.40226 1.49458
3.41898 1.82009
3.4357 1.39015
3.45241 3.39168
3.46913 2.86384
3.48585 2.13189
3.50257 1.6108
3.51929 2.11317
3.53601 1.7418
3.55273 1.67576
3.56945 1.30913
3.58617 1.90761
3.60289 2.83687
3.61961 1.69241
3.63632 2.01495
3.65304 2.30103
3.66976 2.04895
3.68648 2.11486
3.7032 0.854465
3.71992 1.29513
3.73664 1.31309
3.75336 1.87036
3.77008 2.0948
3.7868 1.17035
3.80352 1.63871
3.82023 2.14745
3.83695 1.7666
3.85367 1.14635
3.87039 1.26636
3.88711 1.39571
3.90383 2.07931
3.92055 2.39421
3.93727 1.67366
3.95399 2.15069
3.97071 2.9869
3.98742 1.7839
4.00414 1.45356
4.02086 2.8816
4.03758 1.80855
4.0543 1.58838
4.07102 1.21496
4.08774 1.85384
4.10446 3.36787
4.12118 2.38254
4.1379 2.35038
4.15462 2.128
4.17133 2.98593
4.18805 1.37058
4.20477 1.5453
4.22149 5.24205
4.23821 2.21525
4.25493 1.34095
4.27165 3.26955
4.28837 1.96334
4.30509 3.34645
4.32181 1.49595
4.33853 2.47424
4.35524 3.19583
4.37196 2.2934
4.38868 1.97757
4.4054 2.45253
4.42212 1.53554
4.43884 1.59283
4.45556 2.01053
4.47228 1.76748
4.489 1.81419
4.50572 1.14677
4.52243 2.32365
4.53915 1.27483
4.55587 0.818326
4.57259 1.60444
4.58931 2.07603
4.60603 1.59765
4.62275 1.94556
4.63947 2.2548
4.65619 1.83767
4.67291 1.33901
4.68963 1.00802
4.70634 1.48702
4.72306 2.60516
4.73978 1.25483
4.7565 2.08255
4.77322 2.03265
4.78994 1.29707
4.80666 1.86078
4.82338 1.68869
4.8401 2.94392
4.85682 2.8155
4.87354 1.37938
4.89025 1.00136
4.90697 1.75681
4.92369 1.56285
4.94041 1.17068
4.95713 2.61737
4.97385 1.59783
4.99057 3.2931
5.00729 47.649
5.02401 2.95834
5.04073 2.08527
5.05744 2.94095
5.07416 1.8543
5.09088 2.4143
5.1076 1.2819
5.12432 1.31155
5.14104 3.12037
5.15776 1.26399
5.17448 2.94473
5.1912 1.43106
5.20792 2.03478
5.22464 2.72539
5.24135 2.09832
5.25807 1.49016
5.27479 2.19472
5.29151 1.37543
5.30823 1.48134
5.32495 2.15997
5.34167 2.46086
5.35839 0.808148
5.37511 1.95562
5.39183 2.04643
5.40855 2.63406
5.42526 0.769531
5.44198 1.30339
5.4587 1.57852
5.47542 1.71286
5.49214 1.86193
5.50886 3.17812
5.52558 1.75957
5.5423 1.51427
5.55902 2.39219
5.57574 2.25044
5.59245 0.857913
5.60917 2.92784
5.62589 1.16594
5.64261 2.79377
5.65933 4.21068
5.67605 2.16044
5.69277 4.38014
5.70949 0.877277
5.72621 2.31425
5.74293 3.4657
5.75965 1.4618
5.77636 1.4879
5.79308 1.73379
5.8098 1.39489
5.82652 3.3924
5.84324 1.12581
5.85996 1.00786
5.87668 0.76922
5.8934 1.45162
5.91012 1.65678
5.92684 1.10803
5.94356 3.62095
5.96027 1.26614
5.97699 1.10926
5.99371 1.93619
6.01043 4.59175
6.02715 2.37278
6.04387 2.72637
6.06059 1.81958
6.07731 2.92093
6.09403 1.63913
6.11075 2.22158
6.12746 2.32542
6.14418 1.56245
6.1609 2.15096
6.17762 3.76214
6.19434 1.05558
6.21106 1.96278
6.22778 1.40107
6.2445 5.19479
6.26122 21.1266
6.27794 1.26392
6.29466 1.84698
6.31137 3.58149
6.32809 2.87326
6.34481 1.36112
6.36153 2.4369
6.37825 1.53653
6.39497 1.23564
6.41169 4.55503
6.42841 1.66998
6.44513 1.03947
6.46185 3.0708
6.47857 1.72342
6.49528 2.49659
6.512 0.866568
6.52872 2.71564
6.54544 1.58059
6.56216 1.29558
6.57888 3.6336
6.5956 1.20561
6.61232 1.51979
6.62904 4.88329
6.64576 0.782985
6.66247 1.8471
6.67919 0.779749
6.69591 1.6285
6.71263 2.98298
6.72935 1.59495
6.74607 0.554724
6.76279 1.01783
6.77951 2.65763
6.79623 0.695955
6.81295 2.31031
6.82967 1.62779
6.84638 2.19099
6.8631 1.01413
6.87982 5.44386
6.89654 0.912395
6.91326 1.47542
6.92998 3.11038
6.9467 4.78776
6.96342 1.30282
6.98014 0.568398
6.99686 3.02278
7.01358 1.56367
7.03029 2.04554
7.04701 2.02816
7.06373 0.802327
7.08045 0.60151
7.09717 2.07595
7.11389 1.28322
7.13061 1.8124
7.14733 1.28248
7.16405 2.01852
7.18077 2.18305
7.19748 1.27307
7.2142 1.60658
7.23092 2.77433
7.24764 2.39564
7.26436 0.967097
7.28108 2.97035
7.2978 1.59883
7.31452 1.21469
7.33124 2.02395
7.34796 1.87025
7.36468 1.61632
7.38139 1.74141
7.39811 3.95616
7.41483 1.65436
7.43155 1.06654
7.44827 2.71833
7.46499 0.808092
7.48171 0.939574
7.49843 1.74492
7.51515 3.76129
7.53187 7.34373
7.54859 1.5751
7.5653 2.27775
7.58202 1.09554
7.59874 1.88025
7.61546 1.73993
7.63218 4.08397
7.6489 5.53176
7.66562 2.31862
7.68234 0.937067
7.69906 1.16556
7.71578 2.07889
7.73249 5.0454
7.74921 2.05267
7.76593 2.21619
7.78265 1.83565
7.79937 1.4425
7.81609 1.41769
7.83281 0.58092
7.84953 2.95782
7.86625 1.77619
7.88297 0.904023
7.89969 0.794986
7.9164 1.94273
7.93312 0.655233
7.94984 4.01393
7.96656 1.39568
7.98328 2.87794
8 1.81477
