-3.17 2.96239
-3.07 2.5709
-2.97 2.17732
-2.825 2.33335
-2.68 2.01093
-2.5775 2.39552
-2.475 1.90931
-2.325 1.89843
-2.175 1.7186
-2.0775 2.4346
-1.98 2.46108
-1.8375 2.33769
-1.695 2.09002
-1.595 2.30325
-1.495 1.98333
-1.3525 2.32487
-1.21 2.44244
-1.115 1.72263
-1.02 2.19122
-0.8825 2.21624
-0.745 2.49153
-0.655 2.39104
-0.565 2.41988
-0.4325 2.23198
-0.3 2.40744
-0.2 2.75468
-0.1 2.2933
0 2.35483
0.1 2.25358
0.2 3.22342
0.3 2.22896
0.4325 1.99635
0.565 2.13737
0.655 2.75693
0.745 2.49406
0.8825 1.98201
1.02 2.34689
1.115 2.15684
1.21 2.53581
1.3525 2.08841
1.495 2.63748
1.595 2.02016
1.695 2.24527
1.8375 2.45845
1.98 2.40033
2.0775 2.97538
2.175 2.26981
2.325 1.72716
2.475 2.04385
2.5775 2.14103
2.68 1.93608
2.825 2.6544
2.97 2.26462
3.07 2.81621
3.17 3.0131
3.32 2.57057
3.47 2.23704
3.57 1.70541
3.67 2.32897
3.82 1.67155
3.97 2.70596
4.07 2.11087
4.17 2.55391
4.32 2.61601
4.47 1.89778
4.57 2.80671
4.67 2.29539
