-4.67 1.43709
-4.47 1.48609
-4.17 1.80376
-3.97 2.3406
-3.67 1.45955
-3.47 3.75786
-3.17 3.34552
-2.97 2.58341
-2.68 3.67986
-2.475 2.73294
-2.175 3.07954
-1.98 3.92688
-1.695 8.47249
-1.495 7.71512
-1.21 5.0266
-1.02 6.79162
-0.745 9.35306
-0.565 6.76476
-0.3 5.56359
-0.1 6.57273
0.1 7.8367
0.3 6.4422
0.565 6.41381
0.745 6.06521
1.02 5.25467
1.21 4.50897
1.495 8.64828
1.695 4.56727
1.98 4.45781
2.175 7.85381
2.475 2.75186
2.68 2.86669
2.97 5.1235
3.17 2.63887
3.47 1.68503
3.67 2.04906
3.97 2.69654
4.17 1.3834
4.47 1.70197
4.67 1.3926
