-4.67 5.42319
-4.47 3.06063
-4.17 2.64502
-3.97 4.23852
-3.67 5.27958
-3.47 8.54517
-3.17 7.98835
-2.97 7.11998
-2.68 5.20246
-2.475 6.40504
-2.175 8.9322
-1.98 8.33574
-1.695 9.93057
-1.495 8.75426
-1.21 11.9999
-1.02 9.7678
-0.745 10.8767
-0.565 10.3259
-0.3 17.3559
-0.1 10.3411
0.1 12.5034
0.3 9.76153
0.565 16.0838
0.745 10.3068
1.02 11.8108
1.21 12.7182
1.495 10.5415
1.695 12.1779
1.98 8.425
2.175 7.35767
2.475 7.33535
2.68 4.51866
2.97 5.76757
3.17 4.97105
3.47 4.55625
3.67 4.45351
3.97 3.7911
4.17 5.17185
4.47 7.51102
4.67 4.56455
