-3.17 43.3292
-3.07 41.1292
-2.97 44.6331
-2.825 48.9968
-2.68 33.7577
-2.5775 30.4874
-2.475 38.1967
-2.325 57.0221
-2.175 40.2204
-2.0775 33.0278
-1.98 35.3333
-1.8375 28.864
-1.695 50.6407
-1.595 43.1244
-1.495 47.2128
-1.3525 45.925
-1.21 32.2508
-1.115 47.2335
-1.02 58.6096
-0.8825 37.4672
-0.745 54.807
-0.655 24.8438
-0.565 40.3567
-0.4325 42.049
-0.3 43.0713
-0.2 24.6389
-0.1 57.2992
0 26.6377
0.1 27.188
0.2 23.1789
0.3 56.8747
0.4325 44.2987
0.565 60.1335
0.655 49.3956
0.745 33.719
0.8825 40.4557
1.02 45.083
1.115 29.3942
1.21 36.6873
1.3525 45.9595
1.495 53.7816
1.595 30.3833
1.695 29.8517
1.8375 32.8642
1.98 45.7107
2.0775 29.4359
2.175 25.874
2.325 30.8536
2.475 26.503
2.5775 70.273
2.68 33.7233
2.825 49.4833
2.97 33.5915
3.07 29.5418
3.17 54.8123
3.32 30.0933
3.57 49.0812
3.67 46.9619
3.82 55.0022
3.97 30.5272
4.17 54.2005
4.32 42.7142
4.57 52.6975
4.67 53.197
