-4.67 3.85004
-4.47 4.23605
-4.17 2.62062
-3.97 3.879
-3.67 5.21745
-3.47 2.59136
-3.17 5.4024
-2.97 7.7658
-2.68 7.63095
-2.475 3.81561
-2.175 9.04487
-1.98 5.27532
-1.695 9.30565
-1.495 11.1352
-1.21 10.9895
-1.02 10.5106
-0.745 11.8453
-0.565 5.9883
-0.3 9.85082
-0.1 7.83245
0.1 12.1902
0.3 8.62314
0.565 7.58616
0.745 8.61866
1.02 9.39483
1.21 9.95946
1.495 7.74446
1.695 10.9622
1.98 5.92231
2.175 6.25973
2.475 6.43549
2.68 5.39438
2.97 4.68549
3.17 2.95272
3.47 7.47286
3.67 7.15275
3.97 4.56464
4.17 2.85493
4.47 6.23562
4.67 5.12
