-3.17 47.2889
-3.07 44.3452
-2.97 45.9523
-2.825 37.2624
-2.68 40.3549
-2.5775 44.0946
-2.475 37.5672
-2.325 42.7151
-2.175 38.2115
-2.0775 41.9448
-1.98 39.191
-1.8375 39.1921
-1.695 40.2975
-1.595 35.5363
-1.495 42.0628
-1.3525 36.687
-1.21 36.7114
-1.115 36.8063
-1.02 37.5726
-0.8825 37.3586
-0.745 33.5517
-0.655 43.907
-0.565 31.9422
-0.4325 33.2614
-0.3 32.7039
-0.2 34.607
-0.1 30.9237
0 30.4933
0.1 35.8202
0.2 36.4457
0.3 36.4543
0.4325 32.4207
0.565 33.4262
0.655 34.4067
0.745 31.0288
0.8825 38.7748
1.02 35.522
1.115 38.5222
1.21 35.3782
1.3525 39.7191
1.495 38.3116
1.595 37.6588
1.695 35.9585
1.8375 35.6758
1.98 42.8104
2.0775 38.9221
2.175 41.0442
2.325 45.19
2.475 50.712
2.5775 39.1671
2.68 42.6572
2.825 42.8369
2.97 44.5787
3.07 48.6769
3.17 43.4037
3.32 44.4502
3.47 37.0581
3.57 42.4039
3.67 50.1528
3.82 55.9195
3.97 57.4338
4.07 62.2072
4.17 61.1883
4.32 71.761
4.47 69.1485
4.57 54.5572
4.67 51.1365
