-4.67 5.24747
-4.47 3.21622
-4.17 11.9214
-3.97 6.13823
-3.67 9.83137
-3.47 9.23405
-3.17 9.09984
-2.97 7.6826
-2.68 7.24275
-2.475 12.4761
-2.175 10.7969
-1.98 15.6123
-1.695 20.6459
-1.495 22.3685
-1.21 14.6213
-1.02 15.7339
-0.745 18.5207
-0.565 21.8219
-0.3 11.285
-0.1 15.7024
0.1 19.8117
0.3 22.3249
0.565 16.8228
0.745 18.5266
1.02 20.5102
1.21 13.5363
1.495 10.8561
1.695 16.1267
1.98 15.9093
2.175 9.49052
2.475 10.3866
2.68 9.14682
2.97 9.90696
3.17 8.3739
3.47 7.5152
3.67 4.91206
3.97 9.11713
4.17 8.8392
4.47 11.3572
4.67 7.80919
