-3.17 9.66538
-3.07 8.82319
-2.97 8.87008
-2.825 7.69426
-2.68 9.2305
-2.5775 9.28756
-2.475 8.14207
-2.325 8.80766
-2.175 8.57676
-2.0775 9.73164
-1.98 9.4105
-1.8375 9.43236
-1.695 8.85332
-1.595 9.12261
-1.495 9.87333
-1.3525 8.57567
-1.21 8.89609
-1.115 9.14132
-1.02 9.59358
-0.8825 9.84575
-0.745 9.41247
-0.655 10.543
-0.565 7.75958
-0.4325 8.61737
-0.3 9.29266
-0.2 8.76328
-0.1 7.55578
0 8.18848
0.1 9.59984
0.2 10.0945
0.3 9.99121
0.4325 7.70419
0.565 9.0906
0.655 9.29078
0.745 7.97808
0.8825 8.6681
1.02 8.15631
1.115 9.80575
1.21 9.21542
1.3525 9.01961
1.495 10.3429
1.595 9.11982
1.695 9.16986
1.8375 9.73754
1.98 10.6312
2.0775 9.37694
2.175 8.43315
2.325 9.56775
2.475 10.4966
2.5775 8.19409
2.68 9.28948
2.825 7.07913
2.97 8.66462
3.07 8.40662
3.17 8.33812
3.32 7.67708
3.47 6.91099
3.57 8.40319
3.67 7.65997
3.82 9.33333
3.97 9.13632
4.07 9.24834
4.17 8.94527
4.32 9.93499
4.47 9.13481
4.57 7.94224
4.67 6.71557
