-4.67 11.5502
-4.47 18.2606
-4.17 17.0757
-3.97 11.6529
-3.67 18.3098
-3.47 14.9586
-3.17 15.8936
-2.97 17.8332
-2.68 22.5998
-2.475 26.0653
-2.175 28.5944
-1.98 22.9745
-1.695 50.5417
-1.495 30.3664
-1.21 32.0246
-1.02 38.4621
-0.745 36.5908
-0.565 28.3823
-0.3 40.0992
-0.1 39.7977
0.1 43.6051
0.3 42.0619
0.565 30.9479
0.745 22.4676
1.02 37.529
1.21 24.1141
1.495 32.6269
1.695 17.4847
1.98 31.825
2.175 14.9614
2.475 33.0506
2.68 16.5427
2.97 17.526
3.17 23.2992
3.47 13.784
3.67 15.7877
3.97 14.6971
4.17 12.4488
4.47 11.4271
4.67 11.7962
