3.001 0.0375838 0.0359116 0.00167221
3.01772 0.158454 0.152044 0.00640973
3.03444 0.244427 0.235958 0.00846863
3.05116 0.270441 0.26166 0.00878143
3.06788 0.313217 0.302666 0.0105508
3.0846 0.397404 0.385402 0.0120018
3.10131 0.369961 0.357181 0.0127801
3.11803 0.441269 0.428274 0.012995
3.13475 0.357821 0.344612 0.0132098
3.15147 0.453739 0.439884 0.0138549
3.16819 0.487099 0.472798 0.0143016
3.18491 0.440009 0.426006 0.0140028
3.20163 0.558528 0.544405 0.0141235
3.21835 0.569951 0.556956 0.012995
3.23507 0.570427 0.556194 0.0142329
3.25179 0.618351 0.605257 0.0130938
3.26851 0.572484 0.559666 0.0128172
3.28522 0.476719 0.463009 0.0137094
3.30194 0.60858 0.595794 0.0127867
3.31866 0.559039 0.547652 0.0113871
3.33538 0.623371 0.611938 0.0114327
3.3521 0.586818 0.57601 0.010808
3.36882 0.646677 0.635264 0.0114129
3.38554 0.60723 0.59676 0.0104699
3.40226 0.584674 0.574067 0.010607
3.41898 0.646193 0.634195 0.0119982
3.4357 0.651396 0.640534 0.0108621
3.45241 0.538764 0.527976 0.0107888
3.46913 0.516845 0.506088 0.0107576
3.48585 0.642624 0.63276 0.00986421
3.50257 0.688436 0.678886 0.00955074
3.51929 0.629756 0.620843 0.008913
3.53601 0.728712 0.719045 0.0096671
3.55273 0.658909 0.649928 0.00898152
3.56945 0.670293 0.661903 0.00838986
3.58617 0.571297 0.563963 0.00733396
3.60289 0.642671 0.634745 0.00792554
3.61961 0.628008 0.619519 0.00848952
3.63632 0.697149 0.689253 0.00789566
3.65304 0.661943 0.654239 0.00770377
3.66976 0.624513 0.617651 0.00686196
3.68648 0.628983 0.622752 0.00623106
3.7032 0.710691 0.704125 0.0065653
3.71992 0.699624 0.693476 0.00614777
3.73664 0.593839 0.588147 0.00569217
3.75336 0.700516 0.69509 0.00542642
3.77008 0.579232 0.573774 0.00545892
3.7868 0.699233 0.693692 0.00554125
3.80352 0.555797 0.550423 0.00537392
3.82023 0.672163 0.667131 0.00503215
3.83695 0.62132 0.616215 0.00510516
3.85367 0.67482 0.670506 0.00431402
3.87039 0.628516 0.623798 0.00471733
3.88711 0.615017 0.611122 0.00389482
3.90383 0.571804 0.567389 0.00441426
3.92055 0.685333 0.681161 0.00417145
3.93727 0.5562 0.552869 0.00333101
3.95399 0.49842 0.494713 0.0037075
3.97071 0.64239 0.639027 0.00336302
3.98742 0.605999 0.602922 0.00307744
4.00414 0.591916 0.588611 0.00330483
4.02086 0.67272 0.669728 0.00299145
4.03758 0.544367 0.541654 0.00271287
4.0543 0.441058 0.438245 0.00281348
4.07102 0.440044 0.437427 0.00261705
4.08774 0.520548 0.517983 0.00256505
4.10446 0.538053 0.535641 0.00241154
4.12118 0.481358 0.479123 0.00223569
4.1379 0.518609 0.516326 0.00228303
4.15462 0.599592 0.597536 0.00205643
4.17133 0.544501 0.54252 0.00198122
4.18805 0.587277 0.585281 0.00199626
4.20477 0.403507 0.401449 0.00205876
4.22149 0.529144 0.527138 0.00200617
4.23821 0.439406 0.437752 0.00165445
4.25493 0.545054 0.543326 0.00172813
4.27165 0.610324 0.608616 0.00170856
4.28837 0.521852 0.520389 0.0014632
4.30509 0.443312 0.441939 0.00137245
4.32181 0.497356 0.495855 0.00150134
4.33853 0.366455 0.36514 0.0013155
4.35524 0.464792 0.463485 0.00130681
4.37196 0.483135 0.481827 0.00130845
4.38868 0.497165 0.496033 0.00113176
4.4054 0.334355 0.333207 0.00114752
4.42212 0.327402 0.326411 0.000990585
4.43884 0.480631 0.479552 0.00107862
4.45556 0.461491 0.460473 0.0010187
4.47228 0.700719 0.699786 0.000933119
4.489 0.421025 0.42019 0.000834927
4.50572 0.346499 0.34569 0.000809139
4.52243 0.387807 0.38702 0.000786937
4.53915 0.461499 0.460661 0.000838128
4.55587 0.371058 0.370345 0.000713535
4.57259 0.399808 0.39911 0.000698032
4.58931 0.531495 0.530881 0.000613576
4.60603 0.41023 0.409532 0.000698639
4.62275 0.465454 0.464818 0.000636372
4.63947 0.450496 0.449835 0.000660608
4.65619 0.341359 0.340807 0.00055182
4.67291 0.374869 0.374265 0.000604225
4.68963 0.34517 0.344673 0.00049668
4.70634 0.487931 0.487501 0.000430555
4.72306 0.395434 0.394979 0.000454963
4.73978 0.394212 0.393735 0.00047679
4.7565 0.351755 0.351322 0.00043321
4.77322 0.431703 0.431315 0.000387691
4.78994 0.32089 0.320471 0.000419041
4.80666 0.287215 0.286853 0.000362799
4.82338 0.31345 0.313088 0.000362369
4.8401 0.258984 0.258696 0.000287905
4.85682 0.431358 0.431052 0.000306005
4.87354 0.504898 0.504595 0.00030301
4.89025 0.408343 0.408027 0.000316229
4.90697 0.471556 0.471279 0.000277259
4.92369 0.430021 0.429755 0.000265301
4.94041 0.441357 0.441109 0.000247558
4.95713 0.338802 0.33854 0.000261965
4.97385 0.237967 0.237728 0.00023889
4.99057 0.385422 0.385206 0.000215684
5.00729 0.283592 0.283387 0.000204819
5.02401 0.338425 0.338243 0.000181913
5.04073 0.249607 0.249437 0.00017026
5.05744 0.342741 0.342575 0.000165869
5.07416 0.331094 0.330932 0.000161733
5.09088 0.503025 0.502848 0.00017712
5.1076 0.297829 0.297676 0.000152814
5.12432 0.351315 0.351169 0.000146885
5.14104 0.35475 0.354594 0.000156159
5.15776 0.308595 0.308446 0.000148983
5.17448 0.327002 0.326883 0.000118467
5.1912 0.334639 0.334507 0.000132508
5.20792 0.297691 0.297567 0.000124356
5.22464 0.27217 0.272047 0.000123326
5.24135 0.315724 0.31563 9.42302e-05
5.25807 0.254247 0.254148 9.98641e-05
5.27479 0.303009 0.302905 0.000103839
5.29151 0.27291 0.272821 8.82793e-05
5.30823 0.272458 0.272361 9.65396e-05
5.32495 0.478977 0.478889 8.74454e-05
5.34167 0.378498 0.378421 7.72534e-05
5.35839 0.221067 0.220983 8.34827e-05
5.37511 0.237021 0.23695 7.13599e-05
5.39183 0.204705 0.204645 6.01108e-05
5.40855 0.223339 0.223275 6.37204e-05
5.42526 0.234885 0.234825 6.01609e-05
5.44198 0.150433 0.150374 5.92745e-05
5.4587 0.199607 0.199565 4.27363e-05
5.47542 0.23842 0.238367 5.38647e-05
5.49214 0.207592 0.207546 4.60795e-05
5.50886 0.183918 0.183873 4.47943e-05
5.52558 0.256492 0.256445 4.69194e-05
5.5423 0.214197 0.214154 4.31261e-05
5.55902 0.172842 0.172802 3.977e-05
5.57574 0.266978 0.266943 3.54726e-05
5.59245 0.279834 0.279795 3.8391e-05
5.60917 0.248624 0.248583 4.14628e-05
5.62589 0.22274 0.222707 3.30781e-05
5.64261 0.282874 0.282842 3.28401e-05
5.65933 0.168648 0.168615 3.35114e-05
5.67605 0.252672 0.252639 3.32722e-05
5.69277 0.201485 0.201457 2.72252e-05
5.70949 0.163873 0.163844 2.88275e-05
5.72621 0.180042 0.180015 2.68132e-05
5.74293 0.217238 0.217211 2.67346e-05
5.75965 0.127586 0.127563 2.33191e-05
5.77636 0.224894 0.224874 1.99159e-05
5.79308 0.170985 0.170963 2.25206e-05
5.8098 0.209339 0.209319 1.98801e-05
5.82652 0.128642 0.128626 1.54889e-05
5.84324 0.246257 0.246239 1.75466e-05
5.85996 0.127169 0.12715 1.88887e-05
5.87668 0.192794 0.192777 1.72857e-05
5.8934 0.188785 0.18877 1.52304e-05
5.91012 0.190064 0.190048 1.58494e-05
5.92684 0.185433 0.185418 1.55999e-05
5.94356 0.142008 0.141996 1.19975e-05
5.96027 0.134415 0.134402 1.259e-05
5.97699 0.183664 0.183652 1.24169e-05
5.99371 0.237414 0.237402 1.18548e-05
6.01043 0.14988 0.149869 1.11069e-05
6.02715 0.272794 0.272782 1.17399e-05
6.04387 0.12541 0.1254 1.06448e-05
6.06059 0.112132 0.112123 9.37714e-06
6.07731 0.0997869 0.0997777 9.19588e-06
6.09403 0.112207 0.112199 7.8598e-06
6.11075 0.20128 0.201272 8.05986e-06
6.12746 0.250825 0.250818 6.65094e-06
6.14418 0.103803 0.103796 7.17827e-06
6.1609 0.238662 0.238656 6.69038e-06
6.17762 0.181241 0.181234 6.49999e-06
6.19434 0.11837 0.118365 5.46582e-06
6.21106 0.10179 0.101784 6.05971e-06
6.22778 0.157595 0.157588 6.80565e-06
6.2445 0.19585 0.195844 5.91047e-06
6.26122 0.138859 0.138854 5.12184e-06
6.27794 0.226915 0.22691 5.00235e-06
6.29466 0.128263 0.128259 3.97112e-06
6.31137 0.312901 0.312895 5.23825e-06
6.32809 0.106349 0.106345 4.39271e-06
6.34481 0.210939 0.210936 3.61618e-06
6.36153 0.126259 0.126256 3.23267e-06
6.37825 0.232375 0.23237 4.15793e-06
6.39497 0.14259 0.142587 3.58269e-06
6.41169 0.207171 0.207167 3.42931e-06
6.42841 0.0754644 0.0754608 3.53964e-06
6.44513 0.115981 0.115977 3.63212e-06
6.46185 0.193203 0.1932 2.90325e-06
6.47857 0.154874 0.154871 3.2327e-06
6.49528 0.176834 0.176831 2.63323e-06
6.512 0.135936 0.135934 2.45123e-06
6.52872 0.107 0.106997 2.21857e-06
6.54544 0.079236 0.0792332 2.87022e-06
6.56216 0.140842 0.140839 2.48304e-06
6.57888 0.120445 0.120443 2.15787e-06
6.5956 0.157824 0.157822 1.85822e-06
6.61232 0.119329 0.119328 1.61663e-06
6.62904 0.0975368 0.097535 1.75972e-06
6.64576 0.164204 0.164202 1.54667e-06
6.66247 0.144869 0.144867 1.8035e-06
6.67919 0.219114 0.219113 1.62413e-06
6.69591 0.097284 0.0972825 1.50134e-06
6.71263 0.0954614 0.0954599 1.52121e-06
6.72935 0.137313 0.137312 1.25974e-06
6.74607 0.13846 0.138458 1.4573e-06
6.76279 0.203186 0.203184 1.16414e-06
6.77951 0.165673 0.165672 1.02519e-06
6.79623 0.167759 0.167758 9.7355e-07
6.81295 0.0736189 0.0736178 1.18387e-06
6.82967 0.249398 0.249397 1.15013e-06
6.84638 0.0570551 0.0570541 9.79715e-07
6.8631 0.0822419 0.0822409 1.0279e-06
6.87982 0.0562218 0.056221 8.37648e-07
6.89654 0.156782 0.156781 8.739e-07
6.91326 0.105774 0.105773 6.9691e-07
6.92998 0.0807819 0.0807812 6.49357e-07
6.9467 0.137788 0.137787 6.82597e-07
6.96342 0.183582 0.183581 6.98707e-07
6.98014 0.253291 0.25329 6.63143e-07
6.99686 0.0767482 0.0767477 4.7825e-07
7.01358 0.0868181 0.0868175 6.39889e-07
7.03029 0.0629418 0.0629412 5.81799e-07
7.04701 0.0716969 0.0716963 5.62139e-07
7.06373 0.083069 0.0830685 4.98291e-07
7.08045 0.061884 0.0618835 4.71054e-07
7.09717 0.0829482 0.0829477 4.50615e-07
7.11389 0.139486 0.139486 3.77319e-07
7.13061 0.0686466 0.0686462 4.27232e-07
7.14733 0.0500469 0.0500465 4.08286e-07
7.16405 0.0517698 0.0517695 3.85872e-07
7.18077 0.131429 0.131428 3.75008e-07
7.19748 0.0498543 0.049854 3.34703e-07
7.2142 0.0624794 0.062479 3.44078e-07
7.23092 0.0503412 0.0503409 2.77932e-07
7.24764 0.0717131 0.0717128 2.75272e-07
7.26436 0.0771923 0.077192 3.13158e-07
7.28108 0.106054 0.106054 2.56849e-07
7.2978 0.0789366 0.0789364 2.50074e-07
7.31452 0.0807675 0.0807673 1.9167e-07
7.33124 0.10562 0.10562 1.91647e-07
7.34796 0.0816454 0.0816452 2.09865e-07
7.36468 0.108209 0.108209 2.03224e-07
7.38139 0.0604919 0.0604918 1.59252e-07
7.39811 0.0581042 0.058104 1.60522e-07
7.41483 0.054682 0.0546818 1.50117e-07
7.43155 0.0586105 0.0586103 1.65001e-07
7.44827 0.0919435 0.0919433 1.39914e-07
7.46499 0.0549092 0.0549091 1.45139e-07
7.48171 0.0818557 0.0818556 1.40207e-07
7.49843 0.0685031 0.068503 1.55651e-07
7.51515 0.0558886 0.0558885 1.05263e-07
7.53187 0.0758197 0.0758196 1.0753e-07
7.54859 0.0673017 0.0673016 1.02548e-07
7.5653 0.159782 0.159782 1.24822e-07
7.58202 0.074807 0.0748069 1.06144e-07
7.59874 0.084359 0.0843589 7.92742e-08
7.61546 0.0355668 0.0355667 9.67227e-08
7.63218 0.0439043 0.0439042 9.42583e-08
7.6489 0.0373664 0.0373663 8.94582e-08
7.66562 0.0278818 0.0278817 8.38802e-08
7.68234 0.102993 0.102993 6.98205e-08
7.69906 0.0689968 0.0689967 6.2862e-08
7.71578 0.11399 0.11399 6.40772e-08
7.73249 0.0956321 0.095632 7.08859e-08
7.74921 0.100903 0.100903 6.18231e-08
7.76593 0.0347654 0.0347654 6.36898e-08
7.78265 0.0313743 0.0313742 5.62676e-08
7.79937 0.0443023 0.0443022 5.98726e-08
7.81609 0.123583 0.123583 4.45675e-08
7.83281 0.190442 0.190442 4.2026e-08
7.84953 0.0231268 0.0231268 4.03791e-08
7.86625 0.0734771 0.073477 5.5737e-08
7.88297 0.0579101 0.05791 4.93885e-08
7.89969 0.0398763 0.0398763 4.32653e-08
7.9164 0.0416149 0.0416149 3.62102e-08
7.93312 0.0212851 0.0212851 3.66809e-08
7.94984 0.0451981 0.0451981 3.06507e-08
7.96656 0.0454484 0.0454483 3.97739e-08
7.98328 0.0435138 0.0435138 3.3914e-08
8 0.0725896 0.0725895 2.18532e-08
