3.001 0.0250418 0.0133601 0.0116817
3.01772 0.0998961 0.0505146 0.0493815
3.03444 0.124217 0.0639884 0.060229
3.05116 0.160532 0.0865754 0.0739563
3.06788 0.166283 0.0863886 0.079894
3.0846 0.184522 0.0992096 0.0853129
3.10131 0.188276 0.0994773 0.0887986
3.11803 0.200718 0.105995 0.0947234
3.13475 0.215826 0.117996 0.09783
3.15147 0.196495 0.111447 0.0850475
3.16819 0.218741 0.119938 0.0988031
3.18491 0.223907 0.120297 0.10361
3.20163 0.214083 0.118142 0.0959416
3.21835 0.219188 0.121907 0.0972802
3.23507 0.200788 0.117819 0.0829691
3.25179 0.217019 0.126118 0.0909012
3.26851 0.202499 0.118304 0.084195
3.28522 0.22413 0.129464 0.0946664
3.30194 0.206004 0.121319 0.084685
3.31866 0.219406 0.130629 0.0887771
3.33538 0.208687 0.122442 0.0862456
3.3521 0.212808 0.12969 0.0831178
3.36882 0.200287 0.114874 0.0854129
3.38554 0.202271 0.125615 0.0766568
3.40226 0.206425 0.123094 0.0833314
3.41898 0.191527 0.117676 0.0738509
3.4357 0.202143 0.125525 0.0766182
3.45241 0.198467 0.123908 0.0745586
3.46913 0.186538 0.119389 0.0671491
3.48585 0.176672 0.113889 0.062783
3.50257 0.178056 0.113572 0.0644849
3.51929 0.169198 0.104502 0.0646959
3.53601 0.170013 0.103629 0.0663847
3.55273 0.179298 0.121135 0.058163
3.56945 0.188264 0.126998 0.061266
3.58617 0.170988 0.112803 0.0581852
3.60289 0.160462 0.10554 0.0549216
3.61961 0.171593 0.11754 0.0540535
3.63632 0.15601 0.10776 0.0482498
3.65304 0.150557 0.0965659 0.0539906
3.66976 0.141341 0.0930943 0.0482463
3.68648 0.145019 0.0995464 0.0454724
3.7032 0.135372 0.090949 0.0444235
3.71992 0.133376 0.0906727 0.0427033
3.73664 0.144061 0.100864 0.0431971
3.75336 0.13591 0.0951708 0.0407396
3.77008 0.129246 0.0915422 0.0377035
3.7868 0.123866 0.0825373 0.0413286
3.80352 0.123876 0.0912422 0.0326335
3.82023 0.11606 0.0824343 0.0336261
3.83695 0.122354 0.0906206 0.0317333
3.85367 0.12186 0.0848948 0.036965
3.87039 0.116046 0.0812571 0.0347886
3.88711 0.116537 0.0858796 0.0306574
3.90383 0.106047 0.0764618 0.0295857
3.92055 0.108077 0.0784893 0.0295882
3.93727 0.109343 0.0789522 0.0303912
3.95399 0.100642 0.0729902 0.0276516
3.97071 0.107896 0.0792011 0.0286953
3.98742 0.100232 0.0777336 0.0224987
4.00414 0.0907885 0.0649677 0.0258208
4.02086 0.101677 0.0746252 0.0270514
4.03758 0.0934608 0.0691574 0.0243034
4.0543 0.0956102 0.0726745 0.0229357
4.07102 0.0913878 0.0689493 0.0224384
4.08774 0.0794222 0.0589972 0.020425
4.10446 0.0848629 0.0648506 0.0200123
4.12118 0.087047 0.0683656 0.0186815
4.1379 0.0782726 0.0610193 0.0172533
4.15462 0.0759009 0.0571383 0.0187627
4.17133 0.0798343 0.0617364 0.0180979
4.18805 0.0803636 0.0621201 0.0182435
4.20477 0.0740188 0.0572945 0.0167243
4.22149 0.0705145 0.0550042 0.0155103
4.23821 0.0734838 0.0569821 0.0165017
4.25493 0.0617809 0.0478655 0.0139154
4.27165 0.0619645 0.0484067 0.0135578
4.28837 0.0698271 0.0559241 0.013903
4.30509 0.0676502 0.0552625 0.0123877
4.32181 0.0632265 0.0524363 0.0107901
4.33853 0.0591912 0.0469681 0.0122231
4.35524 0.0619709 0.0506944 0.0112765
4.37196 0.0603684 0.0495824 0.010786
4.38868 0.0562901 0.0463205 0.00996961
4.4054 0.0587146 0.0476208 0.0110938
4.42212 0.0570942 0.0467658 0.0103284
4.43884 0.0476122 0.0378167 0.00979547
4.45556 0.0526998 0.0447232 0.00797659
4.47228 0.055704 0.046974 0.00873
4.489 0.0497269 0.0419186 0.00780826
4.50572 0.0461832 0.0367398 0.00944339
4.52243 0.0477512 0.0392328 0.00851839
4.53915 0.0491814 0.041736 0.00744538
4.55587 0.0418261 0.0336293 0.00819683
4.57259 0.0437801 0.0361166 0.00766352
4.58931 0.0431064 0.0366895 0.00641683
4.60603 0.0405329 0.0345363 0.00599656
4.62275 0.0424229 0.0362862 0.00613669
4.63947 0.038662 0.0323348 0.00632721
4.65619 0.0370541 0.0316207 0.00543338
4.67291 0.038824 0.0325731 0.0062509
4.68963 0.0421834 0.0369277 0.00525569
4.70634 0.0360593 0.0300386 0.00602066
4.72306 0.0369145 0.0321873 0.00472722
4.73978 0.0346222 0.0295336 0.00508851
4.7565 0.0321631 0.0277231 0.00443993
4.77322 0.0334275 0.028456 0.00497148
4.78994 0.0335321 0.0289435 0.00458862
4.80666 0.0296618 0.0257486 0.00391319
4.82338 0.0325774 0.0283269 0.00425051
4.8401 0.0305922 0.0264142 0.00417794
4.85682 0.030683 0.0267062 0.00397686
4.87354 0.0285067 0.0246409 0.00386577
4.89025 0.0316168 0.0274289 0.00418782
4.90697 0.0243865 0.0204501 0.00393643
4.92369 0.0289625 0.0256976 0.00326491
4.94041 0.0257404 0.022586 0.00315441
4.95713 0.0258566 0.0229245 0.00293214
4.97385 0.027947 0.0247023 0.00324469
4.99057 0.0276541 0.024966 0.00268811
5.00729 0.0236585 0.020633 0.00302559
5.02401 0.0219175 0.019126 0.00279151
5.04073 0.0273888 0.0243577 0.00303119
5.05744 0.0229492 0.0203172 0.00263207
5.07416 0.0213876 0.0192158 0.00217184
5.09088 0.0220423 0.01975 0.00229231
5.1076 0.0234447 0.0213173 0.00212743
5.12432 0.0235236 0.0213461 0.00217749
5.14104 0.0233756 0.0213786 0.00199704
5.15776 0.0198363 0.0177477 0.00208863
5.17448 0.0203072 0.0183374 0.0019698
5.1912 0.0211319 0.0191235 0.00200836
5.20792 0.0196685 0.0177047 0.00196379
5.22464 0.0209937 0.0190892 0.00190449
5.24135 0.0174486 0.0157996 0.00164908
5.25807 0.0187726 0.0170729 0.00169966
5.27479 0.0176314 0.0158688 0.00176267
5.29151 0.0143364 0.0126899 0.00164645
5.30823 0.0151811 0.0137727 0.00140837
5.32495 0.015075 0.0136733 0.00140171
5.34167 0.0151012 0.0137435 0.00135772
5.35839 0.0154554 0.0139855 0.00146988
5.37511 0.015006 0.013639 0.00136691
5.39183 0.0151469 0.0139544 0.00119251
5.40855 0.015248 0.0141339 0.0011141
5.42526 0.0139352 0.0128119 0.00112335
5.44198 0.0123801 0.0112436 0.00113641
5.4587 0.012793 0.0117888 0.00100422
5.47542 0.0126175 0.0115577 0.00105979
5.49214 0.0135294 0.0126078 0.000921599
5.50886 0.0130465 0.012177 0.000869579
5.52558 0.0134181 0.0125715 0.000846588
5.5423 0.0115264 0.0107047 0.000821678
5.55902 0.0113403 0.0105136 0.000826614
5.57574 0.0128308 0.0119891 0.000841732
5.59245 0.0122589 0.0114606 0.00079832
5.60917 0.0119513 0.011189 0.000762312
5.62589 0.00896323 0.00811765 0.000845582
5.64261 0.010583 0.00983594 0.00074711
5.65933 0.0111984 0.0104736 0.000724809
5.67605 0.00910352 0.00850437 0.000599153
5.69277 0.0106735 0.00999454 0.00067898
5.70949 0.00994593 0.00928466 0.000661265
5.72621 0.00961366 0.00895062 0.000663031
5.74293 0.00882994 0.00823522 0.000594723
5.75965 0.0084273 0.00783337 0.000593934
5.77636 0.00771605 0.00718275 0.000533293
5.79308 0.00916289 0.00863381 0.000529076
5.8098 0.00866418 0.00822913 0.000435042
5.82652 0.00790498 0.00748013 0.000424853
5.84324 0.00726362 0.00675447 0.000509147
5.85996 0.00788888 0.00748154 0.00040734
5.87668 0.00769862 0.00723128 0.000467337
5.8934 0.0076882 0.00729908 0.000389119
5.91012 0.0075035 0.00712454 0.000378953
5.92684 0.00740621 0.00700293 0.000403279
5.94356 0.00741459 0.00708032 0.00033427
5.96027 0.00674371 0.00642672 0.000316984
5.97699 0.00708983 0.0067595 0.000330331
5.99371 0.00710137 0.00668123 0.000420142
6.01043 0.00714503 0.00682928 0.000315746
6.02715 0.00691499 0.00655233 0.00036267
6.04387 0.00731001 0.00697334 0.000336667
6.06059 0.00657001 0.00626369 0.00030632
6.07731 0.00644768 0.00612882 0.000318864
6.09403 0.00667437 0.00639737 0.000277002
6.11075 0.00606712 0.00580335 0.000263771
6.12746 0.00601642 0.00572715 0.000289276
6.14418 0.00513658 0.00488514 0.000251444
6.1609 0.00526727 0.005045 0.000222268
6.17762 0.00475973 0.0045375 0.000222233
6.19434 0.00472449 0.00449406 0.000230427
6.21106 0.00552827 0.00533944 0.000188834
6.22778 0.0053742 0.0051376 0.000236604
6.2445 0.00539695 0.00519789 0.000199057
6.26122 0.00430285 0.00412616 0.000176689
6.27794 0.00464213 0.00446367 0.000178459
6.29466 0.00511878 0.00492682 0.000191966
6.31137 0.00408491 0.00390898 0.000175935
6.32809 0.00439367 0.00421033 0.000183339
6.34481 0.0044574 0.00429678 0.000160617
6.36153 0.0039489 0.0038276 0.000121299
6.37825 0.00425808 0.00409681 0.000161274
6.39497 0.00452484 0.00438517 0.000139675
6.41169 0.00374849 0.00361559 0.0001329
6.42841 0.00401817 0.00390368 0.000114491
6.44513 0.00371364 0.00357779 0.000135849
6.46185 0.00349859 0.00338856 0.000110029
6.47857 0.00419885 0.00407113 0.000127713
6.49528 0.00363726 0.00350237 0.000134895
6.512 0.00354683 0.00344003 0.000106805
6.52872 0.00380688 0.0037084 9.84862e-05
6.54544 0.00388493 0.00377385 0.000111084
6.56216 0.0033336 0.00322727 0.000106323
6.57888 0.00351325 0.00341546 9.77918e-05
6.5956 0.00314468 0.00306867 7.60177e-05
6.61232 0.00346487 0.00337856 8.63097e-05
6.62904 0.00319172 0.00310085 9.0869e-05
6.64576 0.00295173 0.00286507 8.66621e-05
6.66247 0.00333004 0.00326075 6.92827e-05
6.67919 0.00258713 0.00251039 7.67374e-05
6.69591 0.00250323 0.00243227 7.0959e-05
6.71263 0.00305861 0.00297759 8.10143e-05
6.72935 0.00240335 0.002338 6.53493e-05
6.74607 0.00283318 0.00276471 6.84779e-05
6.76279 0.00281603 0.00275504 6.09852e-05
6.77951 0.00255071 0.00248789 6.28188e-05
6.79623 0.00278627 0.00271876 6.75053e-05
6.81295 0.00270455 0.00264468 5.98627e-05
6.82967 0.00228992 0.00222473 6.51904e-05
6.84638 0.0021691 0.00212459 4.45064e-05
6.8631 0.00207097 0.00202265 4.83196e-05
6.87982 0.00227462 0.00223585 3.87657e-05
6.89654 0.0024917 0.00243944 5.22613e-05
6.91326 0.00218713 0.00212414 6.29915e-05
6.92998 0.00225242 0.00220387 4.85487e-05
6.9467 0.00194846 0.00190067 4.77917e-05
6.96342 0.00204498 0.00200417 4.08114e-05
6.98014 0.00199713 0.00195244 4.46914e-05
6.99686 0.0019742 0.00193866 3.55448e-05
7.01358 0.00185155 0.00181818 3.33726e-05
7.03029 0.001849 0.00181279 3.62142e-05
7.04701 0.00203667 0.00200837 2.83029e-05
7.06373 0.00158634 0.00155265 3.3691e-05
7.08045 0.00150892 0.0014811 2.78194e-05
7.09717 0.00194731 0.00192122 2.60868e-05
7.11389 0.00166109 0.00162838 3.27081e-05
7.13061 0.00201251 0.00198573 2.67824e-05
7.14733 0.00165946 0.0016306 2.88628e-05
7.16405 0.00178282 0.00175902 2.38015e-05
7.18077 0.00168504 0.00166201 2.30267e-05
7.19748 0.00158063 0.00155092 2.97051e-05
7.2142 0.00161235 0.00159005 2.23055e-05
7.23092 0.00186293 0.00183954 2.33913e-05
7.24764 0.00150412 0.00148101 2.31082e-05
7.26436 0.00136154 0.00134074 2.07949e-05
7.28108 0.00138573 0.00136746 1.82658e-05
7.2978 0.00158172 0.00156113 2.05893e-05
7.31452 0.00157874 0.00155472 2.40279e-05
7.33124 0.00182648 0.00180846 1.80278e-05
7.34796 0.00129826 0.00128049 1.77687e-05
7.36468 0.0012501 0.00123452 1.55866e-05
7.38139 0.00128066 0.00126411 1.65496e-05
7.39811 0.00128767 0.00126946 1.82027e-05
7.41483 0.00126601 0.0012498 1.6205e-05
7.43155 0.000942929 0.000930578 1.23507e-05
7.44827 0.00113153 0.00111449 1.70344e-05
7.46499 0.00116295 0.00114919 1.37619e-05
7.48171 0.00125704 0.00124251 1.45284e-05
7.49843 0.000966199 0.000952341 1.38572e-05
7.51515 0.00103481 0.00102363 1.11856e-05
7.53187 0.00120718 0.00119536 1.1816e-05
7.54859 0.00101342 0.00100391 9.50906e-06
7.5653 0.0011675 0.00115819 9.31029e-06
7.58202 0.00110885 0.00109899 9.85704e-06
7.59874 0.00105406 0.00104295 1.11129e-05
7.61546 0.00100002 0.000989609 1.04089e-05
7.63218 0.00107027 0.00106118 9.09345e-06
7.6489 0.000930096 0.000921235 8.86121e-06
7.66562 0.00109304 0.00108414 8.89196e-06
7.68234 0.000974382 0.000966349 8.03385e-06
7.69906 0.00100173 0.000993934 7.79387e-06
7.71578 0.000896513 0.000888017 8.49686e-06
7.73249 0.00105836 0.00105097 7.38997e-06
7.74921 0.000824901 0.000818241 6.66052e-06
7.76593 0.000947355 0.000940107 7.24748e-06
7.78265 0.000870543 0.000862795 7.74724e-06
7.79937 0.000901432 0.000894441 6.99046e-06
7.81609 0.000854878 0.000847845 7.03312e-06
7.83281 0.000720551 0.000715584 4.96754e-06
7.84953 0.000843442 0.000838476 4.9662e-06
7.86625 0.000810966 0.000804393 6.57294e-06
7.88297 0.000704156 0.000697974 6.1829e-06
7.89969 0.000665772 0.000660019 5.75267e-06
7.9164 0.000704082 0.000698005 6.07669e-06
7.93312 0.000634461 0.000630448 4.01225e-06
7.94984 0.000717173 0.00071278 4.3929e-06
7.96656 0.000677794 0.000673033 4.76077e-06
7.98328 0.000640783 0.000636034 4.74876e-06
8 0.000568909 0.000564636 4.27226e-06
