#1-Q [GeV] 2--dN/dQdY [GeV-1] 3--dN_{PreEq}/dQdY [GeV-1] 3--dN_{Hydro}/dQdY [GeV-1]
3.001 0.0454041 0.040089 0.00531507
3.01772 0.124051 0.0981217 0.0259292
3.03444 0.229435 0.190999 0.038436
3.05116 0.230427 0.197455 0.0329721
3.06788 0.444432 0.408186 0.0362455
3.0846 0.270545 0.226955 0.0435894
3.10131 0.338465 0.290004 0.0484608
3.11803 0.25232 0.212059 0.0402606
3.13475 0.42331 0.373451 0.0498587
3.15147 0.38296 0.343998 0.0389615
3.16819 0.381619 0.323795 0.0578236
3.18491 0.799478 0.734954 0.064524
3.20163 0.370222 0.304547 0.0656752
3.21835 0.583454 0.519612 0.0638412
3.23507 0.535971 0.472133 0.0638376
3.25179 0.335752 0.291596 0.0441556
3.26851 0.524602 0.454189 0.0704129
3.28522 0.553202 0.47652 0.0766823
3.30194 0.555325 0.483378 0.0719472
3.31866 0.583974 0.5387 0.0452741
3.33538 0.687428 0.638467 0.0489611
3.3521 0.544033 0.466239 0.0777935
3.36882 0.799494 0.739476 0.0600173
3.38554 0.687935 0.629934 0.0580018
3.40226 0.72454 0.671023 0.0535169
3.41898 0.739238 0.692925 0.0463129
3.4357 0.539263 0.500233 0.0390296
3.45241 0.901067 0.8448 0.0562674
3.46913 0.668933 0.616363 0.0525701
3.48585 0.298257 0.259053 0.0392039
3.50257 0.554153 0.508411 0.0457415
3.51929 0.713853 0.670665 0.0431879
3.53601 0.619687 0.583108 0.0365784
3.55273 0.459549 0.417245 0.0423042
3.56945 0.847454 0.811171 0.0362833
3.58617 0.535775 0.487959 0.0478158
3.60289 0.614091 0.579907 0.0341841
3.61961 0.548117 0.508638 0.0394785
3.63632 0.314421 0.266974 0.0474473
3.65304 1.30266 1.27016 0.0324987
3.66976 0.467225 0.430139 0.0370862
3.68648 0.654108 0.607433 0.0466757
3.7032 0.458984 0.419391 0.0395931
3.71992 1.03193 1.01202 0.0199084
3.73664 0.973532 0.952676 0.0208561
3.75336 0.484147 0.444449 0.0396984
3.77008 0.727807 0.698273 0.0295338
3.7868 0.777876 0.736453 0.0414234
3.80352 0.665675 0.640788 0.0248866
3.82023 1.02181 0.977126 0.0446797
3.83695 0.703519 0.683444 0.0200758
3.85367 0.357839 0.322281 0.0355579
3.87039 0.608456 0.586954 0.0215022
3.88711 0.518134 0.483672 0.0344614
3.90383 0.580807 0.558408 0.0223987
3.92055 0.32968 0.309489 0.0201907
3.93727 0.703895 0.686787 0.0171085
3.95399 0.497404 0.483011 0.0143932
3.97071 0.889338 0.863667 0.0256708
3.98742 0.535928 0.513357 0.022571
4.00414 0.416679 0.397512 0.0191672
4.02086 0.626694 0.612083 0.0146107
4.03758 0.810152 0.788898 0.0212545
4.0543 0.753523 0.718677 0.0348461
4.07102 0.280394 0.252825 0.0275682
4.08774 0.654578 0.636126 0.0184517
4.10446 0.495621 0.480299 0.0153215
4.12118 0.494627 0.473717 0.0209104
4.1379 0.561158 0.548879 0.0122795
4.15462 0.548165 0.532963 0.0152023
4.17133 0.482246 0.471073 0.0111731
4.18805 1.05249 1.03528 0.0172153
4.20477 0.200707 0.183858 0.0168491
4.22149 0.52733 0.510962 0.0163687
4.23821 0.471945 0.454282 0.0176629
4.25493 0.299607 0.286555 0.0130523
4.27165 1.12864 1.11868 0.00996468
4.28837 0.6077 0.594177 0.0135235
4.30509 0.661532 0.652633 0.00889911
4.32181 0.528642 0.517141 0.0115007
4.33853 0.321489 0.311613 0.00987582
4.35524 0.899954 0.886482 0.0134713
4.37196 0.235241 0.225061 0.0101802
4.38868 0.921724 0.911406 0.0103176
4.4054 0.321615 0.308682 0.0129337
4.42212 0.874334 0.864615 0.0097191
4.43884 0.556773 0.543673 0.0131001
4.45556 0.469112 0.461166 0.00794514
4.47228 0.233334 0.226689 0.00664414
4.489 0.340911 0.332836 0.00807478
4.50572 0.462286 0.45456 0.00772558
4.52243 0.320471 0.308737 0.0117338
4.53915 0.275142 0.267849 0.00729375
4.55587 0.67147 0.66535 0.00611937
4.57259 0.395299 0.386221 0.00907738
4.58931 0.567046 0.558884 0.00816191
4.60603 0.673046 0.666772 0.00627343
4.62275 0.304887 0.298779 0.00610831
4.63947 0.476978 0.470686 0.00629173
4.65619 0.730858 0.724839 0.00601853
4.67291 0.643085 0.635871 0.00721352
4.68963 0.84775 0.842604 0.00514674
4.70634 1.04423 1.03782 0.00640671
4.72306 0.518517 0.512118 0.00639981
4.73978 0.213592 0.208345 0.00524651
4.7565 0.365651 0.358096 0.00755509
4.77322 1.07087 1.06782 0.0030447
4.78994 0.289308 0.28273 0.00657758
4.80666 0.404119 0.398568 0.00555141
4.82338 0.271165 0.265608 0.00555692
4.8401 0.355627 0.349952 0.0056752
4.85682 0.194637 0.18992 0.00471714
4.87354 0.402288 0.397436 0.00485182
4.89025 0.358872 0.354207 0.00466536
4.90697 0.194663 0.190191 0.00447179
4.92369 0.282117 0.279424 0.0026928
4.94041 0.399771 0.397013 0.00275856
4.95713 0.129788 0.128056 0.00173244
4.97385 0.837342 0.832907 0.00443499
4.99057 0.297917 0.29539 0.00252724
5.00729 1.35737 1.35277 0.00460321
5.02401 0.116468 0.113501 0.00296657
5.04073 0.19424 0.190763 0.00347659
5.05744 0.233394 0.230718 0.00267572
5.07416 0.242572 0.24069 0.00188223
5.09088 0.635308 0.63339 0.00191847
5.1076 0.359898 0.357873 0.0020243
5.12432 0.202568 0.200661 0.00190767
5.14104 0.293459 0.291145 0.00231365
5.15776 0.336091 0.334211 0.00187967
5.17448 0.526535 0.524464 0.00207086
5.1912 0.165635 0.164715 0.000920073
5.20792 0.276309 0.273448 0.00286059
5.22464 0.211736 0.210476 0.00126032
5.24135 0.206765 0.205261 0.00150375
5.25807 1.00086 0.999162 0.00169384
5.27479 0.540654 0.538928 0.00172559
5.29151 0.135522 0.134435 0.00108676
5.30823 0.19909 0.19783 0.00126011
5.32495 0.152147 0.150708 0.00143905
5.34167 0.137384 0.136346 0.00103819
5.35839 0.122509 0.12126 0.00124839
5.37511 0.104063 0.102936 0.00112731
5.39183 0.631232 0.629128 0.00210451
5.40855 0.356285 0.355185 0.00109954
5.42526 0.124901 0.123423 0.00147792
5.44198 0.145101 0.144435 0.000665429
5.4587 0.494507 0.493046 0.00146137
5.47542 0.249962 0.248868 0.00109412
5.49214 0.160497 0.159963 0.000533303
5.50886 0.279998 0.278908 0.00109037
5.52558 0.269146 0.268278 0.000867657
5.5423 0.382804 0.382192 0.000612272
5.55902 0.325958 0.324964 0.000993497
5.57574 0.264993 0.264451 0.000542207
5.59245 0.162414 0.161758 0.00065606
5.60917 0.246745 0.246051 0.000693771
5.62589 0.671201 0.67076 0.000440372
5.64261 0.27938 0.278754 0.000625641
5.65933 0.278113 0.277238 0.000875562
5.67605 0.22277 0.222111 0.000658887
5.69277 0.10454 0.103662 0.000878529
5.70949 0.161023 0.160328 0.000695147
5.72621 0.396047 0.395471 0.000576338
5.74293 0.0417652 0.0412329 0.000532272
5.75965 0.123496 0.122753 0.000742981
5.77636 0.457036 0.4564 0.000635963
5.79308 0.339729 0.339204 0.000525116
5.8098 0.145017 0.144609 0.000407685
5.82652 0.890743 0.890438 0.000304198
5.84324 0.114524 0.114194 0.000329807
5.85996 0.171314 0.171132 0.000181597
5.87668 0.0966659 0.0961783 0.00048762
5.8934 0.397343 0.396688 0.00065565
5.91012 0.22889 0.228358 0.000531704
5.92684 0.116368 0.116139 0.000228332
5.94356 0.136294 0.136103 0.000191133
5.96027 0.217796 0.217475 0.000320697
5.97699 0.127641 0.127169 0.000472029
5.99371 0.214088 0.213831 0.000256533
6.01043 0.338552 0.338189 0.000363348
6.02715 0.16836 0.168022 0.000337391
6.04387 0.118326 0.117894 0.000431497
6.06059 0.22114 0.220816 0.000323479
6.07731 0.0840319 0.083793 0.000238968
6.09403 0.106265 0.105957 0.000308901
6.11075 0.152515 0.152344 0.000170577
6.12746 0.344867 0.344674 0.000192329
6.14418 0.15092 0.150809 0.00011078
6.1609 0.141383 0.14117 0.000212986
6.17762 0.0825397 0.0823449 0.000194766
6.19434 0.117925 0.11769 0.000234992
6.21106 0.121701 0.121511 0.000190106
6.22778 0.296339 0.296135 0.000204698
6.2445 0.063955 0.0638416 0.000113474
6.26122 0.59086 0.590517 0.000342511
6.27794 0.0524902 0.0522347 0.000255546
6.29466 0.0407204 0.0404722 0.000248252
6.31137 0.0411757 0.040886 0.000289707
6.32809 0.08452 0.0843832 0.000136867
6.34481 0.203024 0.202887 0.000136863
6.36153 0.0642762 0.0641721 0.000104047
6.37825 0.130261 0.130137 0.000123813
6.39497 0.10358 0.103452 0.000128249
6.41169 0.0362881 0.0362035 8.46462e-05
6.42841 0.0477673 0.0475625 0.000204848
6.44513 0.195004 0.194848 0.000156951
6.46185 0.235038 0.234897 0.000140882
6.47857 0.173925 0.173836 8.89502e-05
6.49528 0.166572 0.166507 6.5215e-05
6.512 0.115983 0.115909 7.35471e-05
6.52872 0.682262 0.682173 8.9275e-05
6.54544 0.214257 0.214192 6.53065e-05
6.56216 0.0416703 0.0415676 0.000102601
6.57888 0.0410086 0.040935 7.3565e-05
6.5956 0.0566118 0.0565561 5.57039e-05
6.61232 0.0851762 0.0851057 7.04569e-05
6.62904 0.119573 0.119487 8.56441e-05
6.64576 0.0639643 0.063894 7.03319e-05
6.66247 0.136462 0.136407 5.50544e-05
6.67919 0.0514755 0.0513886 8.68967e-05
6.69591 0.0503577 0.0502125 0.000145177
6.71263 0.0571025 0.0570232 7.93076e-05
6.72935 0.112337 0.112267 6.97856e-05
6.74607 0.0237112 0.0236588 5.24104e-05
6.76279 0.0624275 0.062357 7.04617e-05
6.77951 0.0903272 0.0902748 5.24278e-05
6.79623 0.0415418 0.041495 4.68311e-05
6.81295 0.162398 0.162376 2.14242e-05
6.82967 0.0982724 0.0982065 6.58924e-05
6.84638 0.39981 0.399742 6.84717e-05
6.8631 0.0957521 0.0957288 2.33859e-05
6.87982 0.377259 0.377219 4.03446e-05
6.89654 0.0705066 0.0704901 1.6566e-05
6.91326 0.133136 0.133113 2.348e-05
6.92998 0.0739004 0.0738678 3.25635e-05
6.9467 0.090086 0.0900644 2.16048e-05
6.96342 0.222667 0.222635 3.17168e-05
6.98014 0.0452657 0.0452378 2.79269e-05
6.99686 0.0555652 0.0555293 3.59051e-05
7.01358 0.0836694 0.0836444 2.50294e-05
7.03029 0.0247341 0.0246841 4.99842e-05
7.04701 0.0170167 0.0169958 2.08703e-05
7.06373 0.34159 0.34157 1.98447e-05
7.08045 0.123793 0.123767 2.66666e-05
7.09717 0.0515067 0.0514897 1.69748e-05
7.11389 0.225798 0.225773 2.43329e-05
7.13061 0.0289852 0.0289442 4.10177e-05
7.14733 0.012265 0.0122486 1.63739e-05
7.16405 0.353582 0.353548 3.41752e-05
7.18077 0.0536331 0.0536024 3.07112e-05
7.19748 0.0503893 0.0503527 3.6609e-05
7.2142 0.0649181 0.0648875 3.06063e-05
7.23092 0.0409099 0.0408804 2.95091e-05
7.24764 0.239393 0.239376 1.7128e-05
7.26436 0.0413104 0.0413005 9.9171e-06
7.28108 0.020332 0.0203034 2.86141e-05
7.2978 0.0798078 0.0797701 3.76592e-05
7.31452 0.0218234 0.021807 1.63939e-05
7.33124 0.0315647 0.0315483 1.64003e-05
7.34796 0.0178445 0.0178116 3.29078e-05
7.36468 0.128216 0.128206 9.3893e-06
7.38139 0.100142 0.100138 4.61198e-06
7.39811 0.0208575 0.0208475 9.9883e-06
7.41483 0.0308582 0.0308468 1.13894e-05
7.43155 0.00730939 0.00729952 9.86715e-06
7.44827 0.0702963 0.0702926 3.74238e-06
7.46499 0.0189249 0.0189175 7.37996e-06
7.48171 0.0584584 0.0584414 1.69769e-05
7.49843 0.065901 0.0658937 7.31981e-06
7.51515 0.107991 0.107981 9.95954e-06
7.53187 0.0212767 0.0212734 3.21669e-06
7.54859 0.0113371 0.0113265 1.05687e-05
7.5653 0.0350574 0.0350518 5.64898e-06
7.58202 0.0151128 0.0150999 1.28614e-05
7.59874 0.0642784 0.0642696 8.77518e-06
7.61546 0.0275679 0.0275605 7.39028e-06
7.63218 0.0252213 0.0252133 8.01867e-06
7.6489 0.0474015 0.0473968 4.66597e-06
7.66562 0.486708 0.4867 8.30089e-06
7.68234 0.010809 0.0108056 3.42249e-06
7.69906 0.373608 0.373599 9.26358e-06
7.71578 0.0410664 0.0410576 8.71752e-06
7.73249 0.0428086 0.0428044 4.20421e-06
7.74921 0.069827 0.0698208 6.2007e-06
7.76593 0.17829 0.178284 6.15079e-06
7.78265 0.0891908 0.0891859 4.86957e-06
7.79937 0.111979 0.111975 4.02877e-06
7.81609 0.0462108 0.0462049 5.89052e-06
7.83281 0.0225873 0.0225811 6.19616e-06
7.84953 0.0198373 0.0198308 6.5593e-06
7.86625 0.0444967 0.0444942 2.4767e-06
7.88297 0.0173681 0.0173651 3.02627e-06
7.89969 0.0235819 0.0235788 3.04056e-06
7.9164 0.0701215 0.070119 2.50183e-06
7.93312 0.0125446 0.0125414 3.16138e-06
7.94984 0.0316425 0.0316349 7.54359e-06
7.96656 0.0418316 0.0418284 3.2674e-06
7.98328 0.0085688 0.00856248 6.3173e-06
8 0.0713036 0.0712969 6.61629e-06
