#1-Q [GeV] 2--dN/dQdY [GeV-1] 3--dN_{PreEq}/dQdY [GeV-1] 3--dN_{Hydro}/dQdY [GeV-1]
3.001 0.0261799 0.0205902 0.0055897
3.00434 0.06202 0.0515664 0.0104536
3.00768 0.145039 0.126659 0.0183805
3.01102 0.0973542 0.0825328 0.0148213
3.01436 0.118508 0.102387 0.0161215
3.01771 0.157781 0.135993 0.0217887
3.02105 0.113995 0.0830044 0.0309906
3.02439 0.211628 0.188992 0.0226361
3.02773 0.24308 0.215892 0.0271889
3.03107 0.234413 0.200179 0.0342345
3.03441 0.165858 0.138329 0.0275297
3.03775 0.193159 0.165451 0.0277081
3.04109 0.184551 0.162662 0.0218891
3.04443 0.212924 0.182866 0.0300576
3.04778 0.226421 0.196784 0.0296375
3.05112 0.258959 0.224456 0.0345033
3.05446 0.199499 0.162327 0.0371719
3.0578 0.379218 0.335502 0.0437167
3.06114 0.221808 0.17787 0.0439383
3.06448 0.255018 0.228514 0.0265048
3.06782 0.271735 0.229516 0.042219
3.07116 0.303949 0.273128 0.0308219
3.07451 0.441073 0.396608 0.0444652
3.07785 0.3615 0.319233 0.0422667
3.08119 0.387952 0.346492 0.0414592
3.08453 0.491485 0.447712 0.043773
3.08787 0.481716 0.440604 0.0411118
3.09121 0.298733 0.258914 0.0398182
3.09455 0.309584 0.250847 0.0587362
3.09789 0.412838 0.372138 0.0406997
3.10123 0.400926 0.358797 0.0421287
3.10458 0.40722 0.369813 0.0374074
3.10792 0.344965 0.29801 0.046955
3.11126 0.431295 0.392549 0.0387459
3.1146 0.373955 0.336167 0.0377883
3.11794 0.386432 0.333244 0.0531882
3.12128 0.31057 0.26275 0.04782
3.12462 0.372702 0.334666 0.0380358
3.12796 0.54163 0.49664 0.0449895
3.1313 0.631112 0.577977 0.0531356
3.13465 0.477622 0.422587 0.0550343
3.13799 0.486033 0.432724 0.0533097
3.14133 0.553074 0.497965 0.0551085
3.14467 0.754015 0.706225 0.0477909
3.14801 0.387184 0.324629 0.0625556
3.15135 0.537326 0.478258 0.0590676
3.15469 0.196844 0.139456 0.0573876
3.15803 0.509409 0.46239 0.0470196
3.16137 0.580896 0.526159 0.0547369
3.16472 0.59417 0.543534 0.0506367
3.16806 0.374545 0.308326 0.0662194
3.1714 0.409174 0.356946 0.0522284
3.17474 0.493705 0.452459 0.0412452
3.17808 0.589989 0.5382 0.0517886
3.18142 0.51018 0.466269 0.0439112
3.18476 0.594421 0.535926 0.0584942
3.1881 0.487563 0.427088 0.0604745
3.19144 0.614752 0.562964 0.0517876
3.19479 0.521298 0.467682 0.0536163
3.19813 0.394199 0.34703 0.0471687
3.20147 0.697035 0.642625 0.0544101
3.20481 0.630038 0.554496 0.0755416
3.20815 0.615089 0.574994 0.0400945
3.21149 0.588044 0.549465 0.0385791
3.21483 0.446904 0.390486 0.0564174
3.21817 0.683501 0.628775 0.0547261
3.22152 0.350363 0.294162 0.0562014
3.22486 0.455144 0.398946 0.0561981
3.2282 0.40367 0.356136 0.0475337
3.23154 0.417033 0.36319 0.0538422
3.23488 0.34242 0.295199 0.0472219
3.23822 0.557985 0.510348 0.0476367
3.24156 0.576704 0.534629 0.0420754
3.2449 0.343003 0.28861 0.0543938
3.24824 0.632869 0.583316 0.0495529
3.25159 0.896449 0.834595 0.0618542
3.25493 0.898257 0.837218 0.0610384
3.25827 0.864102 0.822209 0.0418932
3.26161 0.58364 0.529389 0.0542503
3.26495 0.362684 0.321105 0.0415792
3.26829 0.75525 0.7036 0.0516502
3.27163 0.366223 0.311428 0.0547949
3.27497 0.696265 0.637839 0.0584251
3.27831 0.492508 0.434602 0.0579057
3.28166 0.677759 0.618053 0.0597059
3.285 0.4611 0.399187 0.0619132
3.28834 0.603423 0.551842 0.0515805
3.29168 0.536029 0.46998 0.0660486
3.29502 0.72862 0.684866 0.0437546
3.29836 0.626724 0.576149 0.0505748
3.3017 0.92436 0.859238 0.0651222
3.30504 0.653237 0.59525 0.0579877
3.30838 0.780349 0.738279 0.0420703
3.31173 0.5112 0.453384 0.0578159
3.31507 0.773623 0.717605 0.056018
3.31841 1.11123 1.05025 0.0609819
3.32175 0.561692 0.517657 0.0440354
3.32509 0.410526 0.345718 0.0648084
3.32843 0.54469 0.485518 0.0591719
3.33177 0.722609 0.669711 0.0528985
3.33511 0.346368 0.306646 0.0397218
3.33845 0.748742 0.686921 0.0618207
3.3418 0.399889 0.351397 0.0484925
3.34514 0.737019 0.683324 0.0536953
3.34848 0.515873 0.459179 0.0566938
3.35182 0.682378 0.637768 0.0446099
3.35516 0.468056 0.414167 0.0538887
3.3585 0.587865 0.524849 0.0630163
3.36184 0.479603 0.434551 0.0450525
3.36518 0.583751 0.53024 0.0535113
3.36853 0.770919 0.732364 0.0385552
3.37187 0.604417 0.53805 0.0663667
3.37521 0.451107 0.39286 0.0582466
3.37855 0.68049 0.633306 0.0471845
3.38189 0.478275 0.419768 0.058507
3.38523 1.01867 0.979424 0.0392491
3.38857 0.767096 0.71494 0.0521557
3.39191 0.516884 0.47574 0.0411441
3.39525 0.492531 0.43113 0.0614013
3.3986 0.61675 0.568048 0.0487025
3.40194 0.81394 0.76325 0.0506894
3.40528 0.753548 0.702141 0.0514073
3.40862 0.377202 0.326315 0.0508878
3.41196 0.590456 0.52198 0.0684762
3.4153 0.523588 0.464203 0.0593855
3.41864 0.627431 0.587496 0.039935
3.42198 0.549543 0.482617 0.0669252
3.42532 0.956381 0.900169 0.0562124
3.42867 0.714525 0.6785 0.0360245
3.43201 0.447186 0.411283 0.0359025
3.43535 0.719019 0.681799 0.0372208
3.43869 0.641175 0.585075 0.0561
3.44203 0.583084 0.52432 0.058764
3.44537 0.632269 0.593612 0.0386572
3.44871 0.722897 0.673101 0.0497961
3.45205 0.640081 0.606026 0.034055
3.45539 0.872078 0.798767 0.0733103
3.45874 0.812967 0.775613 0.0373535
3.46208 0.510463 0.468552 0.0419102
3.46542 0.628522 0.584102 0.0444195
3.46876 0.682356 0.636184 0.0461722
3.4721 0.575843 0.525808 0.050035
3.47544 0.836645 0.788693 0.0479512
3.47878 0.83403 0.795348 0.0386817
3.48212 0.575997 0.547006 0.0289911
3.48546 0.518794 0.468372 0.0504228
3.48881 0.365625 0.32271 0.0429152
3.49215 0.64991 0.606112 0.0437988
3.49549 0.625188 0.580093 0.0450949
3.49883 0.654133 0.615358 0.0387754
3.50217 0.769223 0.734541 0.0346825
3.50551 0.822808 0.763889 0.0589192
3.50885 0.708415 0.658899 0.0495158
3.51219 0.381757 0.346528 0.0352288
3.51554 0.810093 0.759645 0.0504486
3.51888 0.550693 0.508369 0.0423241
3.52222 0.425175 0.393974 0.031201
3.52556 0.68175 0.633587 0.048163
3.5289 0.661526 0.615968 0.0455581
3.53224 0.768093 0.716266 0.0518267
3.53558 0.891629 0.845807 0.0458222
3.53892 0.343997 0.306613 0.0373845
3.54226 0.45184 0.40681 0.0450305
3.54561 0.543443 0.50579 0.0376532
3.54895 0.480172 0.426537 0.0536346
3.55229 1.09066 1.05528 0.0353805
3.55563 0.577748 0.548512 0.0292353
3.55897 1.15855 1.1051 0.0534546
3.56231 0.40962 0.348871 0.0607483
3.56565 0.741438 0.693653 0.0477847
3.56899 0.824717 0.777055 0.0476625
3.57233 0.476807 0.434396 0.0424108
3.57568 0.859654 0.80566 0.0539938
3.57902 0.893677 0.857148 0.0365288
3.58236 0.618069 0.588807 0.0292625
3.5857 0.893674 0.851459 0.0422146
3.58904 0.790021 0.751741 0.0382801
3.59238 0.589422 0.544286 0.0451364
3.59572 0.459183 0.416827 0.0423561
3.59906 0.61974 0.586986 0.032754
3.6024 0.49276 0.4486 0.0441599
3.60575 0.511613 0.472298 0.0393149
3.60909 0.518944 0.465501 0.0534429
3.61243 0.570063 0.529109 0.0409532
3.61577 0.971177 0.923632 0.0475446
3.61911 0.574444 0.528502 0.0459416
3.62245 0.90129 0.849675 0.0516145
3.62579 0.904618 0.871234 0.0333838
3.62913 0.391849 0.350137 0.0417116
3.63247 0.973978 0.93177 0.042208
3.63582 0.384518 0.34874 0.0357787
3.63916 0.551316 0.52155 0.0297658
3.6425 1.21793 1.1798 0.0381291
3.64584 1.21155 1.16791 0.0436337
3.64918 0.66092 0.618347 0.0425739
3.65252 0.34378 0.305258 0.0385222
3.65586 0.617709 0.575123 0.0425855
3.6592 0.47298 0.427788 0.0451916
3.66255 0.917642 0.880265 0.0373774
3.66589 0.873427 0.836245 0.0371819
3.66923 0.564333 0.526466 0.0378667
3.67257 0.713826 0.658674 0.0551521
3.67591 0.419299 0.401144 0.0181551
3.67925 0.625155 0.576108 0.0490466
3.68259 1.10206 1.06564 0.0364123
3.68593 0.307887 0.272471 0.0354164
3.68927 0.76608 0.719121 0.0469585
3.69262 1.02483 0.991843 0.0329876
3.69596 0.60266 0.561002 0.0416579
3.6993 0.546935 0.501943 0.0449922
3.70264 1.01743 0.974734 0.0426942
3.70598 0.592243 0.555291 0.0369527
3.70932 0.569745 0.538779 0.0309655
3.71266 0.591179 0.549536 0.0416428
3.716 0.58384 0.561402 0.0224379
3.71934 0.498239 0.466067 0.0321719
3.72269 0.336088 0.300319 0.035769
3.72603 0.950177 0.907782 0.0423946
3.72937 0.7489 0.719294 0.0296055
3.73271 0.734333 0.696392 0.037941
3.73605 0.523394 0.48982 0.0335737
3.73939 0.660306 0.608514 0.0517917
3.74273 0.40976 0.373475 0.0362857
3.74607 0.715812 0.682439 0.0333726
3.74941 0.592108 0.566332 0.0257755
3.75276 0.989544 0.968394 0.0211496
3.7561 0.464957 0.428065 0.0368928
3.75944 0.678317 0.645331 0.0329862
3.76278 0.478343 0.441505 0.0368382
3.76612 0.812768 0.790569 0.022199
3.76946 0.948584 0.906477 0.042107
3.7728 0.543899 0.508524 0.0353749
3.77614 0.563236 0.533364 0.0298719
3.77948 0.694866 0.656146 0.0387207
3.78283 0.643402 0.609942 0.0334594
3.78617 0.56356 0.537226 0.0263341
3.78951 0.427286 0.40188 0.0254058
3.79285 0.306775 0.281569 0.0252061
3.79619 0.509577 0.4748 0.0347775
3.79953 1.21353 1.18399 0.0295335
3.80287 0.733991 0.705694 0.0282974
3.80621 0.448643 0.416481 0.0321619
3.80956 0.937277 0.914278 0.0229984
3.8129 0.482947 0.451263 0.031684
3.81624 0.768807 0.737945 0.0308625
3.81958 0.409834 0.371885 0.0379487
3.82292 0.581247 0.554313 0.0269344
3.82626 0.367537 0.334911 0.0326259
3.8296 0.601496 0.567268 0.0342282
3.83294 0.736492 0.698658 0.0378341
3.83628 1.29036 1.26647 0.0238864
3.83963 0.482188 0.45819 0.023998
3.84297 0.667838 0.639136 0.0287021
3.84631 0.894347 0.86871 0.0256368
3.84965 0.795218 0.743904 0.0513146
3.85299 0.547397 0.515726 0.0316713
3.85633 0.648765 0.628468 0.0202966
3.85967 1.27103 1.24264 0.0283891
3.86301 0.507266 0.475336 0.0319303
3.86635 0.654885 0.631123 0.0237621
3.8697 0.561206 0.541853 0.0193522
3.87304 0.435065 0.409072 0.0259925
3.87638 0.893628 0.865344 0.028284
3.87972 0.614012 0.591062 0.0229501
3.88306 0.682389 0.656889 0.0254999
3.8864 0.628534 0.59885 0.029684
3.88974 0.797893 0.770034 0.0278585
3.89308 1.085 1.05397 0.0310336
3.89642 0.466098 0.439657 0.0264413
3.89977 0.47375 0.445851 0.0278994
3.90311 0.824233 0.792304 0.0319289
3.90645 0.604651 0.571185 0.0334655
3.90979 0.741363 0.717158 0.0242053
3.91313 1.57482 1.54451 0.0303066
3.91647 0.795777 0.774855 0.0209221
3.91981 0.460443 0.439641 0.0208022
3.92315 0.602934 0.583371 0.0195635
3.92649 0.351402 0.325722 0.0256797
3.92984 0.96777 0.949634 0.0181359
3.93318 0.500184 0.475096 0.0250881
3.93652 1.04175 1.01167 0.0300799
3.93986 1.10435 1.07934 0.0250094
3.9432 0.803686 0.778594 0.0250917
3.94654 0.65052 0.624035 0.0264851
3.94988 0.381536 0.362164 0.019372
3.95322 0.658052 0.634755 0.0232973
3.95657 0.582617 0.556888 0.0257292
3.95991 0.713066 0.688313 0.0247531
3.96325 0.468915 0.447408 0.021507
3.96659 0.266827 0.25215 0.0146778
3.96993 0.507684 0.493407 0.0142767
3.97327 0.608488 0.58328 0.0252079
3.97661 1.08331 1.05014 0.033169
3.97995 0.53461 0.518812 0.0157982
3.98329 0.395838 0.37289 0.0229474
3.98664 1.00965 0.992722 0.0169279
3.98998 0.779445 0.757444 0.0220013
3.99332 0.556795 0.535006 0.0217894
3.99666 0.532772 0.51731 0.0154624
4 0.81025 0.787829 0.022421
