3.001 0.00892787 0.00705422 0.00187365
3.01772 0.0367228 0.0296974 0.00702539
3.03444 0.0446382 0.035026 0.00961214
3.05116 0.0566647 0.0458219 0.0108428
3.06788 0.0582637 0.0468514 0.0114124
3.0846 0.0607929 0.0482332 0.0125597
3.10131 0.0671199 0.0544935 0.0126264
3.11803 0.0677877 0.0551411 0.0126465
3.13475 0.0693364 0.0572472 0.0120892
3.15147 0.070156 0.0569095 0.0132465
3.16819 0.0727517 0.0595184 0.0132334
3.18491 0.0748651 0.0612277 0.0136374
3.20163 0.0709196 0.0577282 0.0131914
3.21835 0.0715503 0.059384 0.0121663
3.23507 0.0726813 0.0608484 0.0118329
3.25179 0.0731581 0.0605387 0.0126194
3.26851 0.0719188 0.0610779 0.0108409
3.28522 0.0655204 0.0545414 0.010979
3.30194 0.0655441 0.0548809 0.0106632
3.31866 0.0690079 0.0577629 0.0112449
3.33538 0.0690941 0.0593844 0.00970972
3.3521 0.0653587 0.0565344 0.00882432
3.36882 0.0638439 0.0547512 0.00909267
3.38554 0.0661455 0.0562854 0.00986005
3.40226 0.0642602 0.055371 0.00888923
3.41898 0.0600916 0.0508841 0.00920751
3.4357 0.0589252 0.0512625 0.00766269
3.45241 0.0574007 0.0496297 0.00777094
3.46913 0.0573086 0.0499248 0.00738377
3.48585 0.0575327 0.0503908 0.00714187
3.50257 0.0568177 0.0501353 0.00668244
3.51929 0.0537811 0.0470333 0.00674775
3.53601 0.0520583 0.045672 0.00638625
3.55273 0.0470729 0.041075 0.00599795
3.56945 0.0511731 0.0457649 0.00540823
3.58617 0.0486493 0.0424891 0.00616014
3.60289 0.0487806 0.0441165 0.00466416
3.61961 0.0479462 0.0428248 0.00512148
3.63632 0.0470219 0.0420779 0.00494408
3.65304 0.0434858 0.0392565 0.00422927
3.66976 0.0416419 0.0370277 0.00461427
3.68648 0.0436668 0.0393181 0.00434871
3.7032 0.0418772 0.0379195 0.00395769
3.71992 0.041285 0.037776 0.00350903
3.73664 0.0399111 0.0364477 0.00346337
3.75336 0.0394337 0.0359105 0.0035232
3.77008 0.0376718 0.0342681 0.00340376
3.7868 0.0397671 0.036569 0.0031981
3.80352 0.033196 0.030006 0.00319002
3.82023 0.0368707 0.0338889 0.00298185
3.83695 0.0332435 0.030705 0.00253845
3.85367 0.0329199 0.030012 0.00290789
3.87039 0.0310838 0.0287927 0.00229111
3.88711 0.0324033 0.0301158 0.00228753
3.90383 0.0306729 0.0284551 0.00221778
3.92055 0.0290888 0.0268249 0.00226384
3.93727 0.0269994 0.0247935 0.00220585
3.95399 0.0265451 0.0245722 0.00197288
3.97071 0.0272769 0.0253931 0.00188382
3.98742 0.0284636 0.0267421 0.00172149
4.00414 0.0284666 0.0268685 0.00159807
4.02086 0.026724 0.0251818 0.0015422
4.03758 0.0224207 0.0209724 0.0014483
4.0543 0.0237411 0.0222694 0.00147172
4.07102 0.0208325 0.0193813 0.00145119
4.08774 0.0225663 0.0212077 0.00135858
4.10446 0.0221524 0.0209022 0.00125016
4.12118 0.0187703 0.0175777 0.00119259
4.1379 0.0205122 0.0194263 0.00108595
4.15462 0.0193537 0.0181964 0.00115726
4.17133 0.0198711 0.0188935 0.000977553
4.18805 0.0195301 0.0185585 0.00097162
4.20477 0.0174672 0.016529 0.00093824
4.22149 0.0177368 0.0168079 0.000928887
4.23821 0.017909 0.017084 0.000824998
4.25493 0.0182968 0.0175057 0.000791132
4.27165 0.0171331 0.0163693 0.000763878
4.28837 0.017164 0.0164437 0.000720338
4.30509 0.0166606 0.0159345 0.000726056
4.32181 0.0157236 0.0150536 0.000669958
4.33853 0.0143288 0.0136909 0.000637923
4.35524 0.0140205 0.0134163 0.000604236
4.37196 0.0139534 0.0133333 0.000620015
4.38868 0.0123136 0.0118237 0.00048994
4.4054 0.0135099 0.0130359 0.000474022
4.42212 0.0140053 0.0135526 0.000452675
4.43884 0.0144474 0.0139456 0.000501776
4.45556 0.012679 0.0121985 0.00048052
4.47228 0.0130655 0.0126262 0.000439295
4.489 0.0130119 0.0126108 0.000401028
4.50572 0.0121444 0.0117246 0.000419805
4.52243 0.0114844 0.0111092 0.000375164
4.53915 0.010426 0.0100201 0.000405845
4.55587 0.0106887 0.0103375 0.000351204
4.57259 0.0100263 0.00971651 0.000309771
4.58931 0.00939727 0.00912046 0.000276812
4.60603 0.00948443 0.00922747 0.00025696
4.62275 0.00969029 0.00940986 0.000280431
4.63947 0.00884192 0.00860355 0.000238367
4.65619 0.00905142 0.0088103 0.000241126
4.67291 0.00931487 0.00906087 0.000254001
4.68963 0.00899193 0.00879602 0.000195913
4.70634 0.00818873 0.00798816 0.00020057
4.72306 0.00838408 0.00818311 0.000200969
4.73978 0.00794236 0.0077561 0.000186261
4.7565 0.0071721 0.00698641 0.000185698
4.77322 0.00765816 0.00750062 0.000157535
4.78994 0.00732092 0.00715708 0.00016384
4.80666 0.00705306 0.00688885 0.000164201
4.82338 0.00746057 0.0073112 0.000149363
4.8401 0.00629926 0.00614183 0.000157439
4.85682 0.00638213 0.00623682 0.000145308
4.87354 0.00670259 0.00656981 0.000132777
4.89025 0.00650954 0.00639354 0.000115994
4.90697 0.00584629 0.00572646 0.000119829
4.92369 0.00571962 0.00560257 0.000117045
4.94041 0.00568367 0.00559104 9.26247e-05
4.95713 0.00623792 0.00612606 0.000111863
4.97385 0.00518348 0.00510096 8.25156e-05
4.99057 0.0054087 0.00532458 8.41225e-05
5.00729 0.00518443 0.00510196 8.24712e-05
5.02401 0.00486511 0.00478994 7.51664e-05
5.04073 0.00477918 0.00469101 8.81705e-05
5.05744 0.00508253 0.00500704 7.54963e-05
5.07416 0.00467904 0.00460486 7.41839e-05
5.09088 0.00467839 0.00461186 6.65344e-05
5.1076 0.00419951 0.00413994 5.95775e-05
5.12432 0.00408758 0.00402022 6.73559e-05
5.14104 0.00366584 0.00360987 5.59764e-05
5.15776 0.00383797 0.00378222 5.57515e-05
5.17448 0.00381647 0.00375976 5.67026e-05
5.1912 0.00408261 0.00402987 5.2738e-05
5.20792 0.00367144 0.00362986 4.15778e-05
5.22464 0.00366947 0.00362673 4.27397e-05
5.24135 0.00326646 0.00322349 4.2961e-05
5.25807 0.00315708 0.00312224 3.4839e-05
5.27479 0.0033142 0.00327745 3.67431e-05
5.29151 0.00280335 0.00276387 3.9474e-05
5.30823 0.00289943 0.00286737 3.20578e-05
5.32495 0.00303054 0.00299765 3.28912e-05
5.34167 0.0029916 0.00295991 3.16921e-05
5.35839 0.00277875 0.00274626 3.24919e-05
5.37511 0.00299243 0.00296523 2.72001e-05
5.39183 0.00284756 0.0028186 2.89645e-05
5.40855 0.00313493 0.00311156 2.33658e-05
5.42526 0.00274491 0.00271766 2.72496e-05
5.44198 0.00252727 0.00250538 2.18931e-05
5.4587 0.00239255 0.00236757 2.49777e-05
5.47542 0.00242722 0.00240895 1.82719e-05
5.49214 0.00246927 0.00244748 2.1797e-05
5.50886 0.00235279 0.00233257 2.02201e-05
5.52558 0.00241692 0.00239706 1.98615e-05
5.5423 0.00209857 0.00208068 1.78878e-05
5.55902 0.00183653 0.00181985 1.66772e-05
5.57574 0.00219088 0.00217628 1.45996e-05
5.59245 0.00204071 0.00202621 1.44921e-05
5.60917 0.00212356 0.00210931 1.42543e-05
5.62589 0.00183155 0.00181824 1.33151e-05
5.64261 0.00186125 0.00184841 1.28386e-05
5.65933 0.00194473 0.00193067 1.40637e-05
5.67605 0.00166699 0.00165565 1.13375e-05
5.69277 0.00179398 0.00178305 1.09314e-05
5.70949 0.00136179 0.00135343 8.35497e-06
5.72621 0.00167539 0.0016665 8.88816e-06
5.74293 0.00177149 0.00176258 8.91251e-06
5.75965 0.00155835 0.00154894 9.41194e-06
5.77636 0.00158237 0.00157372 8.6442e-06
5.79308 0.00154115 0.00153364 7.5111e-06
5.8098 0.00133252 0.00132475 7.76964e-06
5.82652 0.0013841 0.00137651 7.59058e-06
5.84324 0.00148463 0.00147629 8.3362e-06
5.85996 0.0014869 0.00148069 6.20298e-06
5.87668 0.00127229 0.00126622 6.06542e-06
5.8934 0.00141357 0.00140753 6.03913e-06
5.91012 0.00131212 0.00130657 5.54909e-06
5.92684 0.0011513 0.00114589 5.4139e-06
5.94356 0.00104394 0.00103902 4.9177e-06
5.96027 0.00124431 0.00123974 4.57086e-06
5.97699 0.00112839 0.00112405 4.33962e-06
5.99371 0.0010324 0.00102804 4.36e-06
6.01043 0.00106309 0.0010586 4.48835e-06
6.02715 0.000989413 0.000985302 4.11142e-06
6.04387 0.00105608 0.0010523 3.78645e-06
6.06059 0.00101674 0.00101386 2.88587e-06
6.07731 0.000907383 0.000903997 3.38568e-06
6.09403 0.000891531 0.000888033 3.49737e-06
6.11075 0.000922423 0.000919131 3.29184e-06
6.12746 0.000843568 0.000840723 2.84414e-06
6.14418 0.000790464 0.000787747 2.71686e-06
6.1609 0.000868971 0.000866116 2.85583e-06
6.17762 0.000845999 0.000843522 2.47686e-06
6.19434 0.000846485 0.000844352 2.13282e-06
6.21106 0.000807965 0.000805663 2.30202e-06
6.22778 0.000754018 0.000751956 2.06175e-06
6.2445 0.000595313 0.00059304 2.27256e-06
6.26122 0.000685569 0.00068369 1.87906e-06
6.27794 0.000765949 0.000764083 1.86627e-06
6.29466 0.000708214 0.000706681 1.53279e-06
6.31137 0.000719446 0.000717745 1.70155e-06
6.32809 0.000624399 0.000622879 1.51974e-06
6.34481 0.000679609 0.000678133 1.47598e-06
6.36153 0.000629072 0.000627697 1.37523e-06
6.37825 0.000600844 0.000599457 1.38718e-06
6.39497 0.000673113 0.000671692 1.4208e-06
6.41169 0.00049875 0.00049751 1.23944e-06
6.42841 0.000531045 0.000529881 1.16357e-06
6.44513 0.000511646 0.000510476 1.16949e-06
6.46185 0.00056116 0.000560063 1.0963e-06
6.47857 0.000550194 0.000549131 1.0629e-06
6.49528 0.000523963 0.000522831 1.13193e-06
6.512 0.000502597 0.000501671 9.26246e-07
6.52872 0.000472328 0.000471515 8.12939e-07
6.54544 0.000480297 0.000479506 7.91043e-07
6.56216 0.00045931 0.000458539 7.70511e-07
6.57888 0.00039724 0.000396452 7.87962e-07
6.5956 0.000515331 0.000514661 6.69431e-07
6.61232 0.000498003 0.000497099 9.0384e-07
6.62904 0.000405428 0.000404838 5.90216e-07
6.64576 0.000364887 0.00036423 6.57058e-07
6.66247 0.000375181 0.00037457 6.10866e-07
6.67919 0.000381473 0.00038092 5.53362e-07
6.69591 0.000362913 0.000362444 4.69167e-07
6.71263 0.000363219 0.000362713 5.0633e-07
6.72935 0.000347371 0.000346992 3.79065e-07
6.74607 0.000402503 0.000402052 4.50871e-07
6.76279 0.000324563 0.000324128 4.34537e-07
6.77951 0.00034379 0.00034343 3.60248e-07
6.79623 0.000297729 0.000297311 4.17322e-07
6.81295 0.000314319 0.00031395 3.69056e-07
6.82967 0.000326354 0.000326034 3.19866e-07
6.84638 0.000297625 0.000297335 2.90153e-07
6.8631 0.000307659 0.000307364 2.95034e-07
6.87982 0.000269277 0.000269 2.7636e-07
6.89654 0.000290246 0.000289948 2.97846e-07
6.91326 0.000307193 0.00030689 3.03373e-07
6.92998 0.000299075 0.000298805 2.69679e-07
6.9467 0.000239598 0.000239319 2.78319e-07
6.96342 0.000232742 0.000232535 2.07055e-07
6.98014 0.000258328 0.00025807 2.5806e-07
6.99686 0.000259856 0.000259657 1.99031e-07
7.01358 0.000235327 0.000235144 1.82232e-07
7.03029 0.000268376 0.000268207 1.68367e-07
7.04701 0.000226945 0.000226732 2.12834e-07
7.06373 0.000227542 0.000227354 1.88376e-07
7.08045 0.000228459 0.000228267 1.91773e-07
7.09717 0.000219222 0.000219081 1.41061e-07
7.11389 0.000238832 0.000238683 1.49454e-07
7.13061 0.00021608 0.000215917 1.6216e-07
7.14733 0.000257642 0.000257497 1.4565e-07
7.16405 0.000195204 0.000195059 1.45108e-07
7.18077 0.000161653 0.000161528 1.25362e-07
7.19748 0.000191689 0.000191589 1.00552e-07
7.2142 0.000196925 0.000196814 1.10765e-07
7.23092 0.000165257 0.000165148 1.08447e-07
7.24764 0.000208055 0.000207954 1.01425e-07
7.26436 0.00015896 0.000158868 9.2715e-08
7.28108 0.000175182 0.000175092 8.94256e-08
7.2978 0.000183358 0.000183287 7.10036e-08
7.31452 0.000154228 0.000154149 7.89259e-08
7.33124 0.000123906 0.000123833 7.24817e-08
7.34796 0.000134465 0.000134382 8.35689e-08
7.36468 0.000124352 0.000124281 7.06463e-08
7.38139 0.000152502 0.000152433 6.84182e-08
7.39811 0.000127851 0.000127772 7.89967e-08
7.41483 0.000147051 0.000146987 6.38387e-08
7.43155 0.000123904 0.000123842 6.23118e-08
7.44827 0.000129227 0.000129181 4.65055e-08
7.46499 0.000111407 0.000111352 5.52068e-08
7.48171 0.000106949 0.000106897 5.26311e-08
7.49843 0.000144855 0.000144806 4.91639e-08
7.51515 0.000141926 0.000141885 4.11081e-08
7.53187 0.000129833 0.000129796 3.72791e-08
7.54859 0.000104105 0.000104058 4.66293e-08
7.5653 0.000112719 0.000112685 3.36783e-08
7.58202 0.000102137 0.000102099 3.8474e-08
7.59874 0.000101025 0.000100992 3.31679e-08
7.61546 0.000115496 0.000115462 3.34347e-08
7.63218 7.43766e-05 7.43484e-05 2.82065e-08
7.6489 0.000109784 0.000109752 3.2087e-08
7.66562 0.000111795 0.00011177 2.45902e-08
7.68234 8.95982e-05 8.95691e-05 2.91146e-08
7.69906 8.52157e-05 8.51882e-05 2.75153e-08
7.71578 7.3052e-05 7.30295e-05 2.24435e-08
7.73249 8.86153e-05 8.85873e-05 2.79717e-08
7.74921 8.84644e-05 8.84415e-05 2.28125e-08
7.76593 7.99465e-05 7.9929e-05 1.7499e-08
7.78265 7.88254e-05 7.88031e-05 2.23146e-08
7.79937 7.19669e-05 7.1948e-05 1.89216e-08
7.81609 6.89043e-05 6.88908e-05 1.35433e-08
7.83281 8.55351e-05 8.55201e-05 1.49725e-08
7.84953 6.81543e-05 6.81336e-05 2.06769e-08
7.86625 7.28427e-05 7.2828e-05 1.47191e-08
7.88297 7.92014e-05 7.9189e-05 1.24724e-08
7.89969 7.4162e-05 7.41486e-05 1.34258e-08
7.9164 6.58839e-05 6.58714e-05 1.24743e-08
7.93312 6.87372e-05 6.87248e-05 1.23733e-08
7.94984 7.19407e-05 7.19288e-05 1.18717e-08
7.96656 5.57192e-05 5.57039e-05 1.52637e-08
7.98328 7.91659e-05 7.91539e-05 1.20109e-08
8 5.66944e-05 5.66849e-05 9.53112e-09
