3.001 0.0677758 0.0572569 0.0105189
3.01772 0.261816 0.220505 0.0413117
3.03444 0.33483 0.278544 0.0562861
3.05116 0.448876 0.379455 0.0694211
3.06788 0.488576 0.412265 0.0763114
3.0846 0.515734 0.42868 0.0870544
3.10131 0.620232 0.524303 0.0959293
3.11803 0.677206 0.573205 0.104
3.13475 0.720527 0.614849 0.105678
3.15147 0.760985 0.658984 0.102001
3.16819 0.779535 0.663544 0.115991
3.18491 0.707217 0.602041 0.105177
3.20163 0.915725 0.806301 0.109424
3.21835 0.829827 0.714684 0.115143
3.23507 0.783895 0.664226 0.119669
3.25179 0.837606 0.728899 0.108708
3.26851 0.802837 0.691824 0.111013
3.28522 0.831052 0.722552 0.1085
3.30194 0.97681 0.85913 0.117679
3.31866 0.893146 0.779938 0.113208
3.33538 0.955879 0.835067 0.120812
3.3521 0.907009 0.782476 0.124532
3.36882 0.905975 0.789081 0.116894
3.38554 1.03315 0.923385 0.109761
3.40226 1.17971 1.06712 0.112587
3.41898 1.04176 0.935858 0.105904
3.4357 1.02374 0.900893 0.122847
3.45241 1.0998 0.987606 0.112193
3.46913 1.04683 0.945464 0.101369
3.48585 1.0995 0.995116 0.104384
3.50257 1.08097 0.972469 0.108506
3.51929 1.11514 1.0171 0.0980356
3.53601 1.04137 0.941569 0.0998045
3.55273 1.06885 0.973201 0.0956458
3.56945 1.18817 1.09224 0.0959285
3.58617 1.10791 1.001 0.106901
3.60289 1.06957 0.98592 0.0836495
3.61961 1.00313 0.907854 0.0952766
3.63632 1.08046 0.983686 0.0967744
3.65304 1.14136 1.05584 0.0855252
3.66976 1.08182 0.997089 0.084732
3.68648 1.16539 1.08383 0.0815528
3.7032 1.22067 1.14127 0.0793992
3.71992 0.988018 0.902721 0.0852967
3.73664 1.04924 0.973248 0.075995
3.75336 1.04197 0.965468 0.0765001
3.77008 1.02102 0.948297 0.0727191
3.7868 1.06832 0.990493 0.0778281
3.80352 1.16351 1.09197 0.0715445
3.82023 0.93463 0.859852 0.0747783
3.83695 1.27962 1.2105 0.069126
3.85367 1.08753 1.02315 0.0643819
3.87039 1.12727 1.06991 0.0573578
3.88711 0.989334 0.925013 0.0643218
3.90383 0.886216 0.825292 0.0609234
3.92055 1.00134 0.938517 0.0628228
3.93727 1.16283 1.10256 0.0602654
3.95399 0.857737 0.802777 0.0549601
3.97071 0.879612 0.819363 0.0602498
3.98742 1.08614 1.03315 0.05299
4.00414 0.946204 0.896007 0.0501974
4.02086 0.950032 0.905549 0.0444831
4.03758 0.979685 0.932824 0.0468602
4.0543 1.10568 1.05599 0.0496862
4.07102 1.12915 1.08696 0.0421859
4.08774 0.972977 0.928947 0.0440303
4.10446 0.830905 0.782465 0.04844
4.12118 0.929981 0.884388 0.045593
4.1379 1.00094 0.961554 0.039383
4.15462 0.93628 0.890775 0.045506
4.17133 0.945488 0.904046 0.041442
4.18805 0.746189 0.709935 0.036254
4.20477 1.00452 0.969597 0.0349177
4.22149 0.814693 0.775618 0.0390755
4.23821 0.984312 0.949252 0.0350602
4.25493 0.895839 0.856466 0.0393736
4.27165 0.936435 0.902648 0.0337872
4.28837 0.801953 0.772066 0.0298874
4.30509 0.832887 0.7988 0.0340866
4.32181 0.934229 0.905702 0.0285269
4.33853 0.920641 0.893062 0.0275792
4.35524 0.827395 0.798694 0.0287018
4.37196 0.786714 0.757676 0.0290386
4.38868 0.835504 0.81162 0.0238843
4.4054 0.851918 0.824879 0.0270383
4.42212 0.775425 0.749648 0.0257766
4.43884 0.905743 0.882653 0.0230904
4.45556 0.962561 0.93885 0.0237109
4.47228 0.700999 0.675373 0.0256257
4.489 0.587659 0.567518 0.0201412
4.50572 0.767296 0.745982 0.0213141
4.52243 0.712803 0.69083 0.0219738
4.53915 0.824067 0.803738 0.020329
4.55587 0.70368 0.684699 0.0189809
4.57259 0.714302 0.696816 0.0174867
4.58931 0.514487 0.495776 0.0187116
4.60603 0.824972 0.805391 0.019581
4.62275 0.836797 0.819071 0.0177264
4.63947 0.769179 0.753254 0.0159247
4.65619 0.748537 0.733667 0.0148702
4.67291 0.668539 0.651573 0.0169661
4.68963 0.639152 0.624053 0.0150999
4.70634 0.620313 0.604129 0.0161848
4.72306 0.796354 0.781135 0.0152193
4.73978 0.669232 0.653189 0.0160422
4.7565 0.559222 0.545162 0.0140599
4.77322 0.823034 0.810877 0.0121569
4.78994 0.437782 0.425821 0.0119607
4.80666 0.458928 0.447151 0.0117771
4.82338 0.628862 0.616214 0.0126479
4.8401 0.828716 0.81739 0.0113263
4.85682 0.834633 0.821341 0.0132921
4.87354 0.817119 0.805605 0.011514
4.89025 0.536507 0.527135 0.009372
4.90697 0.506352 0.495808 0.0105438
4.92369 0.629653 0.620394 0.00925893
4.94041 0.483782 0.474491 0.0092908
4.95713 0.63242 0.621728 0.0106928
4.97385 0.622979 0.613581 0.00939795
4.99057 0.594231 0.585672 0.00855914
5.00729 0.589555 0.581564 0.00799126
5.02401 0.490143 0.48229 0.00785261
5.04073 0.498518 0.490525 0.00799317
5.05744 0.544517 0.537069 0.00744842
5.07416 0.521225 0.514373 0.00685196
5.09088 0.471713 0.464442 0.00727081
5.1076 0.587646 0.581966 0.00567955
5.12432 0.592791 0.586459 0.00633249
5.14104 0.64658 0.6406 0.00597913
5.15776 0.671858 0.6654 0.00645876
5.17448 0.580183 0.574297 0.00588571
5.1912 0.483865 0.478385 0.00547957
5.20792 0.491205 0.485423 0.00578215
5.22464 0.437589 0.432339 0.00525034
5.24135 0.728027 0.722277 0.00574988
5.25807 0.441442 0.436539 0.00490318
5.27479 0.464042 0.459605 0.00443762
5.29151 0.512308 0.507765 0.00454387
5.30823 0.498275 0.493754 0.0045206
5.32495 0.560251 0.555682 0.00456897
5.34167 0.401281 0.39658 0.00470134
5.35839 0.581147 0.576737 0.00441004
5.37511 0.483941 0.480421 0.00351924
5.39183 0.575986 0.572276 0.00371027
5.40855 0.420523 0.416809 0.00371398
5.42526 0.398051 0.394217 0.00383411
5.44198 0.449209 0.445441 0.00376828
5.4587 0.352756 0.349213 0.00354355
5.47542 0.436696 0.433331 0.0033653
5.49214 0.41702 0.414146 0.00287345
5.50886 0.60369 0.600828 0.00286151
5.52558 0.386293 0.383159 0.00313431
5.5423 0.459021 0.456098 0.00292272
5.55902 0.391183 0.388685 0.00249806
5.57574 0.58039 0.577128 0.00326223
5.59245 0.533728 0.531203 0.00252468
5.60917 0.370065 0.367581 0.00248351
5.62589 0.484402 0.481546 0.00285549
5.64261 0.393041 0.390627 0.00241448
5.65933 0.328625 0.326311 0.0023148
5.67605 0.52341 0.52127 0.00213945
5.69277 0.554736 0.552685 0.00205163
5.70949 0.315733 0.313957 0.00177622
5.72621 0.380297 0.378101 0.00219682
5.74293 0.295437 0.293362 0.00207512
5.75965 0.516782 0.514891 0.00189183
5.77636 0.372012 0.370096 0.00191671
5.79308 0.314708 0.31314 0.00156746
5.8098 0.323382 0.32188 0.0015021
5.82652 0.392397 0.391039 0.00135812
5.84324 0.259934 0.258756 0.0011781
5.85996 0.376475 0.3751 0.00137457
5.87668 0.420468 0.418893 0.00157588
5.8934 0.34817 0.34672 0.00144995
5.91012 0.384553 0.383043 0.00150948
5.92684 0.34575 0.344341 0.00140854
5.94356 0.379794 0.37844 0.00135387
5.96027 0.371375 0.370035 0.00133967
5.97699 0.380789 0.379712 0.00107756
5.99371 0.343308 0.342221 0.00108788
6.01043 0.268383 0.267286 0.00109669
6.02715 0.266061 0.264938 0.00112334
6.04387 0.312668 0.311556 0.00111276
6.06059 0.312157 0.311211 0.000945703
6.07731 0.247969 0.2471 0.000868908
6.09403 0.301066 0.300185 0.000881344
6.11075 0.299457 0.298546 0.000911165
6.12746 0.361172 0.360234 0.000938258
6.14418 0.396083 0.395198 0.000884617
6.1609 0.345218 0.34435 0.000868725
6.17762 0.212645 0.211806 0.000838643
6.19434 0.315097 0.3144 0.000697153
6.21106 0.291686 0.291093 0.000592145
6.22778 0.335618 0.334951 0.000666909
6.2445 0.288535 0.287784 0.00075111
6.26122 0.19959 0.198938 0.000652086
6.27794 0.241754 0.241097 0.000656947
6.29466 0.275696 0.275052 0.00064326
6.31137 0.273703 0.273075 0.000627143
6.32809 0.202693 0.202075 0.000618056
6.34481 0.357108 0.356612 0.000495408
6.36153 0.32233 0.321848 0.000481809
6.37825 0.195476 0.194962 0.00051376
6.39497 0.282806 0.282321 0.000485263
6.41169 0.147917 0.147448 0.000469306
6.42841 0.257035 0.256575 0.000460673
6.44513 0.268142 0.267744 0.000398007
6.46185 0.313798 0.313363 0.000435289
6.47857 0.197169 0.196759 0.000409674
6.49528 0.215239 0.214788 0.000450713
6.512 0.253699 0.253266 0.000433234
6.52872 0.210357 0.209999 0.000357858
6.54544 0.272794 0.272445 0.000348503
6.56216 0.186955 0.186605 0.000349498
6.57888 0.179506 0.17919 0.000316468
6.5956 0.250301 0.24996 0.000341252
6.61232 0.348592 0.348216 0.000376044
6.62904 0.205748 0.205471 0.000277544
6.64576 0.203639 0.203339 0.000300215
6.66247 0.201239 0.200974 0.000264798
6.67919 0.169349 0.169113 0.000235355
6.69591 0.171442 0.171147 0.000294944
6.71263 0.225778 0.225515 0.000262818
6.72935 0.226783 0.226548 0.000234753
6.74607 0.219172 0.218931 0.000240989
6.76279 0.163606 0.163399 0.000207073
6.77951 0.201164 0.200943 0.000220835
6.79623 0.198488 0.198302 0.000185695
6.81295 0.2067 0.206519 0.000181858
6.82967 0.196559 0.196369 0.00018982
6.84638 0.309518 0.309334 0.000184776
6.8631 0.131818 0.131649 0.000169428
6.87982 0.295612 0.295442 0.000170493
6.89654 0.183793 0.183625 0.00016869
6.91326 0.145105 0.144941 0.000164267
6.92998 0.158194 0.158076 0.000118471
6.9467 0.228769 0.228618 0.000150791
6.96342 0.274214 0.274039 0.000175048
6.98014 0.142374 0.142249 0.000124932
6.99686 0.213497 0.213359 0.000137816
7.01358 0.154334 0.154177 0.000156238
7.03029 0.152204 0.152072 0.000132208
7.04701 0.185454 0.185351 0.000103036
7.06373 0.162471 0.16233 0.000141033
7.08045 0.140765 0.140641 0.000124215
7.09717 0.178951 0.178842 0.000108441
7.11389 0.129729 0.129631 9.82908e-05
7.13061 0.154849 0.154744 0.000104521
7.14733 0.1577 0.15762 8.03976e-05
7.16405 0.261239 0.261154 8.55348e-05
7.18077 0.287924 0.287852 7.15502e-05
7.19748 0.217855 0.21777 8.5199e-05
7.2142 0.134919 0.13482 9.91761e-05
7.23092 0.120877 0.120789 8.81532e-05
7.24764 0.178074 0.177982 9.14327e-05
7.26436 0.178393 0.178312 8.06232e-05
7.28108 0.330764 0.330696 6.83724e-05
7.2978 0.162641 0.16257 7.14068e-05
7.31452 0.193512 0.193442 7.00587e-05
7.33124 0.19476 0.194691 6.87777e-05
7.34796 0.107523 0.107455 6.79396e-05
7.36468 0.16864 0.168573 6.72911e-05
7.38139 0.167999 0.167938 6.1451e-05
7.39811 0.153415 0.153364 5.11502e-05
7.41483 0.0763278 0.0762799 4.78248e-05
7.43155 0.156008 0.155965 4.29545e-05
7.44827 0.266149 0.266104 4.51863e-05
7.46499 0.151508 0.15146 4.78435e-05
7.48171 0.136442 0.136391 5.11384e-05
7.49843 0.131961 0.131914 4.67965e-05
7.51515 0.121378 0.121333 4.4757e-05
7.53187 0.206814 0.206769 4.44392e-05
7.54859 0.106287 0.106238 4.85715e-05
7.5653 0.1286 0.128567 3.34537e-05
7.58202 0.07307 0.0730322 3.78083e-05
7.59874 0.110905 0.11087 3.50172e-05
7.61546 0.181884 0.181842 4.24887e-05
7.63218 0.0951272 0.0950913 3.59901e-05
7.6489 0.110539 0.110512 2.76594e-05
7.66562 0.234072 0.234032 3.99683e-05
7.68234 0.0655539 0.0655261 2.77405e-05
7.69906 0.0893814 0.089351 3.04686e-05
7.71578 0.081263 0.0812309 3.21103e-05
7.73249 0.0967903 0.0967635 2.67732e-05
7.74921 0.129533 0.129505 2.87152e-05
7.76593 0.104958 0.104928 3.01295e-05
7.78265 0.0711413 0.0711171 2.42228e-05
7.79937 0.0800519 0.080022 2.98608e-05
7.81609 0.156951 0.156926 2.43823e-05
7.83281 0.165511 0.165491 2.00396e-05
7.84953 0.148055 0.148028 2.64452e-05
7.86625 0.12885 0.128828 2.16458e-05
7.88297 0.0845127 0.0844908 2.19001e-05
7.89969 0.0687332 0.0687123 2.09656e-05
7.9164 0.103488 0.103469 1.89649e-05
7.93312 0.0780113 0.0779928 1.85414e-05
7.94984 0.0686731 0.0686557 1.743e-05
7.96656 0.0634976 0.0634774 2.02577e-05
7.98328 0.173058 0.17304 1.88914e-05
8 0.177681 0.177664 1.68686e-05
