3.001 0.0429658
3.01772 0.181741
3.03444 0.270984
3.05116 0.307482
3.06788 0.349517
3.0846 0.433635
3.10131 0.411675
3.11803 0.483415
3.13475 0.401859
3.15147 0.496793
3.16819 0.532316
3.18491 0.487234
3.20163 0.602133
3.21835 0.61634
3.23507 0.617042
3.25179 0.665796
3.26851 0.620744
3.28522 0.51755
3.30194 0.650675
3.31866 0.605415
3.33538 0.671322
3.3521 0.632544
3.36882 0.690015
3.38554 0.653045
3.40226 0.629438
3.41898 0.685079
3.4357 0.691797
3.45241 0.577606
3.46913 0.556013
3.48585 0.683151
3.50257 0.729021
3.51929 0.667876
3.53601 0.764717
3.55273 0.691003
3.56945 0.707668
3.58617 0.606452
3.60289 0.678862
3.61961 0.662344
3.63632 0.731331
3.65304 0.693496
3.66976 0.654679
3.68648 0.66207
3.7032 0.742044
3.71992 0.731252
3.73664 0.624595
3.75336 0.731
3.77008 0.608042
3.7868 0.730261
3.80352 0.580429
3.82023 0.70102
3.83695 0.64692
3.85367 0.700518
3.87039 0.652591
3.88711 0.641238
3.90383 0.595844
3.92055 0.707986
3.93727 0.577663
3.95399 0.519285
3.97071 0.66442
3.98742 0.629664
4.00414 0.615479
4.02086 0.69491
4.03758 0.562626
4.0543 0.460514
4.07102 0.456808
4.08774 0.539191
4.10446 0.556543
4.12118 0.496701
4.1379 0.535752
4.15462 0.615732
4.17133 0.561414
4.18805 0.60384
4.20477 0.417978
4.22149 0.543946
4.23821 0.454836
4.25493 0.560832
4.27165 0.624985
4.28837 0.536833
4.30509 0.457874
4.32181 0.510909
4.33853 0.378831
4.35524 0.476901
4.37196 0.49516
4.38868 0.507857
4.4054 0.346243
4.42212 0.339964
4.43884 0.493498
4.45556 0.472672
4.47228 0.712412
4.489 0.432801
4.50572 0.357415
4.52243 0.398129
4.53915 0.470681
4.55587 0.380682
4.57259 0.408827
4.58931 0.540001
4.60603 0.418759
4.62275 0.474228
4.63947 0.458439
4.65619 0.349617
4.67291 0.383326
4.68963 0.353469
4.70634 0.495489
4.72306 0.403162
4.73978 0.401491
4.7565 0.358308
4.77322 0.438816
4.78994 0.327628
4.80666 0.293742
4.82338 0.320399
4.8401 0.264838
4.85682 0.437289
4.87354 0.511165
4.89025 0.414421
4.90697 0.477005
4.92369 0.435358
4.94041 0.4467
4.95713 0.344666
4.97385 0.242829
4.99057 0.390531
5.00729 0.288489
5.02401 0.343033
5.04073 0.254128
5.05744 0.347582
5.07416 0.335537
5.09088 0.50746
5.1076 0.301816
5.12432 0.355189
5.14104 0.358204
5.15776 0.312228
5.17448 0.330643
5.1912 0.338537
5.20792 0.301197
5.22464 0.275674
5.24135 0.318853
5.25807 0.25727
5.27479 0.306182
5.29151 0.275585
5.30823 0.275228
5.32495 0.481887
5.34167 0.381381
5.35839 0.223729
5.37511 0.239915
5.39183 0.207464
5.40855 0.226387
5.42526 0.237543
5.44198 0.152879
5.4587 0.201933
5.47542 0.240776
5.49214 0.209993
5.50886 0.186206
5.52558 0.258842
5.5423 0.216235
5.55902 0.174622
5.57574 0.269119
5.59245 0.281821
5.60917 0.250692
5.62589 0.224525
5.64261 0.28469
5.65933 0.170546
5.67605 0.254295
5.69277 0.20324
5.70949 0.165197
5.72621 0.181681
5.74293 0.218974
5.75965 0.129112
5.77636 0.226448
5.79308 0.172497
5.8098 0.210644
5.82652 0.130003
5.84324 0.247715
5.85996 0.128631
5.87668 0.194043
5.8934 0.190178
5.91012 0.191355
5.92684 0.186564
5.94356 0.143035
5.96027 0.135642
5.97699 0.184776
5.99371 0.23843
6.01043 0.150928
6.02715 0.273767
6.04387 0.126452
6.06059 0.113137
6.07731 0.100682
6.09403 0.113087
6.11075 0.202191
6.12746 0.251659
6.14418 0.104584
6.1609 0.239522
6.17762 0.182078
6.19434 0.119209
6.21106 0.10259
6.22778 0.15834
6.2445 0.196437
6.26122 0.139538
6.27794 0.227674
6.29466 0.128966
6.31137 0.313613
6.32809 0.106968
6.34481 0.211614
6.36153 0.126884
6.37825 0.232969
6.39497 0.143259
6.41169 0.207665
6.42841 0.0759907
6.44513 0.116487
6.46185 0.19376
6.47857 0.15542
6.49528 0.177354
6.512 0.136436
6.52872 0.107469
6.54544 0.0797127
6.56216 0.141298
6.57888 0.120839
6.5956 0.158337
6.61232 0.119825
6.62904 0.0979398
6.64576 0.164566
6.66247 0.145242
6.67919 0.219494
6.69591 0.0976449
6.71263 0.0958226
6.72935 0.137659
6.74607 0.13886
6.76279 0.203508
6.77951 0.166015
6.79623 0.168055
6.81295 0.0739317
6.82967 0.249723
6.84638 0.0573514
6.8631 0.0825483
6.87982 0.05649
6.89654 0.157071
6.91326 0.10608
6.92998 0.08108
6.9467 0.138026
6.96342 0.183814
6.98014 0.253548
6.99686 0.0770074
7.01358 0.0870526
7.03029 0.0632094
7.04701 0.071923
7.06373 0.0832959
7.08045 0.0621118
7.09717 0.0831668
7.11389 0.139725
7.13061 0.0688621
7.14733 0.050304
7.16405 0.0519646
7.18077 0.13159
7.19748 0.0500456
7.2142 0.0626758
7.23092 0.050506
7.24764 0.0719208
7.26436 0.0773509
7.28108 0.106229
7.2978 0.0791197
7.31452 0.0809214
7.33124 0.105744
7.34796 0.0817796
7.36468 0.108333
7.38139 0.0606442
7.39811 0.0582318
7.41483 0.0548288
7.43155 0.0587341
7.44827 0.0920725
7.46499 0.0550205
7.48171 0.0819625
7.49843 0.0686478
7.51515 0.0560304
7.53187 0.0759494
7.54859 0.0674057
7.5653 0.159895
7.58202 0.074909
7.59874 0.0844599
7.61546 0.0356822
7.63218 0.0439785
7.6489 0.0374761
7.66562 0.0279935
7.68234 0.103083
7.69906 0.0690819
7.71578 0.114063
7.73249 0.0957206
7.74921 0.100991
7.76593 0.0348453
7.78265 0.031453
7.79937 0.0443741
7.81609 0.123652
7.83281 0.190528
7.84953 0.0231949
7.86625 0.0735498
7.88297 0.0579892
7.89969 0.0399504
7.9164 0.0416808
7.93312 0.0213538
7.94984 0.04527
7.96656 0.045504
7.98328 0.043593
8 0.0726462
