3.001 0.070617
3.01772 0.27102
3.03444 0.342532
3.05116 0.46603
3.06788 0.498654
3.0846 0.52789
3.10131 0.62378
3.11803 0.6792
3.13475 0.732845
3.15147 0.770431
3.16819 0.783482
3.18491 0.722338
3.20163 0.924443
3.21835 0.836591
3.23507 0.782045
3.25179 0.855017
3.26851 0.810128
3.28522 0.852016
3.30194 0.980449
3.31866 0.910567
3.33538 0.957509
3.3521 0.912166
3.36882 0.903955
3.38554 1.049
3.40226 1.19021
3.41898 1.05353
3.4357 1.02642
3.45241 1.11151
3.46913 1.06485
3.48585 1.10901
3.50257 1.08604
3.51929 1.1216
3.53601 1.0452
3.55273 1.09434
3.56945 1.21924
3.58617 1.1138
3.60289 1.09146
3.61961 1.02539
3.63632 1.09145
3.65304 1.15241
3.66976 1.09018
3.68648 1.18338
3.7032 1.23222
3.71992 0.993394
3.73664 1.07411
3.75336 1.06064
3.77008 1.03984
3.7868 1.07303
3.80352 1.18321
3.82023 0.942286
3.83695 1.30112
3.85367 1.10804
3.87039 1.15117
3.88711 1.01089
3.90383 0.901754
3.92055 1.01701
3.93727 1.18151
3.95399 0.875767
3.97071 0.898564
3.98742 1.11088
4.00414 0.960975
4.02086 0.980174
4.03758 1.00198
4.0543 1.12866
4.07102 1.15591
4.08774 0.987944
4.10446 0.847316
4.12118 0.952754
4.1379 1.02257
4.15462 0.947913
4.17133 0.965782
4.18805 0.772055
4.20477 1.02689
4.22149 0.830622
4.23821 1.00623
4.25493 0.904331
4.27165 0.951055
4.28837 0.82799
4.30509 0.854062
4.32181 0.958138
4.33853 0.94003
4.35524 0.849388
4.37196 0.807258
4.38868 0.85794
4.4054 0.8725
4.42212 0.796414
4.43884 0.92047
4.45556 0.983573
4.47228 0.722347
4.489 0.609437
4.50572 0.782722
4.52243 0.730063
4.53915 0.845474
4.55587 0.718328
4.57259 0.732933
4.58931 0.532466
4.60603 0.839927
4.62275 0.855357
4.63947 0.785589
4.65619 0.765288
4.67291 0.684146
4.68963 0.660981
4.70634 0.634168
4.72306 0.813322
4.73978 0.682723
4.7565 0.572885
4.77322 0.839333
4.78994 0.454765
4.80666 0.4729
4.82338 0.644541
4.8401 0.843804
4.85682 0.848047
4.87354 0.830246
4.89025 0.554564
4.90697 0.516258
4.92369 0.646092
4.94041 0.497077
4.95713 0.644652
4.97385 0.638283
4.99057 0.610638
5.00729 0.602197
5.02401 0.501416
5.04073 0.514883
5.05744 0.557386
5.07416 0.533589
5.09088 0.484192
5.1076 0.603283
5.12432 0.607805
5.14104 0.661979
5.15776 0.683148
5.17448 0.592634
5.1912 0.497509
5.20792 0.503128
5.22464 0.451428
5.24135 0.738077
5.25807 0.453612
5.27479 0.475474
5.29151 0.520455
5.30823 0.507527
5.32495 0.569355
5.34167 0.410324
5.35839 0.590723
5.37511 0.49406
5.39183 0.58623
5.40855 0.430943
5.42526 0.407029
5.44198 0.456685
5.4587 0.361002
5.47542 0.444889
5.49214 0.426754
5.50886 0.613005
5.52558 0.395731
5.5423 0.466803
5.55902 0.399199
5.57574 0.589117
5.59245 0.542664
5.60917 0.37877
5.62589 0.489664
5.64261 0.400463
5.65933 0.336785
5.67605 0.529774
5.69277 0.56268
5.70949 0.323242
5.72621 0.387052
5.74293 0.301597
5.75965 0.522724
5.77636 0.377279
5.79308 0.321774
5.8098 0.330109
5.82652 0.398519
5.84324 0.26551
5.85996 0.382582
5.87668 0.426124
5.8934 0.354019
5.91012 0.390168
5.92684 0.351344
5.94356 0.38552
5.96027 0.376462
5.97699 0.386471
5.99371 0.348902
6.01043 0.274115
6.02715 0.27149
6.04387 0.318529
6.06059 0.317475
6.07731 0.253229
6.09403 0.306582
6.11075 0.304349
6.12746 0.365961
6.14418 0.400083
6.1609 0.349395
6.17762 0.216343
6.19434 0.318894
6.21106 0.296432
6.22778 0.340089
6.2445 0.292982
6.26122 0.203064
6.27794 0.245561
6.29466 0.279979
6.31137 0.276984
6.32809 0.206285
6.34481 0.360909
6.36153 0.325676
6.37825 0.199059
6.39497 0.286706
6.41169 0.151064
6.42841 0.260479
6.44513 0.271322
6.46185 0.316752
6.47857 0.20083
6.49528 0.21829
6.512 0.256706
6.52872 0.213707
6.54544 0.276219
6.56216 0.189832
6.57888 0.182605
6.5956 0.253029
6.61232 0.351595
6.62904 0.208572
6.64576 0.206204
6.66247 0.204235
6.67919 0.171623
6.69591 0.173579
6.71263 0.228493
6.72935 0.228886
6.74607 0.221696
6.76279 0.166154
6.77951 0.203431
6.79623 0.201021
6.81295 0.209164
6.82967 0.198594
6.84638 0.311459
6.8631 0.133672
6.87982 0.297678
6.89654 0.186064
6.91326 0.147065
6.92998 0.16028
6.9467 0.230519
6.96342 0.276043
6.98014 0.144201
6.99686 0.215298
7.01358 0.155995
7.03029 0.153885
7.04701 0.187359
7.06373 0.163883
7.08045 0.142122
7.09717 0.180763
7.11389 0.131259
7.13061 0.15673
7.14733 0.159251
7.16405 0.262913
7.18077 0.289514
7.19748 0.219321
7.2142 0.13641
7.23092 0.122629
7.24764 0.179463
7.26436 0.179653
7.28108 0.332063
7.2978 0.164131
7.31452 0.194997
7.33124 0.196499
7.34796 0.108735
7.36468 0.169808
7.38139 0.169202
7.39811 0.154633
7.41483 0.0775297
7.43155 0.156896
7.44827 0.267218
7.46499 0.152609
7.48171 0.137634
7.49843 0.132866
7.51515 0.122357
7.53187 0.207964
7.54859 0.107242
7.5653 0.129725
7.58202 0.0741312
7.59874 0.111913
7.61546 0.182832
7.63218 0.0961525
7.6489 0.111433
7.66562 0.235116
7.68234 0.0664924
7.69906 0.0903449
7.71578 0.0821189
7.73249 0.0978145
7.74921 0.130323
7.76593 0.105868
7.78265 0.0719799
7.79937 0.0809164
7.81609 0.157774
7.83281 0.166207
7.84953 0.148866
7.86625 0.129632
7.88297 0.0851888
7.89969 0.0693723
7.9164 0.104167
7.93312 0.0786232
7.94984 0.0693685
7.96656 0.0641504
7.98328 0.173676
8 0.178229
