#1-Q [GeV] 2--dN/dQdY [GeV-1] 3--dN_{PreEq}/dQdY [GeV-1] 3--dN_{Hydro}/dQdY [GeV-1]
3.001 0.0374249 0.0327189 0.00470594
3.00434 0.0665622 0.0566397 0.00992246
3.00768 0.0962716 0.0833811 0.0128904
3.01102 0.140696 0.127154 0.0135413
3.01436 0.166206 0.147472 0.0187332
3.01771 0.152211 0.134446 0.0177656
3.02105 0.17033 0.147421 0.0229093
3.02439 0.164706 0.14255 0.0221564
3.02773 0.226983 0.200017 0.0269658
3.03107 0.199355 0.174087 0.0252684
3.03441 0.315109 0.28699 0.0281191
3.03775 0.286355 0.258609 0.0277458
3.04109 0.245402 0.216628 0.0287739
3.04443 0.248264 0.213654 0.03461
3.04778 0.218563 0.190391 0.0281712
3.05112 0.312694 0.280805 0.0318886
3.05446 0.327505 0.292876 0.0346283
3.0578 0.275578 0.244644 0.0309346
3.06114 0.270148 0.234275 0.0358726
3.06448 0.268229 0.228079 0.0401495
3.06782 0.356636 0.319863 0.0367735
3.07116 0.281644 0.243453 0.038191
3.07451 0.280253 0.242623 0.0376293
3.07785 0.324563 0.285252 0.0393103
3.08119 0.333122 0.289936 0.0431863
3.08453 0.300951 0.262004 0.0389472
3.08787 0.398171 0.353121 0.0450501
3.09121 0.413485 0.37575 0.0377348
3.09455 0.404459 0.361088 0.0433706
3.09789 0.490973 0.452034 0.0389392
3.10123 0.481754 0.43586 0.0458939
3.10458 0.424761 0.374608 0.0501531
3.10792 0.434878 0.391844 0.0430339
3.11126 0.441107 0.387977 0.0531291
3.1146 0.403054 0.360517 0.0425371
3.11794 0.460074 0.412074 0.0479999
3.12128 0.422438 0.369508 0.0529299
3.12462 0.472573 0.425816 0.0467571
3.12796 0.432663 0.388865 0.0437981
3.1313 0.4137 0.367332 0.0463683
3.13465 0.482324 0.42729 0.0550335
3.13799 0.442766 0.387782 0.0549849
3.14133 0.376063 0.331099 0.0449644
3.14467 0.508981 0.466442 0.0425387
3.14801 0.531086 0.478726 0.0523599
3.15135 0.402059 0.359412 0.0426472
3.15469 0.435407 0.3869 0.0485077
3.15803 0.540087 0.489552 0.0505347
3.16137 0.577248 0.531142 0.046106
3.16472 0.35651 0.310899 0.0456114
3.16806 0.463402 0.413313 0.0500893
3.1714 0.47367 0.421381 0.0522889
3.17474 0.405607 0.355852 0.0497547
3.17808 0.419004 0.374004 0.045
3.18142 0.424373 0.362656 0.061717
3.18476 0.52973 0.47907 0.0506596
3.1881 0.470627 0.416491 0.0541361
3.19144 0.567166 0.514781 0.0523853
3.19479 0.468235 0.415406 0.052829
3.19813 0.468666 0.411978 0.0566876
3.20147 0.61226 0.552393 0.0598673
3.20481 0.576699 0.517206 0.059493
3.20815 0.490426 0.440631 0.049795
3.21149 0.719636 0.668874 0.0507616
3.21483 0.50076 0.450774 0.0499857
3.21817 0.525054 0.483542 0.0415112
3.22152 0.601189 0.555903 0.0452854
3.22486 0.622461 0.568509 0.0539519
3.2282 0.502141 0.45157 0.0505706
3.23154 0.457911 0.407786 0.0501255
3.23488 0.594264 0.545796 0.048468
3.23822 0.555239 0.504223 0.051016
3.24156 0.468837 0.418785 0.050052
3.2449 0.548938 0.48835 0.0605879
3.24824 0.677213 0.617292 0.0599206
3.25159 0.491024 0.437879 0.0531448
3.25493 0.521685 0.468594 0.0530914
3.25827 0.563361 0.510586 0.0527745
3.26161 0.665318 0.613653 0.0516651
3.26495 0.616829 0.561133 0.0556962
3.26829 0.4983 0.443138 0.0551622
3.27163 0.669624 0.614557 0.0550665
3.27497 0.696569 0.649248 0.047321
3.27831 0.71635 0.658581 0.057769
3.28166 0.600136 0.54708 0.0530553
3.285 0.66978 0.611871 0.0579091
3.28834 0.486377 0.436205 0.0501721
3.29168 0.514421 0.463645 0.0507756
3.29502 0.618066 0.559372 0.0586935
3.29836 0.643445 0.580042 0.0634029
3.3017 0.514622 0.469396 0.0452259
3.30504 0.55657 0.485639 0.0709312
3.30838 0.581428 0.532645 0.0487834
3.31173 0.707244 0.657726 0.0495177
3.31507 0.630333 0.57998 0.0503533
3.31841 0.602418 0.551987 0.0504307
3.32175 0.4435 0.387649 0.0558504
3.32509 0.560363 0.500899 0.0594635
3.32843 0.597942 0.548851 0.049091
3.33177 0.585622 0.52146 0.0641621
3.33511 0.545001 0.488641 0.0563602
3.33845 0.564536 0.504976 0.0595594
3.3418 0.740497 0.693279 0.0472174
3.34514 0.643562 0.586351 0.0572104
3.34848 0.775579 0.727776 0.0478023
3.35182 0.762848 0.707472 0.0553763
3.35516 0.637707 0.574763 0.0629439
3.3585 0.918517 0.870709 0.0478079
3.36184 0.73537 0.680001 0.0553695
3.36518 0.63167 0.585961 0.0457093
3.36853 0.810251 0.760264 0.0499869
3.37187 0.742684 0.688674 0.0540099
3.37521 0.87113 0.811495 0.0596355
3.37855 0.622912 0.560389 0.0625223
3.38189 0.814879 0.771582 0.0432967
3.38523 0.564109 0.510874 0.0532348
3.38857 0.568002 0.52387 0.0441315
3.39191 0.597822 0.554517 0.0433052
3.39525 0.628862 0.583476 0.0453865
3.3986 0.860328 0.808831 0.0514977
3.40194 0.754247 0.700783 0.0534642
3.40528 0.519303 0.459832 0.0594717
3.40862 0.619619 0.560637 0.0589822
3.41196 0.621839 0.56825 0.0535886
3.4153 0.63819 0.587223 0.0509667
3.41864 0.652164 0.60185 0.0503143
3.42198 0.536629 0.481466 0.055163
3.42532 0.673466 0.628353 0.0451137
3.42867 0.56957 0.518938 0.0506318
3.43201 1.00942 0.957159 0.0522628
3.43535 0.469286 0.421001 0.0482854
3.43869 0.617345 0.570725 0.0466206
3.44203 0.808373 0.759123 0.0492505
3.44537 0.753692 0.702 0.0516914
3.44871 0.870939 0.816623 0.0543159
3.45205 0.71805 0.666517 0.0515325
3.45539 0.709468 0.662031 0.0474366
3.45874 0.623522 0.57301 0.0505117
3.46208 0.573127 0.519521 0.0536055
3.46542 0.499729 0.456251 0.0434773
3.46876 0.703738 0.650491 0.0532469
3.4721 0.651063 0.612173 0.0388904
3.47544 0.855227 0.808629 0.0465974
3.47878 0.600225 0.539196 0.0610286
3.48212 0.724913 0.684312 0.0406003
3.48546 0.582504 0.535044 0.0474607
3.48881 0.608731 0.567095 0.0416367
3.49215 0.678089 0.629962 0.048127
3.49549 0.556012 0.504496 0.051516
3.49883 0.8181 0.7628 0.0552995
3.50217 0.695533 0.650358 0.0451755
3.50551 0.574934 0.533724 0.0412099
3.50885 0.672537 0.631484 0.0410529
3.51219 0.669115 0.621873 0.0472417
3.51554 0.672735 0.629863 0.0428712
3.51888 0.462836 0.421763 0.0410729
3.52222 0.728566 0.689021 0.0395445
3.52556 0.675926 0.632451 0.0434745
3.5289 0.765374 0.718003 0.0473711
3.53224 0.606163 0.562005 0.0441577
3.53558 0.578165 0.530974 0.0471913
3.53892 0.756482 0.70632 0.0501628
3.54226 0.862486 0.816766 0.0457205
3.54561 0.59816 0.554997 0.0431636
3.54895 0.561049 0.515966 0.0450827
3.55229 0.579341 0.537917 0.0414235
3.55563 0.702566 0.655889 0.0466771
3.55897 0.740872 0.693295 0.047577
3.56231 0.459396 0.422306 0.0370903
3.56565 0.813387 0.776648 0.0367389
3.56899 0.423333 0.382509 0.0408243
3.57233 0.685748 0.651385 0.0343622
3.57568 0.660047 0.62597 0.0340768
3.57902 0.518969 0.474816 0.0441532
3.58236 0.432582 0.393158 0.0394236
3.5857 0.524568 0.487259 0.0373091
3.58904 0.64311 0.594713 0.0483974
3.59238 0.468739 0.432663 0.0360763
3.59572 0.679409 0.639158 0.0402508
3.59906 0.870334 0.82422 0.0461132
3.6024 0.492148 0.445535 0.0466127
3.60575 0.833267 0.789047 0.0442201
3.60909 0.767873 0.725267 0.0426059
3.61243 0.642238 0.600504 0.0417333
3.61577 0.556165 0.515996 0.0401695
3.61911 0.793234 0.754603 0.0386307
3.62245 0.50758 0.463281 0.0442991
3.62579 0.772203 0.723096 0.0491067
3.62913 0.627492 0.586518 0.0409737
3.63247 0.754314 0.720046 0.0342686
3.63582 0.70057 0.663908 0.036662
3.63916 0.683965 0.641902 0.0420634
3.6425 0.72874 0.688813 0.0399275
3.64584 0.83463 0.795858 0.0387715
3.64918 0.633446 0.595757 0.0376886
3.65252 0.777332 0.741351 0.0359807
3.65586 0.678612 0.642126 0.0364857
3.6592 0.601819 0.563664 0.0381545
3.66255 0.669278 0.626692 0.0425859
3.66589 0.514058 0.469509 0.0445489
3.66923 0.586917 0.549541 0.0373753
3.67257 0.599638 0.560981 0.0386576
3.67591 0.54362 0.510071 0.0335483
3.67925 0.651887 0.61135 0.040537
3.68259 0.521647 0.482432 0.0392144
3.68593 0.599138 0.561757 0.0373811
3.68927 0.74065 0.693799 0.0468509
3.69262 0.643113 0.606405 0.0367081
3.69596 0.502977 0.465654 0.0373227
3.6993 0.739219 0.707974 0.0312458
3.70264 0.678866 0.648564 0.030302
3.70598 0.553289 0.517965 0.0353247
3.70932 0.737438 0.701728 0.03571
3.71266 0.893261 0.861785 0.0314765
3.716 0.641773 0.61238 0.0293938
3.71934 0.790964 0.755262 0.0357018
3.72269 0.60013 0.567255 0.0328743
3.72603 0.488097 0.453534 0.0345627
3.72937 0.653938 0.617569 0.0363691
3.73271 0.639084 0.604676 0.0344081
3.73605 0.688402 0.655087 0.0333152
3.73939 0.610001 0.581623 0.0283776
3.74273 0.63448 0.601592 0.032888
3.74607 1.08907 1.05676 0.0323041
3.74941 0.932799 0.897548 0.0352519
3.75276 0.840903 0.805583 0.0353197
3.7561 0.705497 0.673996 0.0315013
3.75944 0.493668 0.463587 0.030081
3.76278 0.560039 0.52563 0.0344098
3.76612 0.729287 0.694775 0.0345117
3.76946 0.57102 0.539804 0.0312163
3.7728 0.670257 0.637346 0.0329114
3.77614 0.580089 0.543952 0.0361375
3.77948 0.601066 0.570098 0.0309679
3.78283 0.471923 0.441552 0.0303709
3.78617 0.641924 0.615872 0.0260516
3.78951 0.779095 0.748119 0.0309756
3.79285 0.493051 0.455073 0.0379783
3.79619 0.700197 0.663801 0.0363956
3.79953 0.856372 0.827028 0.0293446
3.80287 0.702916 0.671436 0.0314806
3.80621 0.675242 0.651261 0.0239814
3.80956 0.570329 0.538369 0.0319605
3.8129 0.849726 0.811703 0.0380223
3.81624 0.739754 0.703643 0.0361108
3.81958 0.685726 0.659582 0.0261439
3.82292 0.847157 0.810319 0.0368373
3.82626 0.601926 0.568983 0.0329423
3.8296 0.680018 0.650297 0.0297217
3.83294 0.7221 0.695642 0.026458
3.83628 0.80109 0.773232 0.0278583
3.83963 0.570043 0.539959 0.0300831
3.84297 0.505942 0.481131 0.0248104
3.84631 0.481978 0.44522 0.0367577
3.84965 0.909633 0.88017 0.0294629
3.85299 0.706678 0.681692 0.0249857
3.85633 0.729613 0.705768 0.0238442
3.85967 0.738726 0.707487 0.0312386
3.86301 0.615281 0.583438 0.031843
3.86635 1.01176 0.988807 0.02295
3.8697 0.52523 0.504911 0.0203198
3.87304 0.514622 0.490832 0.0237897
3.87638 0.558908 0.53522 0.0236876
3.87972 0.509556 0.481909 0.0276471
3.88306 0.487991 0.465379 0.022612
3.8864 0.704096 0.676078 0.0280187
3.88974 0.723965 0.700498 0.0234671
3.89308 0.442562 0.418112 0.0244491
3.89642 0.499843 0.472947 0.0268962
3.89977 0.715698 0.68983 0.0258684
3.90311 0.675105 0.650788 0.024317
3.90645 0.368899 0.340296 0.0286032
3.90979 0.673799 0.649938 0.0238612
3.91313 0.598105 0.573983 0.0241226
3.91647 0.658903 0.637001 0.0219029
3.91981 0.670444 0.644705 0.0257387
3.92315 0.570799 0.541988 0.0288116
3.92649 0.747724 0.72291 0.024814
3.92984 0.998391 0.974882 0.0235081
3.93318 0.644618 0.618499 0.0261191
3.93652 0.564646 0.539706 0.0249398
3.93986 0.872446 0.846788 0.025658
3.9432 0.461446 0.435508 0.0259387
3.94654 0.604573 0.582095 0.0224778
3.94988 0.578846 0.555424 0.0234213
3.95322 0.595916 0.566447 0.0294684
3.95657 0.786005 0.759277 0.0267274
3.95991 0.814155 0.78594 0.0282152
3.96325 0.618548 0.592165 0.026383
3.96659 0.529145 0.502701 0.0264443
3.96993 0.706617 0.683119 0.023498
3.97327 0.72719 0.703877 0.0233133
3.97661 0.713627 0.689345 0.0242814
3.97995 0.556662 0.530862 0.0257993
3.98329 0.610862 0.588045 0.0228178
3.98664 0.703787 0.683063 0.0207236
3.98998 0.530542 0.508565 0.0219773
3.99332 0.385129 0.364845 0.0202837
3.99666 0.679444 0.65781 0.0216341
4 0.824153 0.802442 0.0217107
