#1-Q [GeV] 2--dN/dQdY [GeV-1] 3--dN_{PreEq}/dQdY [GeV-1] 3--dN_{Hydro}/dQdY [GeV-1]
3 5.79278e-05 3.03871e-05 2.75407e-05
3.01672 5.59597e-05 3.07515e-05 2.52082e-05
3.03344 6.84464e-05 4.26507e-05 2.57957e-05
3.05017 6.42604e-05 4.36521e-05 2.06083e-05
3.06689 6.25424e-05 4.10808e-05 2.14616e-05
3.08361 7.36746e-05 4.64932e-05 2.71814e-05
3.10033 7.1092e-05 5.13223e-05 1.97698e-05
3.11706 5.92314e-05 3.17254e-05 2.7506e-05
3.13378 4.80994e-05 2.77052e-05 2.03942e-05
3.1505 5.69214e-05 4.02107e-05 1.67107e-05
3.16722 5.52932e-05 2.87813e-05 2.65119e-05
3.18395 4.85464e-05 3.28681e-05 1.56783e-05
3.20067 5.19796e-05 3.50604e-05 1.69192e-05
3.21739 3.99878e-05 2.42768e-05 1.5711e-05
3.23411 4.78619e-05 3.00156e-05 1.78463e-05
3.25084 4.3956e-05 2.55073e-05 1.84487e-05
3.26756 3.11177e-05 1.82758e-05 1.28419e-05
3.28428 4.24598e-05 2.46978e-05 1.7762e-05
3.301 3.71975e-05 2.41415e-05 1.3056e-05
3.31773 3.21239e-05 1.84591e-05 1.36648e-05
3.33445 3.8816e-05 2.54705e-05 1.33455e-05
3.35117 3.27118e-05 2.08531e-05 1.18587e-05
3.36789 4.07302e-05 2.35408e-05 1.71894e-05
3.38462 3.25315e-05 2.26361e-05 9.89536e-06
3.40134 4.9643e-05 3.39983e-05 1.56447e-05
3.41806 2.92072e-05 1.89857e-05 1.02215e-05
3.43478 2.77411e-05 1.86535e-05 9.0876e-06
3.45151 3.36799e-05 2.55275e-05 8.15239e-06
3.46823 3.32702e-05 2.54382e-05 7.832e-06
3.48495 2.348e-05 1.37403e-05 9.73967e-06
3.50167 2.85592e-05 2.07231e-05 7.83608e-06
3.51839 2.34697e-05 1.69509e-05 6.51883e-06
3.53512 2.28782e-05 1.50566e-05 7.82159e-06
3.55184 1.63437e-05 1.02825e-05 6.06125e-06
3.56856 2.35995e-05 1.81586e-05 5.44085e-06
3.58528 2.66706e-05 2.06414e-05 6.02921e-06
3.60201 3.0018e-05 2.11838e-05 8.83418e-06
3.61873 2.65338e-05 1.93402e-05 7.19352e-06
3.63545 2.07446e-05 1.33825e-05 7.36211e-06
3.65217 2.10764e-05 1.63772e-05 4.69926e-06
3.6689 2.21818e-05 1.54371e-05 6.74464e-06
3.68562 1.70696e-05 1.2133e-05 4.93663e-06
3.70234 2.0864e-05 1.58324e-05 5.03158e-06
3.71906 1.85322e-05 1.49331e-05 3.59915e-06
3.73579 1.81186e-05 1.38716e-05 4.24704e-06
3.75251 2.02903e-05 1.70052e-05 3.28503e-06
3.76923 1.12092e-05 6.98916e-06 4.22007e-06
3.78595 1.64795e-05 1.24759e-05 4.0036e-06
3.80268 1.39655e-05 9.90852e-06 4.05693e-06
3.8194 1.67492e-05 1.27892e-05 3.96004e-06
3.83612 1.51171e-05 1.20223e-05 3.09481e-06
3.85284 1.84418e-05 1.52896e-05 3.15215e-06
3.86957 1.72676e-05 1.38503e-05 3.41738e-06
3.88629 1.55489e-05 1.13745e-05 4.17434e-06
3.90301 1.40378e-05 1.02901e-05 3.74773e-06
3.91973 1.50716e-05 1.20457e-05 3.02588e-06
3.93645 1.20252e-05 9.89488e-06 2.1303e-06
3.95318 1.54071e-05 1.25339e-05 2.8732e-06
3.9699 1.08828e-05 8.64368e-06 2.23915e-06
3.98662 1.38079e-05 1.14227e-05 2.38524e-06
4.00334 1.31088e-05 1.03003e-05 2.80842e-06
4.02007 1.19146e-05 8.96542e-06 2.94914e-06
4.03679 1.25119e-05 9.79069e-06 2.72122e-06
4.05351 1.20237e-05 9.75279e-06 2.27087e-06
4.07023 9.1799e-06 7.42776e-06 1.75214e-06
4.08696 1.08756e-05 8.598e-06 2.27759e-06
4.10368 1.17976e-05 9.83284e-06 1.96471e-06
4.1204 8.45247e-06 6.49936e-06 1.95311e-06
4.13712 9.67405e-06 7.99365e-06 1.6804e-06
4.15385 8.921e-06 7.42471e-06 1.49629e-06
4.17057 7.18719e-06 5.57173e-06 1.61546e-06
4.18729 6.50423e-06 5.31007e-06 1.19416e-06
4.20401 9.44956e-06 8.25272e-06 1.19684e-06
4.22074 7.63656e-06 6.35837e-06 1.27819e-06
4.23746 9.80314e-06 8.79718e-06 1.00596e-06
4.25418 1.02187e-05 8.68927e-06 1.52947e-06
4.2709 7.09081e-06 5.57023e-06 1.52058e-06
4.28763 7.9159e-06 7.02238e-06 8.93526e-07
4.30435 9.08619e-06 7.81184e-06 1.27435e-06
4.32107 7.82899e-06 6.67694e-06 1.15205e-06
4.33779 6.22575e-06 5.06099e-06 1.16476e-06
4.35452 7.80804e-06 7.06438e-06 7.43659e-07
4.37124 9.5238e-06 8.53965e-06 9.84149e-07
4.38796 4.70929e-06 3.93914e-06 7.70151e-07
4.40468 8.94327e-06 8.13422e-06 8.09049e-07
4.4214 6.7328e-06 5.96723e-06 7.65571e-07
4.43813 6.37965e-06 5.67561e-06 7.0404e-07
4.45485 5.49933e-06 4.58106e-06 9.18276e-07
4.47157 6.33582e-06 5.64793e-06 6.87897e-07
4.48829 5.16588e-06 4.20739e-06 9.58487e-07
4.50502 5.18268e-06 4.6592e-06 5.2348e-07
4.52174 4.63247e-06 4.1102e-06 5.22267e-07
4.53846 6.06569e-06 5.51715e-06 5.4854e-07
4.55518 4.53221e-06 4.01626e-06 5.15941e-07
4.57191 5.07342e-06 4.34715e-06 7.26271e-07
4.58863 6.49965e-06 5.83721e-06 6.62443e-07
4.60535 4.09827e-06 3.71171e-06 3.8656e-07
4.62207 3.65897e-06 3.29204e-06 3.66929e-07
4.6388 3.93318e-06 3.61018e-06 3.23001e-07
4.65552 3.61094e-06 3.22152e-06 3.89415e-07
4.67224 5.94513e-06 5.34599e-06 5.99146e-07
4.68896 3.47757e-06 2.9766e-06 5.00976e-07
4.70569 6.12976e-06 5.71784e-06 4.11924e-07
4.72241 4.1111e-06 3.67673e-06 4.34362e-07
4.73913 5.71056e-06 5.33178e-06 3.7878e-07
4.75585 3.988e-06 3.738e-06 2.50002e-07
4.77258 4.42277e-06 4.14142e-06 2.8135e-07
4.7893 2.44325e-06 2.21521e-06 2.28037e-07
4.80602 2.99399e-06 2.69438e-06 2.99608e-07
4.82274 4.01045e-06 3.75267e-06 2.57781e-07
4.83946 2.71727e-06 2.40352e-06 3.13754e-07
4.85619 3.41512e-06 3.03972e-06 3.75393e-07
4.87291 4.0854e-06 3.77281e-06 3.12586e-07
4.88963 3.49581e-06 3.08821e-06 4.07604e-07
4.90635 2.30425e-06 2.05093e-06 2.53321e-07
4.92308 3.14311e-06 2.99208e-06 1.51038e-07
4.9398 2.3131e-06 2.12861e-06 1.84487e-07
4.95652 2.92149e-06 2.61859e-06 3.029e-07
4.97324 2.79705e-06 2.55478e-06 2.42262e-07
4.98997 2.38161e-06 2.12806e-06 2.53549e-07
5.00669 2.58017e-06 2.35655e-06 2.23618e-07
5.02341 1.42203e-06 1.24191e-06 1.8012e-07
5.04013 3.53336e-06 3.31861e-06 2.14749e-07
5.05686 3.12646e-06 2.95539e-06 1.71078e-07
5.07358 2.5833e-06 2.34362e-06 2.39685e-07
5.0903 3.87966e-06 3.70146e-06 1.78198e-07
5.10702 2.01059e-06 1.79316e-06 2.17429e-07
5.12375 1.51439e-06 1.34076e-06 1.73629e-07
5.14047 2.20357e-06 2.06197e-06 1.41599e-07
5.15719 1.86345e-06 1.75999e-06 1.03459e-07
5.17391 2.5879e-06 2.42616e-06 1.61749e-07
5.19064 2.16785e-06 2.00203e-06 1.65819e-07
5.20736 1.47042e-06 1.28049e-06 1.89937e-07
5.22408 2.14429e-06 2.0463e-06 9.79863e-08
5.2408 1.65303e-06 1.54003e-06 1.12999e-07
5.25753 1.86998e-06 1.77483e-06 9.51504e-08
5.27425 2.06565e-06 1.91904e-06 1.46615e-07
5.29097 1.56513e-06 1.43835e-06 1.26776e-07
5.30769 3.19623e-06 3.14337e-06 5.28633e-08
5.32441 1.40221e-06 1.29143e-06 1.10775e-07
5.34114 1.50255e-06 1.3744e-06 1.28153e-07
5.35786 1.99568e-06 1.92364e-06 7.20491e-08
5.37458 1.41408e-06 1.2689e-06 1.45188e-07
5.3913 1.63198e-06 1.55277e-06 7.92127e-08
5.40803 1.37976e-06 1.29865e-06 8.11162e-08
5.42475 1.2723e-06 1.16253e-06 1.09767e-07
5.44147 1.98001e-06 1.88636e-06 9.36469e-08
5.45819 1.07607e-06 1.01048e-06 6.55955e-08
5.47492 2.02585e-06 1.92892e-06 9.69317e-08
5.49164 1.67026e-06 1.61341e-06 5.68547e-08
5.50836 1.55269e-06 1.46674e-06 8.59455e-08
5.52508 2.20376e-06 2.13523e-06 6.85226e-08
5.54181 1.16984e-06 1.11427e-06 5.55669e-08
5.55853 7.66932e-07 7.04651e-07 6.22804e-08
5.57525 1.11813e-06 1.06131e-06 5.68219e-08
5.59197 2.04962e-06 1.9901e-06 5.95187e-08
5.6087 1.19128e-06 1.15407e-06 3.72129e-08
5.62542 8.23625e-07 7.73e-07 5.06246e-08
5.64214 1.48699e-06 1.44774e-06 3.92562e-08
5.65886 9.28178e-07 8.92201e-07 3.59765e-08
5.67559 9.81955e-07 9.32193e-07 4.97618e-08
5.69231 8.23408e-07 7.71561e-07 5.18478e-08
5.70903 9.20283e-07 8.80203e-07 4.00806e-08
5.72575 1.01048e-06 9.86673e-07 2.38058e-08
5.74247 7.7628e-07 7.48064e-07 2.82158e-08
5.7592 7.93393e-07 7.67745e-07 2.56476e-08
5.77592 9.16309e-07 8.75643e-07 4.06656e-08
5.79264 8.6252e-07 8.30613e-07 3.19072e-08
5.80936 7.50869e-07 7.09739e-07 4.11301e-08
5.82609 9.56659e-07 9.36522e-07 2.01373e-08
5.84281 5.88806e-07 5.62286e-07 2.65191e-08
5.85953 5.40448e-07 5.02745e-07 3.77021e-08
5.87625 8.0502e-07 7.77429e-07 2.75916e-08
5.89298 5.03227e-07 4.7335e-07 2.98771e-08
5.9097 8.58422e-07 8.30474e-07 2.79471e-08
5.92642 7.11932e-07 6.81062e-07 3.08693e-08
5.94314 5.14696e-07 4.95559e-07 1.91369e-08
5.95987 6.60807e-07 6.45554e-07 1.5253e-08
5.97659 9.13345e-07 8.88764e-07 2.45805e-08
5.99331 6.43347e-07 6.21346e-07 2.20005e-08
6.01003 5.04557e-07 4.82662e-07 2.18951e-08
6.02676 8.78015e-07 8.48925e-07 2.90907e-08
6.04348 8.31612e-07 8.17836e-07 1.37758e-08
6.0602 7.49345e-07 7.2485e-07 2.44956e-08
6.07692 5.78555e-07 5.61702e-07 1.68532e-08
6.09365 4.64956e-07 4.4697e-07 1.79858e-08
6.11037 5.82096e-07 5.7024e-07 1.18557e-08
6.12709 6.36384e-07 6.12505e-07 2.38795e-08
6.14381 4.97358e-07 4.85686e-07 1.1672e-08
6.16054 6.04504e-07 5.8971e-07 1.47936e-08
6.17726 5.75226e-07 5.63226e-07 1.19991e-08
6.19398 5.91559e-07 5.81557e-07 1.00026e-08
6.2107 5.27723e-07 5.19611e-07 8.11211e-09
6.22742 6.15488e-07 6.06021e-07 9.46719e-09
6.24415 3.68766e-07 3.62706e-07 6.06006e-09
6.26087 4.47353e-07 4.38225e-07 9.12817e-09
6.27759 2.42852e-07 2.34234e-07 8.61825e-09
6.29431 5.95404e-07 5.86154e-07 9.24973e-09
6.31104 3.72351e-07 3.64557e-07 7.79317e-09
6.32776 4.07157e-07 4.00384e-07 6.77314e-09
6.34448 6.41863e-07 6.31617e-07 1.02462e-08
6.3612 5.42193e-07 5.29574e-07 1.26193e-08
6.37793 4.85495e-07 4.74909e-07 1.05859e-08
6.39465 3.94418e-07 3.82444e-07 1.19742e-08
6.41137 3.78713e-07 3.69964e-07 8.74839e-09
6.42809 2.62863e-07 2.54403e-07 8.46034e-09
6.44482 3.84319e-07 3.74413e-07 9.90543e-09
6.46154 3.10196e-07 2.99838e-07 1.03585e-08
6.47826 4.57087e-07 4.51666e-07 5.42166e-09
6.49498 4.95566e-07 4.88069e-07 7.49647e-09
6.51171 3.31645e-07 3.21503e-07 1.01426e-08
6.52843 2.71108e-07 2.65087e-07 6.02017e-09
6.54515 3.16702e-07 3.08492e-07 8.21049e-09
6.56187 4.87869e-07 4.84757e-07 3.11248e-09
6.5786 5.31195e-07 5.27045e-07 4.15015e-09
6.59532 2.2778e-07 2.22544e-07 5.236e-09
6.61204 3.5488e-07 3.5089e-07 3.99064e-09
6.62876 2.89208e-07 2.86157e-07 3.05184e-09
6.64548 3.65705e-07 3.59715e-07 5.99043e-09
6.66221 2.40196e-07 2.3265e-07 7.54637e-09
6.67893 2.7266e-07 2.69627e-07 3.03355e-09
6.69565 4.43562e-07 4.38469e-07 5.09321e-09
6.71237 3.52301e-07 3.50136e-07 2.16469e-09
6.7291 2.04848e-07 1.99849e-07 4.99933e-09
6.74582 2.76736e-07 2.73875e-07 2.86059e-09
6.76254 2.68364e-07 2.64317e-07 4.04644e-09
6.77926 1.9255e-07 1.87124e-07 5.42566e-09
6.79599 2.68446e-07 2.66665e-07 1.78166e-09
6.81271 2.60989e-07 2.57747e-07 3.24166e-09
6.82943 2.17885e-07 2.15099e-07 2.78686e-09
6.84615 2.36845e-07 2.33789e-07 3.05612e-09
6.86288 3.52509e-07 3.49938e-07 2.57164e-09
6.8796 1.59665e-07 1.57847e-07 1.81852e-09
6.89632 2.09079e-07 2.06564e-07 2.5147e-09
6.91304 2.92121e-07 2.90551e-07 1.56982e-09
6.92977 2.08193e-07 2.05944e-07 2.24883e-09
6.94649 1.53112e-07 1.4933e-07 3.78234e-09
6.96321 2.48501e-07 2.47639e-07 8.6156e-10
6.97993 1.16269e-07 1.15227e-07 1.04181e-09
6.99666 1.19482e-07 1.17912e-07 1.57007e-09
7.01338 1.88885e-07 1.86913e-07 1.97181e-09
7.0301 1.79848e-07 1.78113e-07 1.73556e-09
7.04682 1.26841e-07 1.24366e-07 2.47521e-09
7.06355 2.64088e-07 2.62821e-07 1.26701e-09
7.08027 1.9603e-07 1.93913e-07 2.11682e-09
7.09699 1.79634e-07 1.78466e-07 1.16783e-09
7.11371 5.48086e-08 5.40748e-08 7.33809e-10
7.13043 2.33626e-07 2.3212e-07 1.50662e-09
7.14716 1.14222e-07 1.1317e-07 1.05129e-09
7.16388 1.44522e-07 1.43642e-07 8.80183e-10
7.1806 1.33279e-07 1.32414e-07 8.646e-10
7.19732 9.11113e-08 8.99998e-08 1.11152e-09
7.21405 1.37187e-07 1.35533e-07 1.65405e-09
7.23077 1.10259e-07 1.09456e-07 8.03455e-10
7.24749 1.56592e-07 1.54876e-07 1.71591e-09
7.26421 9.6193e-08 9.48185e-08 1.37446e-09
7.28094 1.25365e-07 1.24965e-07 4.00224e-10
7.29766 1.12054e-07 1.11325e-07 7.29194e-10
7.31438 1.76303e-07 1.7567e-07 6.32252e-10
7.3311 1.17332e-07 1.16616e-07 7.1618e-10
7.34783 6.02376e-08 5.88101e-08 1.42752e-09
7.36455 1.42555e-07 1.41815e-07 7.3988e-10
7.38127 1.31879e-07 1.31417e-07 4.61781e-10
7.39799 1.36415e-07 1.35461e-07 9.5482e-10
7.41472 1.38851e-07 1.38332e-07 5.18441e-10
7.43144 7.28101e-08 7.24828e-08 3.27285e-10
7.44816 1.59043e-07 1.58247e-07 7.96293e-10
7.46488 9.32814e-08 9.28801e-08 4.01221e-10
7.48161 9.21993e-08 9.14325e-08 7.66771e-10
7.49833 1.54421e-07 1.5409e-07 3.31582e-10
7.51505 1.25768e-07 1.25374e-07 3.94087e-10
7.53177 8.11544e-08 8.07121e-08 4.42327e-10
7.54849 1.2023e-07 1.19868e-07 3.62048e-10
7.56522 5.62675e-08 5.54784e-08 7.89071e-10
7.58194 8.90466e-08 8.88027e-08 2.43885e-10
7.59866 9.61563e-08 9.56989e-08 4.57377e-10
7.61538 1.44938e-07 1.44509e-07 4.28887e-10
7.63211 1.88982e-07 1.88844e-07 1.38131e-10
7.64883 6.81582e-08 6.75806e-08 5.77667e-10
7.66555 9.29393e-08 9.25979e-08 3.41341e-10
7.68227 1.20828e-07 1.20644e-07 1.8421e-10
7.699 6.97412e-08 6.94003e-08 3.40863e-10
7.71572 6.64166e-08 6.61634e-08 2.53215e-10
7.73244 7.11933e-08 7.09082e-08 2.85048e-10
7.74916 1.27498e-07 1.27029e-07 4.68071e-10
7.76589 1.30469e-07 1.30019e-07 4.5022e-10
7.78261 6.84097e-08 6.81546e-08 2.55115e-10
7.79933 1.12909e-07 1.12658e-07 2.51527e-10
7.81605 6.29096e-08 6.26411e-08 2.68523e-10
7.83278 7.54963e-08 7.51599e-08 3.36441e-10
7.8495 6.79451e-08 6.77483e-08 1.96766e-10
7.86622 9.57933e-08 9.55585e-08 2.3479e-10
7.88294 8.78706e-08 8.76944e-08 1.76166e-10
7.89967 4.00632e-08 3.99056e-08 1.57659e-10
7.91639 5.03001e-08 5.0077e-08 2.23093e-10
7.93311 3.82491e-08 3.79226e-08 3.26517e-10
7.94983 7.98484e-08 7.9684e-08 1.64378e-10
7.96656 4.77981e-08 4.7577e-08 2.21076e-10
7.98328 6.60869e-08 6.59202e-08 1.66666e-10
8 3.59998e-08 3.58505e-08 1.49361e-10
