-4.67 1240 0.000781152 0.000720864 6.02879e-05
-4.57 1260 0.000790246 0.000747127 4.31188e-05
-4.47 1280 0.000887382 0.000871314 1.60671e-05
-4.32 1300 0.000868324 0.000847621 2.07032e-05
-4.17 1320 0.000989956 0.000968276 2.16803e-05
-4.07 1345 0.00100965 0.000982784 2.68662e-05
-3.97 1370 0.00118437 0.00115437 2.99959e-05
-3.82 1435 0.00133322 0.00129357 3.96505e-05
-3.67 1500 0.00179208 0.00173059 6.14911e-05
-3.57 1550 0.00190988 0.00183821 7.16713e-05
-3.47 1600 0.00237497 0.00227987 9.50969e-05
-3.32 1625 0.00235238 0.00226279 8.95892e-05
-3.17 1650 0.00267605 0.00256818 0.000107874
-3.07 1665 0.00259722 0.0024732 0.000124017
-2.97 1680 0.00283934 0.00271989 0.000119446
-2.825 1705 0.00297283 0.0028344 0.000138431
-2.68 1730 0.00342929 0.00327849 0.000150805
-2.5775 1765 0.00336329 0.00321576 0.000147532
-2.475 1800 0.00384603 0.00363257 0.000213464
-2.325 1830 0.00399468 0.00376332 0.00023136
-2.175 1860 0.00408948 0.00386204 0.000227444
-2.0775 1905 0.00474939 0.00446652 0.000282867
-1.98 1950 0.00548499 0.00514071 0.000344288
-1.8375 1990 0.00614621 0.00575985 0.000386355
-1.695 2030 0.00653638 0.00606349 0.000472889
-1.595 2055 0.00682636 0.00629362 0.000532734
-1.495 2080 0.00690341 0.00635295 0.000550456
-1.3525 2110 0.00773404 0.00709463 0.000639405
-1.21 2140 0.00749898 0.00686294 0.000636043
-1.115 2155 0.00820771 0.00753628 0.000671432
-1.02 2170 0.00828682 0.00760091 0.000685916
-0.8825 2185 0.00880156 0.00804006 0.000761503
-0.745 2200 0.00876082 0.00799295 0.000767875
-0.655 2205 0.00919971 0.00845326 0.000746452
-0.565 2210 0.00906883 0.00825662 0.000812204
-0.4325 2220 0.00925428 0.00839542 0.00085886
-0.3 2230 0.00876206 0.00806016 0.0007019
-0.2 2235 0.00958875 0.00873678 0.000851971
-0.1 2240 0.00922573 0.00835572 0.000870012
0 2240 0.00985257 0.00898249 0.000870084
0.1 2240 0.00985358 0.00894037 0.000913211
0.2 2235 0.0100956 0.00925147 0.000844111
0.3 2230 0.00950481 0.00861195 0.00089286
0.4325 2220 0.00936687 0.00858163 0.000785245
0.565 2210 0.00928887 0.00849071 0.000798158
0.655 2205 0.00887263 0.00810761 0.000765024
0.745 2200 0.00873274 0.00800331 0.000729432
0.8825 2185 0.00888689 0.00819303 0.000693864
1.02 2170 0.0086247 0.00785223 0.000772469
1.115 2155 0.00816104 0.00748944 0.000671595
1.21 2140 0.00810935 0.00746159 0.000647752
1.3525 2110 0.00813128 0.00746 0.000671277
1.495 2080 0.0070747 0.00651385 0.000560849
1.595 2055 0.00724117 0.00672492 0.000516259
1.695 2030 0.00638877 0.00592193 0.000466847
1.8375 1990 0.00557311 0.00517044 0.000402662
1.98 1950 0.00549352 0.0050951 0.00039842
2.0775 1905 0.00500978 0.00470585 0.000303931
2.175 1860 0.00447657 0.00420896 0.000267611
2.325 1830 0.00410278 0.00387482 0.000227961
2.475 1800 0.00381286 0.00361751 0.000195352
2.5775 1765 0.00343659 0.00327337 0.000163229
2.68 1730 0.00330938 0.00315987 0.000149511
2.825 1705 0.00280951 0.00268193 0.000127571
2.97 1680 0.00260384 0.00247474 0.0001291
3.07 1665 0.00273885 0.00261905 0.000119796
3.17 1650 0.00246737 0.00235501 0.000112366
3.32 1625 0.00253402 0.00242879 0.000105224
3.47 1600 0.00225048 0.00215806 9.24151e-05
3.57 1550 0.00186824 0.0017955 7.27462e-05
3.67 1500 0.00172319 0.0016615 6.16932e-05
3.82 1435 0.00146295 0.00142177 4.11837e-05
3.97 1370 0.00105902 0.00102824 3.07838e-05
4.07 1345 0.00119334 0.00116403 2.93037e-05
4.17 1320 0.000868893 0.000842519 2.63737e-05
4.32 1300 0.000867895 0.000846745 2.11497e-05
4.47 1280 0.000843051 0.000823627 1.94238e-05
4.57 1260 0.000786691 0.000769483 1.72082e-05
4.67 1240 0.000696972 0.000680228 1.67436e-05
