-4.67 1240 0.00236878 0.00230128 6.75054e-05
-4.57 1260 0.00272184 0.0026316 9.0242e-05
-4.47 1280 0.00279872 0.00271488 8.38402e-05
-4.32 1300 0.00316918 0.00306828 0.000100901
-4.17 1320 0.00325594 0.00314768 0.000108263
-4.07 1345 0.00345664 0.00334013 0.000116505
-3.97 1370 0.00395573 0.00380458 0.000151151
-3.82 1435 0.00464708 0.00442997 0.000217104
-3.67 1500 0.00584452 0.00553575 0.000308776
-3.57 1550 0.0075391 0.00720742 0.000331679
-3.47 1600 0.00773178 0.00730823 0.000423553
-3.32 1625 0.00794785 0.00746552 0.00048233
-3.17 1650 0.00876894 0.00821151 0.000557429
-3.07 1665 0.00929898 0.00876677 0.000532211
-2.97 1680 0.00938728 0.00878298 0.0006043
-2.825 1705 0.0105108 0.0098213 0.000689484
-2.68 1730 0.0105657 0.00985024 0.000715488
-2.5775 1765 0.0125957 0.0118517 0.000744045
-2.475 1800 0.0129323 0.0120452 0.000887036
-2.325 1830 0.0127781 0.0117553 0.0010228
-2.175 1860 0.0151873 0.0140851 0.00110223
-2.0775 1905 0.0159676 0.014614 0.00135366
-1.98 1950 0.0168024 0.0152367 0.00156562
-1.8375 1990 0.0193525 0.0175335 0.00181899
-1.695 2030 0.0207775 0.0188688 0.00190872
-1.595 2055 0.0213892 0.0193148 0.00207443
-1.495 2080 0.0231185 0.0208349 0.00228359
-1.3525 2110 0.0234821 0.0208771 0.00260505
-1.21 2140 0.0274178 0.0246316 0.0027862
-1.115 2155 0.025906 0.022902 0.00300404
-1.02 2170 0.0290738 0.025994 0.00307982
-0.8825 2185 0.0286427 0.0254955 0.00314724
-0.745 2200 0.0285617 0.0256711 0.00289057
-0.655 2205 0.0290937 0.0259655 0.00312824
-0.565 2210 0.0311485 0.0277134 0.00343506
-0.4325 2220 0.0306464 0.0272838 0.00336257
-0.3 2230 0.0289548 0.0256306 0.00332427
-0.2 2235 0.0320084 0.0287435 0.00326494
-0.1 2240 0.0326751 0.0291815 0.00349362
0 2240 0.0322192 0.02875 0.00346916
0.1 2240 0.0329779 0.0294541 0.00352377
0.2 2235 0.0319605 0.0283494 0.00361106
0.3 2230 0.0308799 0.0272612 0.00361869
0.4325 2220 0.0301584 0.0268407 0.00331768
0.565 2210 0.0303204 0.0270295 0.00329093
0.655 2205 0.0282885 0.0252689 0.0030196
0.745 2200 0.027853 0.0247426 0.00311036
0.8825 2185 0.0294626 0.026301 0.00316164
1.02 2170 0.0284153 0.0253479 0.00306733
1.115 2155 0.0252814 0.0225162 0.00276522
1.21 2140 0.0257311 0.0228993 0.00283185
1.3525 2110 0.0249451 0.0224106 0.00253445
1.495 2080 0.0228023 0.0206544 0.00214793
1.595 2055 0.0215932 0.01929 0.00230326
1.695 2030 0.0208286 0.0188445 0.00198415
1.8375 1990 0.0196248 0.017993 0.00163176
1.98 1950 0.0181616 0.0165393 0.00162232
2.0775 1905 0.0155317 0.0141264 0.00140525
2.175 1860 0.0149619 0.0139325 0.00102947
2.325 1830 0.0136802 0.0125632 0.001117
2.475 1800 0.0125994 0.01167 0.00092943
2.5775 1765 0.0118424 0.0110625 0.000779904
2.68 1730 0.0118659 0.0110661 0.000799712
2.825 1705 0.0101589 0.00952805 0.00063087
2.97 1680 0.00984891 0.00923539 0.000613521
3.07 1665 0.00932738 0.00881178 0.000515609
3.17 1650 0.00820989 0.00763708 0.000572816
3.32 1625 0.00838917 0.00788689 0.000502281
3.47 1600 0.00808581 0.00766376 0.000422046
3.57 1550 0.00643916 0.00609933 0.000339828
3.67 1500 0.00607158 0.0057829 0.000288683
3.82 1435 0.00475566 0.00454304 0.000212617
3.97 1370 0.00422701 0.00406301 0.000164002
4.07 1345 0.00353389 0.00341338 0.000120514
4.17 1320 0.00337358 0.00325545 0.000118131
4.32 1300 0.00287803 0.00277957 9.84622e-05
4.47 1280 0.0027925 0.00270465 8.78551e-05
4.57 1260 0.00280755 0.00272476 8.27956e-05
4.67 1240 0.00257172 0.00243992 0.000131807
