-4.67 1240 0.00176141 0.00170705 5.43625e-05
-4.57 1260 0.00208133 0.0020238 5.75287e-05
-4.47 1280 0.00202945 0.00196643 6.30262e-05
-4.32 1300 0.00228202 0.00221097 7.10548e-05
-4.17 1320 0.00232478 0.00224027 8.45091e-05
-4.07 1345 0.0023646 0.00227329 9.13104e-05
-3.97 1370 0.00277742 0.00266675 0.000110669
-3.82 1435 0.0033906 0.00324154 0.000149066
-3.67 1500 0.00433061 0.0041207 0.00020991
-3.57 1550 0.00503831 0.00479632 0.000241989
-3.47 1600 0.00567005 0.00537693 0.000293126
-3.32 1625 0.00587754 0.00554324 0.0003343
-3.17 1650 0.00688577 0.00649463 0.000391144
-3.07 1665 0.00684692 0.00644805 0.000398864
-2.97 1680 0.00687779 0.00645288 0.000424906
-2.825 1704.99 0.00701059 0.00653125 0.000479348
-2.68 1729.99 0.00797391 0.00735211 0.000621795
-2.5775 1764.99 0.00831514 0.00771182 0.000603313
-2.475 1799.99 0.00911718 0.00845632 0.000660851
-2.325 1829.99 0.00923714 0.00845683 0.000780314
-2.175 1859.99 0.00983028 0.0090643 0.000765981
-2.0775 1904.99 0.0115839 0.0106364 0.000947491
-1.98 1949.99 0.0124716 0.0114542 0.00101742
-1.8375 1989.99 0.0138751 0.0127146 0.00116041
-1.695 2029.99 0.0155776 0.0140681 0.00150948
-1.595 2054.99 0.0159376 0.0144665 0.00147113
-1.495 2080 0.016454 0.0147947 0.00165932
-1.3525 2110 0.018292 0.0165477 0.00174425
-1.21 2140 0.0187872 0.0170405 0.00174669
-1.115 2155.01 0.0196644 0.0175693 0.00209506
-1.02 2170.01 0.019628 0.0175624 0.00206558
-0.8825 2185.01 0.0193522 0.0172238 0.00212839
-0.745 2200.01 0.0204913 0.0182898 0.00220151
-0.655 2205.01 0.0222151 0.0199531 0.002262
-0.565 2210.01 0.020629 0.0182435 0.00238542
-0.4325 2220.01 0.0232443 0.0208374 0.0024069
-0.3 2230 0.0216811 0.0193808 0.00230024
-0.2 2234.99 0.0221562 0.0197251 0.0024311
-0.1 2239.99 0.0215985 0.0192437 0.00235477
0 2239.99 0.0212046 0.0189748 0.00222976
