-4.67 1240 0.0352568 0.0352063 5.05783e-05
-4.57 1260 0.039221 0.0391638 5.71855e-05
-4.47 1280 0.0381338 0.0380782 5.55842e-05
-4.32 1300 0.0367731 0.0367062 6.68507e-05
-4.17 1320 0.040863 0.0407891 7.3926e-05
-4.07 1345 0.0414768 0.0413934 8.33755e-05
-3.97 1370 0.0418444 0.04176 8.44537e-05
-3.82 1435 0.0451903 0.045057 0.000133331
-3.67 1500 0.0569609 0.0567851 0.000175862
-3.57 1550 0.0668156 0.0665747 0.000240935
-3.47 1600 0.0785671 0.0782866 0.000280501
-3.32 1625 0.0715478 0.0712321 0.000315733
-3.17 1650 0.0820825 0.0817338 0.000348746
-3.07 1665 0.0826116 0.0822844 0.000327197
-2.97 1680 0.0717129 0.0712981 0.000414848
-2.825 1704.99 0.0961153 0.0956601 0.000455169
-2.68 1729.99 0.0948767 0.0943872 0.000489534
-2.5775 1764.99 0.0904343 0.0898939 0.000540313
-2.475 1799.99 0.104504 0.103941 0.000562829
-2.325 1829.99 0.104972 0.104281 0.000690314
-2.175 1859.99 0.112521 0.111689 0.00083207
-2.0775 1904.99 0.10472 0.103773 0.000947709
-1.98 1949.99 0.12591 0.124893 0.00101641
-1.8375 1989.99 0.145768 0.144589 0.001179
-1.695 2029.99 0.144734 0.14335 0.00138393
-1.595 2054.99 0.149993 0.148501 0.00149217
-1.495 2080 0.154586 0.152964 0.00162222
-1.3525 2110 0.154294 0.152702 0.00159206
-1.21 2140 0.173402 0.171517 0.0018854
-1.115 2155.01 0.156854 0.154887 0.00196712
-1.02 2170.01 0.160043 0.157916 0.0021263
-0.8825 2185.01 0.186536 0.184473 0.00206314
-0.745 2200.01 0.165986 0.163712 0.00227378
-0.655 2205.01 0.147501 0.145204 0.00229729
-0.565 2210.01 0.17332 0.171141 0.00217892
-0.4325 2220.01 0.183399 0.180795 0.0026037
-0.3 2230 0.157208 0.154754 0.00245398
-0.2 2234.99 0.185908 0.183098 0.00280978
-0.1 2239.99 0.192061 0.189718 0.00234271
0 2239.99 0.178495 0.176048 0.00244727
