-4.67 1240 0.00394187 0.00338748 0.000554392
-4.57 1260 0.00366826 0.00315909 0.000509171
-4.47 1280 0.00427825 0.00366213 0.000616123
-4.32 1300 0.00430311 0.00368872 0.000614388
-4.17 1320 0.00497359 0.0042752 0.000698395
-4.07 1345 0.00511261 0.0043241 0.00078851
-3.97 1370 0.0051794 0.00438753 0.00079187
-3.82 1435 0.0065746 0.00545874 0.00111587
-3.67 1500 0.00726726 0.00593081 0.00133645
-3.57 1550 0.00872837 0.0070357 0.00169266
-3.47 1600 0.0101783 0.00819515 0.00198316
-3.32 1625 0.0107849 0.00854045 0.00224443
-3.17 1650 0.0108215 0.00854825 0.00227323
-3.07 1665 0.0117106 0.00938054 0.00233007
-2.97 1680 0.0116094 0.00887328 0.00273614
-2.825 1705 0.0127723 0.0100093 0.00276295
-2.68 1730 0.0126052 0.00970997 0.00289526
-2.5775 1765 0.0139789 0.0106472 0.00333173
-2.475 1800 0.0147374 0.0108772 0.00386021
-2.325 1830 0.0152333 0.011517 0.00371633
-2.175 1860 0.0169081 0.0125669 0.00434125
-2.0775 1905 0.0177151 0.0131456 0.00456952
-1.98 1950 0.0209276 0.0153167 0.00561096
-1.8375 1990 0.0225244 0.0167486 0.0057758
-1.695 2030 0.0239295 0.0177211 0.00620835
-1.595 2055 0.0237406 0.0168861 0.00685446
-1.495 2080 0.0247359 0.0174059 0.00733001
-1.3525 2110 0.026811 0.0192203 0.00759071
-1.21 2140 0.0280545 0.0199938 0.00806078
-1.115 2155 0.0287393 0.0201812 0.00855804
-1.02 2170 0.0303441 0.0215797 0.00876439
-0.8825 2185 0.029955 0.0209729 0.00898205
-0.745 2200 0.0314925 0.0222728 0.00921962
-0.655 2205 0.0314654 0.0223216 0.00914381
-0.565 2210 0.0335248 0.0235121 0.0100127
-0.4325 2220 0.0331616 0.0233015 0.00986007
-0.3 2230 0.0311454 0.021061 0.0100844
-0.2 2235 0.0316503 0.0218298 0.00982056
-0.1 2240 0.0337316 0.0234531 0.0102785
0 2240 0.0322572 0.0228165 0.00944064
0.1 2240 0.0333894 0.022646 0.0107434
0.2 2235 0.0341722 0.0236437 0.0105284
0.3 2230 0.0323469 0.0224066 0.00994027
0.4325 2220 0.032824 0.02281 0.010014
0.565 2210 0.031477 0.0216211 0.00985582
0.655 2205 0.0316289 0.0215845 0.0100444
0.745 2200 0.0320223 0.0224824 0.00953984
0.8825 2185 0.0296585 0.0198856 0.00977287
1.02 2170 0.0278458 0.0194553 0.00839046
1.115 2155 0.0282634 0.0198606 0.00840281
1.21 2140 0.028743 0.0203377 0.00840527
1.3525 2110 0.0276266 0.019515 0.00811159
1.495 2080 0.0260801 0.0186785 0.00740159
1.595 2055 0.024772 0.0176008 0.00717126
1.695 2030 0.0240617 0.0174913 0.0065704
1.8375 1990 0.0230188 0.0170162 0.00600257
1.98 1950 0.0206578 0.0150898 0.00556803
2.0775 1905 0.0189461 0.0140205 0.00492562
2.175 1860 0.0165021 0.0121518 0.00435025
2.325 1830 0.0156363 0.011724 0.00391228
2.475 1800 0.0155792 0.0118941 0.00368503
2.5775 1765 0.0141399 0.0107815 0.00335845
2.68 1730 0.0139747 0.0109493 0.00302543
2.825 1705 0.0122588 0.00962528 0.00263348
2.97 1680 0.0118542 0.00936019 0.00249399
3.07 1665 0.0112134 0.00870591 0.00250747
3.17 1650 0.0113546 0.00888772 0.00246685
3.32 1625 0.0110018 0.00893687 0.00206494
3.47 1600 0.00920294 0.0073413 0.00186164
3.57 1550 0.00897546 0.00718782 0.00178764
3.67 1500 0.00736277 0.0058876 0.00147517
3.82 1435 0.00627884 0.00512994 0.0011489
3.97 1370 0.00513704 0.00424592 0.000891115
4.07 1345 0.00515688 0.0043811 0.000775777
4.17 1320 0.00498668 0.00432084 0.000665836
4.32 1300 0.00413283 0.00349168 0.000641156
4.47 1280 0.00386676 0.00330218 0.000564581
4.57 1260 0.00385115 0.00333362 0.00051753
4.67 1240 0.00353086 0.00302965 0.000501209
