-4.67 1240 0.0664033 0.0652246 0.00117873
-4.57 1260 0.0626774 0.0615044 0.00117304
-4.47 1280 0.0759035 0.074651 0.00125252
-4.32 1300 0.0696709 0.0682887 0.00138224
-4.17 1320 0.0707687 0.0690059 0.00176283
-4.07 1345 0.0780952 0.0763286 0.00176655
-3.97 1370 0.0755901 0.0736391 0.00195101
-3.82 1435 0.0899507 0.0874327 0.00251802
-3.67 1500 0.100359 0.0973113 0.00304789
-3.57 1550 0.124248 0.12002 0.00422747
-3.47 1600 0.120477 0.115607 0.00487004
-3.32 1625 0.127614 0.122361 0.0052534
-3.17 1650 0.126001 0.120004 0.00599719
-3.07 1665 0.140902 0.134874 0.00602801
-2.97 1680 0.145895 0.13955 0.00634512
-2.825 1704.99 0.148633 0.141944 0.00668902
-2.68 1729.99 0.162777 0.155233 0.00754448
-2.5775 1764.99 0.151411 0.143003 0.00840765
-2.475 1799.99 0.172447 0.163705 0.00874201
-2.325 1829.99 0.16536 0.156186 0.00917388
-2.175 1859.99 0.171812 0.161289 0.0105239
-2.0775 1904.99 0.187337 0.175412 0.0119244
-1.98 1949.99 0.218782 0.205633 0.0131492
-1.8375 1989.99 0.230818 0.215635 0.0151836
-1.695 2029.99 0.229289 0.214672 0.0146169
-1.595 2054.99 0.247747 0.230129 0.0176183
-1.495 2080 0.267262 0.247001 0.0202613
-1.3525 2110 0.244431 0.225865 0.0185666
-1.21 2140 0.263869 0.243029 0.0208401
-1.115 2155.01 0.280694 0.260323 0.0203715
-1.02 2170.01 0.304661 0.281575 0.0230862
-0.8825 2185.01 0.293503 0.270118 0.0233853
-0.745 2200.01 0.274732 0.251432 0.0233003
-0.655 2205.01 0.286773 0.262081 0.0246916
-0.565 2210.01 0.299308 0.276744 0.0225638
-0.4325 2220.01 0.284418 0.260665 0.0237527
-0.3 2230 0.309274 0.281958 0.0273158
-0.2 2234.99 0.321676 0.296058 0.0256173
-0.1 2239.99 0.293083 0.266689 0.0263938
0 2239.99 0.299679 0.27476 0.0249184
