-4.67 1240 0.00688019 0.00599134 0.000888845
-4.57 1260 0.00637449 0.00547197 0.000902527
-4.47 1280 0.00697258 0.00600065 0.00097193
-4.32 1300 0.00743017 0.00627003 0.00116014
-4.17 1320 0.00757838 0.00647075 0.00110763
-4.07 1345 0.00828685 0.00693651 0.00135034
-3.97 1370 0.00903912 0.00756415 0.00147497
-3.82 1435 0.0108152 0.00881676 0.00199843
-3.67 1500 0.0133554 0.0109213 0.00243407
-3.57 1550 0.0142787 0.0114952 0.00278348
-3.47 1600 0.0169224 0.0132361 0.0036863
-3.32 1625 0.0167163 0.0134016 0.00331471
-3.17 1650 0.0180561 0.0142949 0.00376114
-3.07 1665 0.0189439 0.01474 0.0042039
-2.97 1680 0.0196449 0.0152303 0.00441467
-2.825 1705 0.0216864 0.0166923 0.00499418
-2.68 1730 0.0206926 0.0158812 0.00481131
-2.5775 1765 0.0229482 0.0178754 0.00507285
-2.475 1800 0.023708 0.0176123 0.00609571
-2.325 1830 0.0258562 0.0194971 0.00635908
-2.175 1860 0.0277056 0.0206928 0.00701274
-2.0775 1905 0.0319689 0.0235404 0.00842851
-1.98 1950 0.0341918 0.024603 0.00958874
-1.8375 1990 0.0380132 0.0278071 0.0102062
-1.695 2030 0.0399577 0.0290332 0.0109245
-1.595 2055 0.0401495 0.0287326 0.0114169
-1.495 2080 0.0411321 0.0288918 0.0122403
-1.3525 2110 0.0451582 0.0327179 0.0124404
-1.21 2140 0.0502567 0.0356214 0.0146352
-1.115 2155 0.04792 0.0344585 0.0134615
-1.02 2170 0.0495209 0.0359263 0.0135946
-0.8825 2185 0.0516567 0.0366694 0.0149874
-0.745 2200 0.0541398 0.038633 0.0155068
-0.655 2205 0.0540311 0.0381331 0.0158979
-0.565 2210 0.0507981 0.0344101 0.016388
-0.4325 2220 0.0526132 0.0355211 0.0170921
-0.3 2230 0.052547 0.0351557 0.0173914
-0.2 2235 0.0556306 0.0381772 0.0174533
-0.1 2240 0.0539915 0.0369626 0.0170289
0 2240 0.0582476 0.0396132 0.0186344
0.1 2240 0.0518218 0.0344234 0.0173984
0.2 2235 0.0560871 0.0393597 0.0167273
0.3 2230 0.0528734 0.0360196 0.0168537
0.4325 2220 0.0556875 0.0389999 0.0166877
0.565 2210 0.0535424 0.0376379 0.0159045
0.655 2205 0.0531012 0.0365515 0.0165497
0.745 2200 0.0501938 0.0341509 0.0160429
0.8825 2185 0.0527939 0.0371158 0.0156782
1.02 2170 0.0486175 0.033395 0.0152225
1.115 2155 0.0473291 0.0327929 0.0145362
1.21 2140 0.0474273 0.0334996 0.0139277
1.3525 2110 0.0438298 0.0305054 0.0133244
1.495 2080 0.0424435 0.0302944 0.0121491
1.595 2055 0.0402343 0.0282697 0.0119646
1.695 2030 0.037563 0.026794 0.010769
1.8375 1990 0.0365078 0.0266179 0.00988988
1.98 1950 0.0319159 0.0227492 0.00916667
2.0775 1905 0.0313493 0.0227247 0.00862464
2.175 1860 0.0289245 0.0221056 0.00681887
2.325 1830 0.0259368 0.0189154 0.00702139
2.475 1800 0.0245743 0.0189677 0.00560662
2.5775 1765 0.0233924 0.0181365 0.00525591
2.68 1730 0.0218259 0.0172361 0.00458983
2.825 1705 0.0218589 0.0168624 0.00499653
2.97 1680 0.0193418 0.0148796 0.00446223
3.07 1665 0.0188849 0.0147826 0.00410228
3.17 1650 0.0170784 0.0134355 0.00364285
3.32 1625 0.0173569 0.0140068 0.00335013
3.47 1600 0.017028 0.0139251 0.00310291
3.57 1550 0.0147769 0.0118415 0.0029354
3.67 1500 0.0120678 0.00987414 0.00219369
3.82 1435 0.0107831 0.00901107 0.00177206
3.97 1370 0.00852538 0.00711479 0.00141058
4.07 1345 0.00805518 0.00683156 0.00122362
4.17 1320 0.00765536 0.00654984 0.00110552
4.32 1300 0.00724978 0.00618679 0.001063
4.47 1280 0.0070888 0.00608504 0.00100377
4.57 1260 0.00628886 0.00534442 0.000944443
4.67 1240 0.0055893 0.00476843 0.000820865
