-4.67 1240 0.000815326 0.00079309 2.22356e-05
-4.57 1260 0.00082353 0.000799754 2.3776e-05
-4.47 1280 0.000835291 0.000809828 2.54625e-05
-4.32 1300 0.00100509 0.000973708 3.13819e-05
-4.17 1320 0.00103023 0.000994836 3.53924e-05
-4.07 1345 0.00110879 0.00107037 3.84259e-05
-3.97 1370 0.00118215 0.00113229 4.98658e-05
-3.82 1435 0.00148013 0.00142071 5.94194e-05
-3.67 1500 0.00190878 0.00182196 8.68267e-05
-3.57 1550 0.00213648 0.00204081 9.56714e-05
-3.47 1600 0.00250296 0.00237354 0.000129419
-3.32 1625 0.00252732 0.00238326 0.000144058
-3.17 1650 0.00257398 0.00242477 0.000149212
-3.07 1665 0.00295107 0.00276899 0.000182085
-2.97 1680 0.00306423 0.00286835 0.00019588
-2.825 1705 0.00302183 0.00282753 0.0001943
-2.68 1730 0.00341574 0.00320994 0.000205793
-2.5775 1765 0.00350832 0.00324675 0.000261565
-2.475 1800 0.00385037 0.00355923 0.000291141
-2.325 1830 0.00416911 0.0038612 0.000307907
-2.175 1860 0.00441308 0.00406714 0.000345942
-2.0775 1905 0.00488112 0.00445969 0.000421436
-1.98 1950 0.00552801 0.00506565 0.000462364
-1.8375 1990 0.00610961 0.00559617 0.000513442
-1.695 2030 0.00626753 0.00563784 0.000629693
-1.595 2055 0.00680968 0.00614862 0.00066106
-1.495 2080 0.0071978 0.00649869 0.000699106
-1.3525 2110 0.00770074 0.00694199 0.000758755
-1.21 2140 0.00789688 0.00707024 0.000826646
-1.115 2155 0.0084197 0.00753217 0.000887531
-1.02 2170 0.00832398 0.00744549 0.000878488
-0.8825 2185 0.00834916 0.00737867 0.00097049
-0.745 2200 0.00881059 0.00781677 0.000993826
-0.655 2205 0.00892249 0.007931 0.000991488
-0.565 2210 0.00889163 0.0078616 0.00103002
-0.4325 2220 0.00924475 0.00816509 0.00107966
-0.3 2230 0.0102887 0.00917045 0.00111824
-0.2 2235 0.0092631 0.00821629 0.00104681
-0.1 2240 0.00940293 0.00830402 0.00109891
0 2240 0.00943821 0.00841506 0.00102314
0.1 2240 0.00972351 0.00856731 0.0011562
0.2 2235 0.00961273 0.00854915 0.00106358
0.3 2230 0.00887719 0.00785038 0.00102681
0.4325 2220 0.00896735 0.0079326 0.00103475
0.565 2210 0.00914694 0.00819589 0.000951057
0.655 2205 0.00857173 0.00759419 0.000977541
0.745 2200 0.00880848 0.00779612 0.00101236
0.8825 2185 0.00858354 0.00764341 0.00094013
1.02 2170 0.00875872 0.00784805 0.00091067
1.115 2155 0.00786532 0.00704599 0.000819325
1.21 2140 0.00792762 0.00699554 0.000932084
1.3525 2110 0.00687268 0.00616634 0.000706348
1.495 2080 0.00687798 0.00616903 0.000708949
1.595 2055 0.00668502 0.00604061 0.00064441
1.695 2030 0.00618526 0.00556695 0.000618307
1.8375 1990 0.00585026 0.00531452 0.000535739
1.98 1950 0.00564178 0.00512919 0.000512592
2.0775 1905 0.00481081 0.00442116 0.000389651
2.175 1860 0.00455124 0.00420166 0.000349583
2.325 1830 0.0040321 0.00372833 0.000303767
2.475 1800 0.0039185 0.0036373 0.000281195
2.5775 1765 0.00393607 0.00368992 0.000246151
2.68 1730 0.00330206 0.00308127 0.000220789
2.825 1705 0.00297932 0.00278748 0.000191836
2.97 1680 0.00295382 0.00276674 0.000187084
3.07 1665 0.00278807 0.00262907 0.000158998
3.17 1650 0.0027143 0.00255693 0.00015737
3.32 1625 0.00270063 0.00254555 0.000155072
3.47 1600 0.00236768 0.0022206 0.000147081
3.57 1550 0.00203632 0.00192729 0.000109021
3.67 1500 0.00182437 0.0017385 8.58629e-05
3.82 1435 0.00135712 0.00129637 6.07508e-05
3.97 1370 0.00124519 0.00119253 5.26597e-05
4.07 1345 0.0011038 0.00106542 3.8379e-05
4.17 1320 0.0010291 0.000994728 3.43674e-05
4.32 1300 0.00108345 0.00105446 2.89859e-05
4.47 1280 0.000840549 0.000811878 2.8671e-05
4.57 1260 0.000810932 0.000790013 2.09186e-05
4.67 1240 0.00072012 0.000699394 2.07259e-05
