-4.67 1240 0.00816126 0.00701777 0.00114349
-4.57 1260 0.0081071 0.00693317 0.00117393
-4.47 1280 0.00932244 0.00791975 0.00140269
-4.32 1300 0.0104321 0.00905224 0.00137984
-4.17 1320 0.010914 0.00932183 0.00159222
-4.07 1345 0.0116121 0.0100918 0.00152024
-3.97 1370 0.0131639 0.011166 0.00199791
-3.82 1435 0.0151853 0.0125873 0.00259794
-3.67 1500 0.018215 0.0146957 0.00351923
-3.57 1550 0.0202922 0.0163045 0.00398766
-3.47 1600 0.02389 0.0191491 0.00474086
-3.32 1625 0.0224583 0.0176738 0.00478445
-3.17 1650 0.0250347 0.0197167 0.005318
-3.07 1665 0.0253171 0.0195535 0.0057636
-2.97 1680 0.0273702 0.0214381 0.00593209
-2.825 1704.99 0.0294954 0.0228895 0.00660597
-2.68 1729.99 0.0301182 0.0234597 0.00665854
-2.5775 1764.99 0.0331735 0.0256692 0.00750424
-2.475 1799.99 0.0360282 0.0278912 0.00813692
-2.325 1829.99 0.0399082 0.0309997 0.00890852
-2.175 1859.99 0.040408 0.0304257 0.00998234
-2.0775 1904.99 0.0441765 0.0323582 0.0118183
-1.98 1949.99 0.0477921 0.0341518 0.0136403
-1.8375 1989.99 0.0513953 0.0369406 0.0144547
-1.695 2029.99 0.0548689 0.0387248 0.0161442
-1.595 2054.99 0.0626229 0.0464829 0.0161401
-1.495 2080 0.059769 0.041601 0.018168
-1.3525 2110 0.063025 0.0442118 0.0188132
-1.21 2140 0.0669882 0.0463902 0.020598
-1.115 2155.01 0.0702879 0.0502066 0.0200813
-1.02 2170.01 0.0711612 0.0493004 0.0218608
-0.8825 2185.01 0.0734618 0.0527683 0.0206935
-0.745 2200.01 0.0733598 0.0504542 0.0229056
-0.655 2205.01 0.0745861 0.0507155 0.0238706
-0.565 2210.01 0.0732973 0.0509711 0.0223262
-0.4325 2220.01 0.0776038 0.0563466 0.0212572
-0.3 2230 0.0778457 0.0553565 0.0224892
-0.2 2234.99 0.0755965 0.0496032 0.0259934
-0.1 2239.99 0.0794575 0.0539679 0.0254896
0 2239.99 0.0774457 0.0519795 0.0254661
