-4.67 1240 0.0120603 0.0105402 0.00152012
-4.57 1260 0.0129242 0.0111941 0.00173006
-4.47 1280 0.0135574 0.0118651 0.0016923
-4.32 1300 0.0150505 0.012875 0.00217551
-4.17 1320 0.0166827 0.01441 0.0022727
-4.07 1345 0.016095 0.013406 0.00268907
-3.97 1370 0.0174015 0.0148516 0.00254993
-3.82 1435 0.0219659 0.018416 0.00354992
-3.67 1500 0.0247928 0.0199408 0.00485199
-3.57 1550 0.0297912 0.0236518 0.00613943
-3.47 1600 0.0322876 0.0249619 0.00732568
-3.32 1625 0.0349787 0.0283572 0.00662158
-3.17 1650 0.0353245 0.0274355 0.00788897
-3.07 1665 0.0357825 0.02777 0.00801256
-2.97 1680 0.0384249 0.0298853 0.00853964
-2.825 1705 0.0400557 0.0302271 0.00982857
-2.68 1730 0.0430528 0.0332301 0.00982277
-2.5775 1765 0.0473449 0.036739 0.0106058
-2.475 1800 0.0484601 0.0379173 0.0105428
-2.325 1830 0.0536683 0.0397176 0.0139507
-2.175 1860 0.0612086 0.0459613 0.0152473
-2.0775 1905 0.0622629 0.0459874 0.0162755
-1.98 1950 0.0654363 0.0485631 0.0168732
-1.8375 1990 0.0780096 0.0574544 0.0205552
-1.695 2030 0.0797912 0.0576531 0.0221381
-1.595 2055 0.0797663 0.0559353 0.023831
-1.495 2080 0.0791077 0.0555629 0.0235447
-1.3525 2110 0.0888839 0.0610385 0.0278454
-1.21 2140 0.0937426 0.0648604 0.0288821
-1.115 2155 0.0920992 0.0636452 0.028454
-1.02 2170 0.0968839 0.0685846 0.0282992
-0.8825 2185 0.0984012 0.0687419 0.0296594
-0.745 2200 0.0989936 0.0694771 0.0295165
-0.655 2205 0.10599 0.0734761 0.032514
-0.565 2210 0.103978 0.0741103 0.0298673
-0.4325 2220 0.10786 0.0733988 0.0344616
-0.3 2230 0.112124 0.0798158 0.0323078
-0.2 2235 0.111092 0.0754481 0.0356436
-0.1 2240 0.113332 0.080831 0.0325012
0 2240 0.111483 0.0778356 0.0336477
0.1 2240 0.107875 0.0722386 0.0356368
0.2 2235 0.108173 0.0740947 0.0340787
0.3 2230 0.104007 0.0712967 0.03271
0.4325 2220 0.10634 0.0731793 0.0331611
0.565 2210 0.0988415 0.0668999 0.0319416
0.655 2205 0.107731 0.0750843 0.0326466
0.745 2200 0.100469 0.0700907 0.0303779
0.8825 2185 0.103602 0.0721858 0.0314166
1.02 2170 0.0957863 0.0673051 0.0284812
1.115 2155 0.0927589 0.0645279 0.0282311
1.21 2140 0.0896245 0.060662 0.0289626
1.3525 2110 0.089662 0.0646122 0.0250498
1.495 2080 0.0805929 0.05752 0.0230729
1.595 2055 0.0813237 0.0587077 0.0226161
1.695 2030 0.0746629 0.0543201 0.0203428
1.8375 1990 0.0712728 0.052005 0.0192678
1.98 1950 0.067602 0.0507542 0.0168477
2.0775 1905 0.0596356 0.0439404 0.0156952
2.175 1860 0.0570329 0.0414136 0.0156193
2.325 1830 0.0518257 0.0387069 0.0131188
2.475 1800 0.0470896 0.0346774 0.0124122
2.5775 1765 0.0425688 0.031928 0.0106408
2.68 1730 0.0445005 0.0346514 0.00984912
2.825 1705 0.0391529 0.0302297 0.00892325
2.97 1680 0.0409299 0.0316685 0.00926142
3.07 1665 0.0321353 0.0246955 0.00743977
3.17 1650 0.0370388 0.0297565 0.00728226
3.32 1625 0.0327151 0.0264688 0.00624628
3.47 1600 0.0317375 0.0247798 0.00695775
3.57 1550 0.0281278 0.0223499 0.00577792
3.67 1500 0.0242967 0.0195276 0.00476909
3.82 1435 0.0211509 0.0172436 0.00390722
3.97 1370 0.0196349 0.0164407 0.00319426
4.07 1345 0.0156684 0.0132228 0.00244554
4.17 1320 0.0158499 0.0136489 0.00220098
4.32 1300 0.0145575 0.0122966 0.00226093
4.47 1280 0.0134727 0.0115719 0.00190078
4.57 1260 0.0122292 0.0106499 0.00157922
4.67 1240 0.0109617 0.00938889 0.00157279
