-4.67 1240 0.00123115 0.00119743 3.37151e-05
-4.57 1260 0.00137265 0.00133218 4.04747e-05
-4.47 1280 0.00147173 0.00142272 4.9009e-05
-4.32 1300 0.0014793 0.00143131 4.79903e-05
-4.17 1320 0.00169961 0.00164336 5.62506e-05
-4.07 1345 0.00185624 0.00178857 6.76633e-05
-3.97 1370 0.00194604 0.00186863 7.74132e-05
-3.82 1435 0.00248205 0.00237949 0.000102564
-3.67 1500 0.00290192 0.00276377 0.000138152
-3.57 1550 0.00366957 0.00350221 0.000167361
-3.47 1600 0.00366708 0.00346424 0.000202835
-3.32 1625 0.00388735 0.00365477 0.000232577
-3.17 1650 0.00456583 0.00428953 0.000276293
-3.07 1665 0.00493674 0.00464165 0.000295093
-2.97 1680 0.00466771 0.00435549 0.000312217
-2.825 1705 0.00534167 0.00500903 0.000332634
-2.68 1730 0.00551748 0.00516595 0.000351522
-2.5775 1765 0.00604378 0.00562273 0.000421048
-2.475 1800 0.00668722 0.00617799 0.000509227
-2.325 1830 0.006777 0.00622034 0.000556659
-2.175 1860 0.00727276 0.00673065 0.000542115
-2.0775 1905 0.00823336 0.00753145 0.000701912
-1.98 1950 0.00892043 0.00820137 0.000719057
-1.8375 1990 0.00982518 0.00888901 0.000936171
-1.695 2030 0.010896 0.00984387 0.00105213
-1.595 2055 0.0106958 0.00970177 0.000994049
-1.495 2080 0.0118191 0.0106951 0.00112394
-1.3525 2110 0.0123372 0.0109824 0.00135485
-1.21 2140 0.0136439 0.0122449 0.00139903
-1.115 2155 0.0142931 0.0127727 0.00152038
-1.02 2170 0.0133122 0.0118753 0.00143689
-0.8825 2185 0.0141434 0.0125346 0.00160877
-0.745 2200 0.0152243 0.0135383 0.00168602
-0.655 2205 0.01527 0.0136111 0.00165892
-0.565 2210 0.0148217 0.0132658 0.00155584
-0.4325 2220 0.0155865 0.0139295 0.00165695
-0.3 2230 0.0156519 0.0139115 0.00174049
-0.2 2235 0.0161632 0.0142844 0.00187877
-0.1 2240 0.0157116 0.0138916 0.00181996
0 2240 0.0147143 0.0130082 0.00170601
0.1 2240 0.0153734 0.0134082 0.00196525
0.2 2235 0.0162638 0.0144882 0.0017756
0.3 2230 0.015887 0.0141589 0.00172808
0.4325 2220 0.0151539 0.0134521 0.00170175
0.565 2210 0.0149846 0.0133426 0.00164208
0.655 2205 0.0147215 0.0129505 0.00177097
0.745 2200 0.0156364 0.013943 0.00169334
0.8825 2185 0.0152294 0.0137196 0.00150978
1.02 2170 0.0144096 0.0128988 0.00151081
1.115 2155 0.0139652 0.0125139 0.00145124
1.21 2140 0.0132873 0.0120028 0.0012845
1.3525 2110 0.0124036 0.0110968 0.00130675
1.495 2080 0.0118678 0.0106738 0.00119398
1.595 2055 0.0110001 0.00985052 0.00114962
1.695 2030 0.0103124 0.00925959 0.00105283
1.8375 1990 0.00980519 0.00891457 0.000890619
1.98 1950 0.00931567 0.00847991 0.000835761
2.0775 1905 0.00865966 0.007907 0.000752666
2.175 1860 0.00737834 0.00679744 0.000580901
2.325 1830 0.00719891 0.00666772 0.000531193
2.475 1800 0.00690873 0.00646045 0.000448284
2.5775 1765 0.00569965 0.00527404 0.000425604
2.68 1730 0.00539435 0.00502427 0.000370073
2.825 1705 0.00508696 0.0047827 0.000304254
2.97 1680 0.00450925 0.00420826 0.000300992
3.07 1665 0.00495418 0.00468608 0.000268101
3.17 1650 0.00441285 0.00413961 0.000273248
3.32 1625 0.00414518 0.0038942 0.000250986
3.47 1600 0.00401784 0.00379697 0.000220874
3.57 1550 0.00324888 0.00307979 0.000169086
3.67 1500 0.00301171 0.00287151 0.000140204
3.82 1435 0.00258552 0.00247558 0.000109941
3.97 1370 0.00204156 0.00197084 7.07173e-05
4.07 1345 0.00184521 0.00178558 5.96358e-05
4.17 1320 0.00165842 0.0016051 5.33268e-05
4.32 1300 0.00146033 0.00141172 4.86107e-05
4.47 1280 0.00160297 0.00155289 5.00819e-05
4.57 1260 0.00138093 0.00133735 4.35782e-05
4.67 1240 0.00131688 0.00127996 3.69248e-05
