-4.67 6.06952 6.07226
-4.47 5.22947 6.63628
-4.17 5.7211 7.40232
-3.97 5.856 7.85691
-3.67 7.99335 8.44898
-3.47 10.3545 8.78851
-3.17 8.73369 9.20661
-2.97 8.3157 9.42267
-2.68 9.21189 9.66961
-2.475 11.1733 9.80991
-2.175 10.7685 9.97266
-1.98 13.2046 10.0793
-1.695 13.3977 10.2589
-1.495 13.9942 10.3936
-1.21 14.6117 10.5731
-1.02 15.2366 10.6742
-0.745 16.5658 10.7977
-0.565 17.605 10.8566
-0.3 17.2861 10.9155
-0.1 17.9413 10.938
0.1 18.1276 10.938
0.3 16.8918 10.9155
0.565 17.2885 10.8566
0.745 14.5263 10.7977
1.02 15.3546 10.6742
1.21 15.6315 10.5731
1.495 14.4664 10.3936
1.695 14.5296 10.2589
1.98 13.2944 10.0793
2.175 10.6715 9.97266
2.475 11.3335 9.8071
2.68 10.2638 9.66961
2.97 9.28617 9.42267
3.17 9.40024 9.20661
3.47 9.75684 8.78851
3.67 6.89038 8.44898
3.97 6.30753 7.85691
4.17 5.96302 7.40232
4.47 7.60336 6.63628
4.67 6.51085 6.07226
