-4.67 5.21432 6.07226
-4.57 5.6526 6.35427
-4.47 6.88791 6.63628
-4.32 5.79524 7.0193
-4.17 5.11983 7.40232
-4.07 4.47779 7.62961
-3.97 5.29049 7.85691
-3.82 6.04782 8.15294
-3.67 6.91455 8.44898
-3.57 7.65068 8.61874
-3.47 7.2051 8.78851
-3.32 8.17743 8.99757
-3.17 7.76661 9.20661
-3.07 7.12305 9.31464
-2.97 7.40458 9.42267
-2.825 9.00401 9.54614
-2.68 8.34876 9.66961
-2.5775 9.08602 9.73976
-2.475 9.73178 9.80991
-2.325 9.7033 9.89128
-2.175 9.62269 9.97266
-2.0775 11.6359 10.026
-1.98 11.654 10.0793
-1.8375 11.1392 10.1691
-1.695 15.2679 10.2589
-1.595 12.1311 10.3262
-1.495 13.6892 10.3936
-1.3525 16.276 10.4833
-1.21 13.8387 10.5731
-1.115 13.8151 10.6237
-1.02 16.3746 10.6742
-0.8825 15.0322 10.7359
-0.745 16.2976 10.7977
-0.655 16.4627 10.8271
-0.565 16.8088 10.8566
-0.4325 15.0521 10.8861
-0.3 15.023 10.9155
-0.2 17.4389 10.9267
-0.1 15.6319 10.938
0 15.2387 10.938
