-4.67 12.7063 6.07226
-4.47 11.6963 6.63628
-4.17 10.724 7.40232
-3.97 11.4007 7.85691
-3.67 13.5567 8.44898
-3.47 18.1457 8.78851
-3.17 18.0761 9.20661
-2.97 18.2865 9.42267
-2.68 19.0581 9.66961
-2.475 20.5441 9.80991
-2.175 23.3998 9.97266
-1.98 26.9504 10.0793
-1.695 29.1982 10.2589
-1.495 29.9347 10.3936
-1.21 33.0639 10.5731
-1.02 33.1704 10.6742
-0.745 31.5907 10.7977
-0.565 35.6216 10.8566
-0.3 38.0079 10.9155
-0.1 32.4473 10.938
0.1 33.5132 10.938
0.3 31.0925 10.9155
0.565 34.6196 10.8566
0.745 33.9761 10.7977
1.02 30.9086 10.6742
1.21 29.5058 10.5731
1.495 29.1323 10.3936
1.695 29.7343 10.2589
1.98 25.5588 10.0793
2.175 23.6162 9.97266
2.475 20.6486 9.8071
2.68 16.4841 9.66961
2.97 20.4843 9.42267
3.17 18.0852 9.20661
3.47 17.0961 8.78851
3.67 16.5409 8.44898
3.97 11.6151 7.85691
4.17 13.437 7.40232
4.47 12.1155 6.63628
4.67 13.1471 6.07226
