-4.67 2.64374 6.07226
-4.47 3.98711 6.63628
-4.17 3.36863 7.40232
-3.97 3.35236 7.85691
-3.67 3.58747 8.44898
-3.47 4.61719 8.78851
-3.17 4.80034 9.20661
-2.97 4.9277 9.42267
-2.68 5.35235 9.66961
-2.475 5.75151 9.80991
-2.175 8.63793 9.97266
-1.98 7.1299 10.0793
-1.695 7.61629 10.2589
-1.495 8.47629 10.3936
-1.21 8.06526 10.5731
-1.02 9.43203 10.6742
-0.745 9.07051 10.7977
-0.565 8.23955 10.8566
-0.3 9.95871 10.9155
-0.1 10.0573 10.938
0.1 8.57535 10.938
0.3 11.2222 10.9155
0.565 10.9563 10.8566
0.745 10.4985 10.7977
1.02 9.10882 10.6742
1.21 9.5543 10.5731
1.495 8.37675 10.3936
1.695 8.01765 10.2589
1.98 7.69381 10.0793
2.175 6.64896 9.97266
2.475 6.74173 9.8071
2.68 4.35717 9.66961
2.97 4.92763 9.42267
3.17 5.5013 9.20661
3.47 5.40413 8.78851
3.67 3.63736 8.44898
3.97 3.89787 7.85691
4.17 3.54743 7.40232
4.47 4.09166 6.63628
4.67 3.11927 6.07226
