-4.67 2.08527 6.07226
-4.47 2.04969 6.63628
-4.17 2.87993 7.40232
-3.97 2.20337 7.85691
-3.67 3.08337 8.44898
-3.47 2.5728 8.78851
-3.17 3.83963 9.20661
-2.97 2.81378 9.42267
-2.68 2.99222 9.66961
-2.475 3.66584 9.80991
-2.175 3.66135 9.97266
-1.98 5.15301 10.0793
-1.695 4.89343 10.2589
-1.495 5.1637 10.3936
-1.21 6.05052 10.5731
-1.02 7.15169 10.6742
-0.745 6.78949 10.7977
-0.565 6.65419 10.8566
-0.3 5.92986 10.9155
-0.1 6.02411 10.938
0.1 6.61253 10.938
0.3 6.33308 10.9155
0.565 6.18338 10.8566
0.745 6.089 10.7977
1.02 5.61737 10.6742
1.21 5.14129 10.5731
1.495 5.02411 10.3936
1.695 5.78796 10.2589
1.98 4.88609 10.0793
2.175 3.30964 9.97266
2.475 4.28242 9.8071
2.68 3.8536 9.66961
2.97 3.88203 9.42267
3.17 3.02908 9.20661
3.47 2.47899 8.78851
3.67 2.47891 8.44898
3.97 2.43518 7.85691
4.17 2.26688 7.40232
4.47 2.50833 6.63628
4.67 2.01106 6.07226
