-4.67 13.1491 6.07226
-4.57 12.4475 6.35427
-4.47 12.438 6.63628
-4.32 12.5393 7.0193
-4.17 12.4392 7.40232
-4.07 12.7866 7.62961
-3.97 11.1597 7.85691
-3.82 13.4877 8.15294
-3.67 13.9018 8.44898
-3.57 14.4102 8.61874
-3.47 18.4382 8.78851
-3.32 17.0858 8.99757
-3.17 15.7731 9.20661
-3.07 16.886 9.31464
-2.97 18.6946 9.42267
-2.825 18.3188 9.54614
-2.68 21.2865 9.66961
-2.5775 20.8454 9.73976
-2.475 19.3125 9.80991
-2.325 22.9706 9.89128
-2.175 22.5393 9.97266
-2.0775 22.2499 10.026
-1.98 24.3565 10.0793
-1.8375 24.9755 10.1691
-1.695 26.5667 10.2589
-1.595 29.6273 10.3262
-1.495 28.0699 10.3936
-1.3525 27.6925 10.4833
-1.21 30.6576 10.5731
-1.115 29.5258 10.6237
-1.02 30.5366 10.6742
-0.8825 32.0004 10.7359
-0.745 31.3863 10.7977
-0.655 30.6215 10.8271
-0.565 31.5959 10.8566
-0.4325 32.1594 10.8861
-0.3 29.45 10.9155
-0.2 34.0011 10.9267
-0.1 33.1665 10.938
0 28.7172 10.938
