-4.67 7.44194 6.07226
-4.47 6.2161 6.63628
-4.17 6.93835 7.40232
-3.97 7.88055 7.85691
-3.67 9.18312 8.44898
-3.47 9.90535 8.78851
-3.17 10.0336 9.20661
-2.97 11.5448 9.42267
-2.68 11.8724 9.66961
-2.475 11.2467 9.80991
-2.175 13.2228 9.97266
-1.98 16.0761 10.0793
-1.695 15.9216 10.2589
-1.495 19.634 10.3936
-1.21 17.5964 10.5731
-1.02 19.7752 10.6742
-0.745 20.3299 10.7977
-0.565 19.045 10.8566
-0.3 20.8248 10.9155
-0.1 20.5058 10.938
0.1 19.0914 10.938
0.3 19.485 10.9155
0.565 17.72 10.8566
0.745 19.1693 10.7977
1.02 20.0638 10.6742
1.21 18.1885 10.5731
1.495 18.1975 10.3936
1.695 17.3703 10.2589
1.98 13.5955 10.0793
2.175 12.9319 9.97266
2.475 11.0134 9.8071
2.68 11.3117 9.66961
2.97 11.6047 9.42267
3.17 10.9077 9.20661
3.47 9.40698 8.78851
3.67 7.29431 8.44898
3.97 6.74759 7.85691
4.17 7.05341 7.40232
4.47 5.7712 6.63628
4.67 8.07439 6.07226
