-4.67 3.02307 6.07226
-4.57 3.00883 6.35427
-4.47 3.04621 6.63628
-4.32 3.09804 7.0193
-4.17 3.3466 7.40232
-4.07 3.07034 7.62961
-3.97 3.14155 7.85691
-3.82 3.7492 8.15294
-3.67 4.06166 8.44898
-3.57 4.22014 8.61874
-3.47 4.57984 8.78851
-3.32 4.29329 8.99757
-3.17 4.62073 9.20661
-3.07 4.88949 9.31464
-2.97 4.93644 9.42267
-2.825 5.0245 9.54614
-2.68 5.34854 9.66961
-2.5775 5.10619 9.73976
-2.475 5.86025 9.80991
-2.325 6.33246 9.89128
-2.175 5.58993 9.97266
-2.0775 6.62672 10.026
-1.98 7.65991 10.0793
-1.8375 7.16487 10.1691
-1.695 7.1704 10.2589
-1.595 7.65001 10.3262
-1.495 8.17393 10.3936
-1.3525 8.04955 10.4833
-1.21 9.53065 10.5731
-1.115 8.997 10.6237
-1.02 9.3098 10.6742
-0.8825 10.4405 10.7359
-0.745 7.77781 10.7977
-0.655 9.25342 10.8271
-0.565 9.17516 10.8566
-0.4325 9.4855 10.8861
-0.3 10.2835 10.9155
-0.2 11.3195 10.9267
-0.1 9.09191 10.938
0 10.2314 10.938
