-4.67 6.78304 6.07226
-4.57 7.40888 6.35427
-4.47 8.2887 6.63628
-4.32 7.26762 7.0193
-4.17 6.68813 7.40232
-4.07 6.39365 7.62961
-3.97 6.912 7.85691
-3.82 8.0736 8.15294
-3.67 8.87879 8.44898
-3.57 9.45783 8.61874
-3.47 9.94046 8.78851
-3.32 10.616 8.99757
-3.17 10.1967 9.20661
-3.07 9.45485 9.31464
-2.97 9.94661 9.42267
-2.825 11.3516 9.54614
-2.68 10.8098 9.66961
-2.5775 11.65 9.73976
-2.475 13.0349 9.80991
-2.325 12.5201 9.89128
-2.175 12.7096 9.97266
-2.0775 14.6077 10.026
-1.98 15.1983 10.0793
-1.8375 14.7369 10.1691
-1.695 19.1229 10.2589
-1.595 15.6055 10.3262
-1.495 17.4625 10.3936
-1.3525 20.5283 10.4833
-1.21 18.1676 10.5731
-1.115 17.5562 10.6237
-1.02 20.1905 10.6742
-0.8825 19.4427 10.7359
-0.745 20.5061 10.7977
-0.655 20.8897 10.8271
-0.565 21.7231 10.8566
-0.4325 19.4429 10.8861
-0.3 19.155 10.9155
-0.2 22.0685 10.9267
-0.1 20.442 10.938
0 19.8915 10.938
