-4.67 5.73445 6.07226
-4.57 4.49942 6.35427
-4.47 4.44038 6.63628
-4.32 4.60056 7.0193
-4.17 4.12069 7.40232
-4.07 4.81195 7.62961
-3.97 4.42062 7.85691
-3.82 7.23759 8.15294
-3.67 5.35573 8.44898
-3.57 6.8481 8.61874
-3.47 6.51655 8.78851
-3.32 6.46398 8.99757
-3.17 8.20363 9.20661
-3.07 7.503 9.31464
-2.97 8.75871 9.42267
-2.825 7.54778 9.54614
-2.68 7.08488 9.66961
-2.5775 10.6622 9.73976
-2.475 8.53397 9.80991
-2.325 8.87756 9.89128
-2.175 9.71545 9.97266
-2.0775 8.89852 10.026
-1.98 10.0098 10.0793
-1.8375 11.5792 10.1691
-1.695 10.9351 10.2589
-1.595 14.0757 10.3262
-1.495 12.6213 10.3936
-1.3525 15.6755 10.4833
-1.21 12.5056 10.5731
-1.115 12.4343 10.6237
-1.02 13.6342 10.6742
-0.8825 15.3482 10.7359
-0.745 13.5973 10.7977
-0.655 15.0651 10.8271
-0.565 16.5654 10.8566
-0.4325 13.3852 10.8861
-0.3 15.166 10.9155
-0.2 13.0524 10.9267
-0.1 15.5236 10.938
0 17.0922 10.938
