-4.67 9.34561 6.07226
-4.57 9.83281 6.35427
-4.47 9.73002 6.63628
-4.32 7.59758 7.0193
-4.17 8.48465 7.40232
-4.07 8.35561 7.62961
-3.97 9.48683 7.85691
-3.82 8.6353 8.15294
-3.67 11.4908 8.44898
-3.57 11.2112 8.61874
-3.47 11.4625 8.78851
-3.32 13.5609 8.99757
-3.17 12.7506 9.20661
-3.07 14.8189 9.31464
-2.97 14.7632 9.42267
-2.825 12.3347 9.54614
-2.68 14.5361 9.66961
-2.5775 15.4561 9.73976
-2.475 14.6913 9.80991
-2.325 14.8309 9.89128
-2.175 18.3854 9.97266
-2.0775 17.5764 10.026
-1.98 19.2582 10.0793
-1.8375 18.2869 10.1691
-1.695 19.9045 10.2589
-1.595 22.5005 10.3262
-1.495 19.894 10.3936
-1.3525 21.2904 10.4833
-1.21 23.7402 10.5731
-1.115 24.1321 10.6237
-1.02 23.3361 10.6742
-0.8825 26.3223 10.7359
-0.745 26.8429 10.7977
-0.655 24.5177 10.8271
-0.565 24.2438 10.8566
-0.4325 26.0077 10.8861
-0.3 23.0728 10.9155
-0.2 23.7673 10.9267
-0.1 25.0594 10.938
0 26.0366 10.938
