-4.67 1028.68 0.00169235 0.00157261 0.000119745
-4.57 1044.93 0.0017365 0.00159598 0.000140517
-4.47 1061.17 0.00201648 0.00186555 0.000150933
-4.32 1075.43 0.00186429 0.00171188 0.000152418
-4.17 1089.7 0.00195241 0.00176667 0.00018574
-4.07 1110.85 0.00232963 0.00215487 0.00017476
-3.97 1132 0.00250481 0.00229412 0.000210688
-3.82 1185.74 0.00319359 0.00290003 0.000293557
-3.67 1239.49 0.00358411 0.00318534 0.000398774
-3.57 1281.03 0.004201 0.00372609 0.000474919
-3.47 1322.58 0.00481663 0.00426361 0.000553019
-3.32 1346.19 0.0050866 0.00443704 0.00064956
-3.17 1369.81 0.00531287 0.00467288 0.00063999
-3.07 1384.57 0.0054749 0.0046833 0.000791593
-2.97 1399.33 0.00575868 0.00490886 0.000849815
-2.825 1416.63 0.00606177 0.00522698 0.00083479
-2.68 1433.94 0.00674465 0.00589455 0.000850098
-2.5775 1459.33 0.0065033 0.00546306 0.00104024
-2.475 1484.72 0.0074922 0.00634795 0.00114425
-2.325 1506.12 0.00798685 0.00680244 0.0011844
-2.175 1527.53 0.0083207 0.00714911 0.00117159
-2.0775 1563.86 0.00890127 0.00737228 0.00152899
-1.98 1600.18 0.00993155 0.00819786 0.00173369
-1.8375 1647.99 0.0106721 0.00873886 0.00193327
-1.695 1695.79 0.0125636 0.0103523 0.00221125
-1.595 1720.54 0.0132354 0.01062 0.00261536
-1.495 1745.29 0.0139379 0.0110532 0.00288479
-1.3525 1763.16 0.0146482 0.0119135 0.00273469
-1.21 1781.04 0.0146537 0.0117937 0.00286005
-1.115 1789.94 0.0150475 0.0121221 0.00292538
-1.02 1798.84 0.0152949 0.0121222 0.00317271
-0.8825 1806.99 0.0165286 0.0133334 0.00319523
-0.745 1815.14 0.0177761 0.0144105 0.0033656
-0.655 1816.82 0.0161142 0.0130072 0.00310695
-0.565 1818.49 0.016478 0.0128931 0.00358488
-0.4325 1825.69 0.0166747 0.0131246 0.0035501
-0.3 1832.89 0.0153848 0.0121189 0.00326584
-0.2 1835.55 0.0182075 0.0143695 0.00383802
-0.1 1838.21 0.0170956 0.0137132 0.00338239
0 1838.21 0.0183805 0.0147125 0.00366807
