-4.67 35.5852 1.64373e-13 1.64373e-13 2.30444e-25
-4.57 36.0783 3.34395e-13 3.34395e-13 1.95035e-25
-4.47 36.5714 3.10587e-13 3.10587e-13 1.87694e-25
-4.32 36.6301 1.08637e-13 1.08637e-13 1.63453e-25
-4.17 36.6888 4.27069e-13 4.01108e-13 2.59602e-14
-4.07 37.0444 4.51717e-13 4.51717e-13 7.40869e-25
-3.97 37.4 1.85158e-13 1.85158e-13 1.45682e-25
-3.82 38.6966 2.90051e-13 2.90051e-13 3.82107e-24
-3.67 39.9933 8.57465e-13 8.57465e-13 1.71402e-24
-3.57 41.1866 9.74496e-13 9.74496e-13 6.37672e-24
-3.47 42.3799 1.22493e-12 1.22493e-12 2.98798e-23
-3.32 43.9866 1.1449e-12 1.1449e-12 5.43455e-23
-3.17 45.5934 1.21081e-12 1.21081e-12 2.28525e-23
-3.07 45.9344 3.21565e-12 3.21565e-12 1.71212e-22
-2.97 46.2755 3.90075e-12 3.90075e-12 1.05775e-22
-2.825 46.2983 2.52999e-12 2.52999e-12 1.2542e-22
-2.68 46.3211 4.49294e-12 4.49294e-12 2.09244e-22
-2.5775 46.5796 2.98419e-12 2.98419e-12 1.37751e-22
-2.475 46.8381 3.71713e-12 3.71713e-12 1.27571e-22
-2.325 47.1377 4.34007e-12 4.34007e-12 2.04979e-22
-2.175 47.4374 3.80167e-12 3.80167e-12 2.33577e-22
-2.0775 47.5326 4.75489e-12 4.75489e-12 3.6167e-22
-1.98 47.6279 4.55142e-12 4.55142e-12 8.41717e-22
-1.8375 48.2089 4.26685e-12 4.26685e-12 5.38637e-22
-1.695 48.7899 5.81223e-12 5.81223e-12 7.41494e-22
-1.595 49.2905 6.07782e-12 6.07782e-12 7.07822e-22
-1.495 49.7911 6.07064e-12 6.07064e-12 1.23695e-21
-1.3525 50.4145 3.35468e-12 3.35468e-12 8.09142e-22
-1.21 51.038 4.22693e-12 4.22693e-12 2.07333e-21
-1.115 51.1244 7.62652e-12 7.62652e-12 1.293e-21
-1.02 51.2109 6.40686e-12 6.40686e-12 1.83726e-21
-0.8825 51.3549 1.33031e-11 1.33031e-11 1.55728e-21
-0.745 51.4989 8.06208e-12 8.06208e-12 4.43989e-21
-0.655 51.2711 1.06634e-11 1.06634e-11 1.75672e-21
-0.565 51.0433 7.62093e-12 7.62093e-12 1.43488e-21
-0.4325 51.1156 1.1105e-11 1.1105e-11 2.16445e-21
-0.3 51.1879 6.80579e-12 6.80579e-12 1.14191e-21
-0.2 51.1989 1.16079e-11 1.16079e-11 2.99921e-21
-0.1 51.2098 3.69995e-12 3.69995e-12 1.89991e-21
0 51.2098 7.47926e-12 7.47926e-12 1.4382e-21
