-4.67 358.743 1.11889e-05 1.10649e-05 1.24014e-07
-4.57 363.228 1.1776e-05 1.17434e-05 3.25512e-08
-4.47 367.713 1.50463e-05 1.46484e-05 3.97849e-07
-4.32 371.089 1.46884e-05 1.46457e-05 4.27432e-08
-4.17 374.465 1.49624e-05 1.49275e-05 3.49464e-08
-4.07 380.582 1.60437e-05 1.60067e-05 3.70838e-08
-3.97 386.7 1.56908e-05 1.56346e-05 5.62346e-08
-3.82 403.798 1.99679e-05 1.98656e-05 1.02357e-07
-3.67 420.896 2.74751e-05 2.73401e-05 1.35001e-07
-3.57 435.656 3.04142e-05 3.02287e-05 1.85458e-07
-3.47 450.415 4.00451e-05 3.98138e-05 2.31295e-07
-3.32 463.719 3.85113e-05 3.8204e-05 3.07296e-07
-3.17 477.023 5.08821e-05 5.05488e-05 3.33339e-07
-3.07 481.307 4.90264e-05 4.8649e-05 3.77441e-07
-2.97 485.591 5.33337e-05 5.28946e-05 4.3905e-07
-2.825 489.355 5.3068e-05 5.25961e-05 4.71876e-07
-2.68 493.118 5.64106e-05 5.5972e-05 4.38611e-07
-2.5775 499.686 5.65256e-05 5.59394e-05 5.86211e-07
-2.475 506.254 7.41406e-05 7.34747e-05 6.659e-07
-2.325 511.904 7.60581e-05 7.53802e-05 6.77883e-07
-2.175 517.554 7.30755e-05 7.21696e-05 9.05925e-07
-2.0775 524.963 7.98486e-05 7.90364e-05 8.12212e-07
-1.98 532.372 8.09939e-05 8.00417e-05 9.52197e-07
-1.8375 544.639 9.09723e-05 8.97897e-05 1.18254e-06
-1.695 556.907 0.000110327 0.000108651 1.6759e-06
-1.595 563.791 0.000108316 0.000106854 1.4615e-06
-1.495 570.675 0.00011175 0.000110161 1.58972e-06
-1.3525 576.159 0.000114847 0.000112807 2.04014e-06
-1.21 581.643 0.000143517 0.000141327 2.18982e-06
-1.115 584.263 0.000141374 0.000139628 1.74605e-06
-1.02 586.882 0.000129564 0.000127527 2.03707e-06
-0.8825 589.807 0.000149345 0.000147171 2.17427e-06
-0.745 592.733 0.000147175 0.000144032 3.14281e-06
-0.655 592.305 0.000139788 0.000137775 2.01316e-06
-0.565 591.878 0.000143271 0.000141017 2.2539e-06
-0.4325 593.942 0.000145095 0.000142349 2.74615e-06
-0.3 596.006 0.000158899 0.000156346 2.55252e-06
-0.2 596.843 0.000140951 0.00013846 2.49166e-06
-0.1 597.68 0.000118097 0.000115876 2.22092e-06
0 597.68 0.000134558 0.000132072 2.48589e-06
