-4.67 135.563 2.65524e-08 2.65523e-08 1.40002e-13
-4.57 137.077 3.3352e-08 3.33518e-08 1.96925e-13
-4.47 138.592 2.5735e-08 2.57335e-08 1.48024e-12
-4.32 139.234 2.52717e-08 2.52712e-08 5.34807e-13
-4.17 139.876 2.6364e-08 2.63636e-08 3.58211e-13
-4.07 141.838 4.85266e-08 4.85262e-08 4.50399e-13
-3.97 143.8 3.18221e-08 3.18217e-08 4.31482e-13
-3.82 149.953 6.02748e-08 6.02103e-08 6.44391e-11
-3.67 156.106 6.70875e-08 6.70855e-08 1.94292e-12
-3.57 161.584 1.08512e-07 1.08509e-07 2.7388e-12
-3.47 167.063 1.70844e-07 1.70839e-07 4.62626e-12
-3.32 172.911 1.58748e-07 1.58738e-07 9.53057e-12
-3.17 178.758 2.28343e-07 2.28332e-07 1.02956e-11
-3.07 179.868 2.45665e-07 2.45652e-07 1.36379e-11
-2.97 180.978 2.18369e-07 2.18356e-07 1.28806e-11
-2.825 181.973 2.38359e-07 2.38345e-07 1.41273e-11
-2.68 182.968 1.9175e-07 1.91738e-07 1.12486e-11
-2.5775 185.16 2.98117e-07 2.98103e-07 1.45788e-11
-2.475 187.352 2.72587e-07 2.72563e-07 2.40537e-11
-2.325 189.058 2.19545e-07 2.1953e-07 1.5568e-11
-2.175 190.763 2.13744e-07 2.13719e-07 2.50396e-11
-2.0775 192.167 2.65628e-07 2.65592e-07 3.63687e-11
-1.98 193.571 3.11439e-07 3.11414e-07 2.51683e-11
-1.8375 196.583 3.72884e-07 3.72855e-07 2.87273e-11
-1.695 199.595 3.56655e-07 3.5662e-07 3.53615e-11
-1.595 201.875 3.96122e-07 3.96063e-07 5.90723e-11
-1.495 204.154 4.46633e-07 4.46584e-07 4.89472e-11
-1.3525 206.112 5.41959e-07 5.41907e-07 5.18807e-11
-1.21 208.07 5.52446e-07 5.52372e-07 7.35448e-11
-1.115 208.824 5.10427e-07 5.1036e-07 6.75621e-11
-1.02 209.578 3.55302e-07 3.55223e-07 7.89575e-11
-0.8825 210.323 5.66309e-07 5.66193e-07 1.15878e-10
-0.745 211.068 4.81278e-07 4.812e-07 7.79922e-11
-0.655 210.706 6.15131e-07 6.15055e-07 7.57778e-11
-0.565 210.343 4.38245e-07 4.38188e-07 5.74255e-11
-0.4325 210.933 5.86134e-07 5.86044e-07 8.99663e-11
-0.3 211.523 5.03758e-07 5.03668e-07 8.96745e-11
-0.2 211.723 5.13785e-07 5.13677e-07 1.07679e-10
-0.1 211.923 6.04277e-07 6.04205e-07 7.21217e-11
0 211.923 6.36799e-07 6.36669e-07 1.30262e-10
