-4.67 536.27 9.71871e-05 9.57539e-05 1.43316e-06
-4.57 543.62 9.00505e-05 8.90092e-05 1.04133e-06
-4.47 550.969 0.000110182 0.000108665 1.51771e-06
-4.32 557.38 0.000104477 0.000102825 1.65215e-06
-4.17 563.792 0.000111056 0.000109509 1.54719e-06
-4.07 573.196 0.00012521 0.000123053 2.1571e-06
-3.97 582.6 0.00011112 0.000109361 1.75907e-06
-3.82 609.516 0.000164009 0.000160775 3.23448e-06
-3.67 636.432 0.000227859 0.00022401 3.84877e-06
-3.57 658.587 0.000215447 0.000209454 5.99307e-06
-3.47 680.741 0.000270577 0.000263232 7.3442e-06
-3.32 698.891 0.000302717 0.000293709 9.00841e-06
-3.17 717.042 0.000338199 0.000327977 1.02214e-05
-3.07 723.696 0.000359748 0.000348182 1.15658e-05
-2.97 730.349 0.00035218 0.000340663 1.15176e-05
-2.825 736.75 0.000392536 0.000379951 1.25859e-05
-2.68 743.151 0.000433599 0.000420602 1.2997e-05
-2.5775 753.834 0.000412004 0.000395074 1.69305e-05
-2.475 764.518 0.000451511 0.000433559 1.79523e-05
-2.325 773.516 0.000507287 0.000489294 1.7993e-05
-2.175 782.515 0.000496846 0.000477514 1.93328e-05
-2.0775 797.676 0.000584727 0.000561264 2.34624e-05
-1.98 812.836 0.000630125 0.000609003 2.1122e-05
-1.8375 832.944 0.000701131 0.000672944 2.81875e-05
-1.695 853.051 0.000803391 0.000769143 3.42482e-05
-1.595 864.147 0.000761806 0.000721732 4.00746e-05
-1.495 875.242 0.000836635 0.000797833 3.88024e-05
-1.3525 884.468 0.000914004 0.000866472 4.75324e-05
-1.21 893.695 0.00085989 0.000813341 4.65493e-05
-1.115 897.633 0.000931031 0.000882823 4.82081e-05
-1.02 901.571 0.000981961 0.000929307 5.26536e-05
-0.8825 906.226 0.000948102 0.000898148 4.99541e-05
-0.745 910.88 0.000992263 0.000939069 5.31946e-05
-0.655 910.847 0.000941087 0.000883094 5.79927e-05
-0.565 910.814 0.000945168 0.000893203 5.19643e-05
-0.4325 914.032 0.00108768 0.00103741 5.02772e-05
-0.3 917.25 0.00113387 0.00108587 4.79929e-05
-0.2 918.7 0.00102754 0.000975408 5.21281e-05
-0.1 920.151 0.00100748 0.000949067 5.84171e-05
0 920.151 0.00103496 0.0009829 5.20604e-05
