-4.67 3.53625 1.46219
-4.57 3.75601 1.5301
-4.47 4.40297 1.59801
-4.32 3.85798 1.69024
-4.17 3.68307 1.78246
-4.07 3.58977 1.83719
-3.97 3.7515 1.89193
-3.82 4.51979 1.96321
-3.67 4.55743 2.0345
-3.57 4.92876 2.07537
-3.47 5.28532 2.11626
-3.32 5.43603 2.1666
-3.17 5.41235 2.21693
-3.07 5.3523 2.24294
-2.97 5.5532 2.26896
-2.825 5.9623 2.29869
-2.68 6.17087 2.32843
-2.5775 6.17871 2.34531
-2.475 6.42443 2.3622
-2.325 6.65946 2.3818
-2.175 6.92067 2.4014
-2.0775 7.48048 2.41424
-1.98 8.34556 2.42708
-1.8375 8.13559 2.4487
-1.695 9.98742 2.47032
-1.595 8.93776 2.48654
-1.495 9.78807 2.50275
-1.3525 10.5544 2.52437
-1.21 9.80997 2.54599
-1.115 10.3032 2.55815
-1.02 10.264 2.57031
-0.8825 10.0817 2.58518
-0.745 10.6703 2.60004
-0.655 10.4488 2.60714
-0.565 11.0875 2.61424
-0.4325 9.93754 2.62133
-0.3 10.432 2.62842
-0.2 11.1083 2.63113
-0.1 11.1613 2.63383
0 10.9761 2.63383
