-4.67 4.54461 1.46219
-4.57 5.26476 1.5301
-4.47 4.5763 1.59801
-4.32 4.91307 1.69024
-4.17 4.32729 1.78246
-4.07 5.04326 1.83719
-3.97 5.1118 1.89193
-3.82 5.87782 1.96321
-3.67 5.68716 2.0345
-3.57 6.73335 2.07537
-3.47 7.03251 2.11626
-3.32 7.31252 2.1666
-3.17 7.74566 2.21693
-3.07 9.81194 2.24294
-2.97 9.59099 2.26896
-2.825 8.34065 2.29869
-2.68 8.89137 2.32843
-2.5775 10.1946 2.34531
-2.475 8.92401 2.3622
-2.325 9.10576 2.3818
-2.175 8.10099 2.4014
-2.0775 8.94889 2.41424
-1.98 11.8094 2.42708
-1.8375 11.5345 2.4487
-1.695 11.8598 2.47032
-1.595 12.2352 2.48654
-1.495 12.3214 2.50275
-1.3525 14.8491 2.52437
-1.21 13.6447 2.54599
-1.115 12.2387 2.55815
-1.02 13.9443 2.57031
-0.8825 15.353 2.58518
-0.745 13.4227 2.60004
-0.655 12.5626 2.60714
-0.565 14.2046 2.61424
-0.4325 15.962 2.62133
-0.3 14.8353 2.62842
-0.2 14.4184 2.63113
-0.1 14.53 2.63383
0 15.3633 2.63383
