-4.67 2.43407 1.46219
-4.57 2.62855 1.5301
-4.47 2.07858 1.59801
-4.32 2.73441 1.69024
-4.17 2.57975 1.78246
-4.07 2.97812 1.83719
-3.97 2.49716 1.89193
-3.82 3.9782 1.96321
-3.67 2.47066 2.0345
-3.57 2.92847 2.07537
-3.47 4.21959 2.11626
-3.32 3.39053 2.1666
-3.17 4.19143 2.21693
-3.07 3.53816 2.24294
-2.97 3.08593 2.26896
-2.825 3.10723 2.29869
-2.68 3.8921 2.32843
-2.5775 3.84362 2.34531
-2.475 4.15687 2.3622
-2.325 3.70044 2.3818
-2.175 3.45496 2.4014
-2.0775 4.66494 2.41424
-1.98 6.14526 2.42708
-1.8375 5.33725 2.4487
-1.695 5.53832 2.47032
-1.595 6.07567 2.48654
-1.495 5.97011 2.50275
-1.3525 6.02257 2.52437
-1.21 5.79523 2.54599
-1.115 6.35409 2.55815
-1.02 6.7072 2.57031
-0.8825 6.83887 2.58518
-0.745 5.95351 2.60004
-0.655 6.57493 2.60714
-0.565 5.77632 2.61424
-0.4325 6.94914 2.62133
-0.3 6.93382 2.62842
-0.2 6.77986 2.63113
-0.1 6.43443 2.63383
0 6.37277 2.63383
