-4.67 6.18937 1.46219
-4.57 6.80126 1.5301
-4.47 6.09902 1.59801
-4.32 6.46815 1.69024
-4.17 5.80376 1.78246
-4.07 6.43388 1.83719
-3.97 6.6435 1.89193
-3.82 7.43552 1.96321
-3.67 7.35996 2.0345
-3.57 8.63527 2.07537
-3.47 9.11859 2.11626
-3.32 9.40464 2.1666
-3.17 9.80211 2.21693
-3.07 11.9077 2.24294
-2.97 11.6801 2.26896
-2.825 10.5394 2.29869
-2.68 11.1784 2.32843
-2.5775 12.287 2.34531
-2.475 11.4799 2.3622
-2.325 11.6503 2.3818
-2.175 10.576 2.4014
-2.0775 11.6575 2.41424
-1.98 14.5396 2.42708
-1.8375 14.4108 2.4487
-1.695 14.8739 2.47032
-1.595 15.5174 2.48654
-1.495 15.5447 2.50275
-1.3525 18.1068 2.52437
-1.21 16.9333 2.54599
-1.115 15.4496 2.55815
-1.02 17.0344 2.57031
-0.8825 18.7796 2.58518
-0.745 16.9606 2.60004
-0.655 16.0605 2.60714
-0.565 17.5238 2.61424
-0.4325 19.4495 2.62133
-0.3 18.3156 2.62842
-0.2 18.0384 2.63113
-0.1 17.9288 2.63383
0 18.6653 2.63383
