-4.67 1.7716 1.46219
-4.57 1.73799 1.5301
-4.47 1.61889 1.59801
-4.32 1.75077 1.69024
-4.17 1.89063 1.78246
-4.07 1.73064 1.83719
-3.97 1.83366 1.89193
-3.82 1.91522 1.96321
-3.67 2.04126 2.0345
-3.57 2.11379 2.07537
-3.47 2.4647 2.11626
-3.32 2.37997 2.1666
-3.17 2.55106 2.21693
-3.07 2.66067 2.24294
-2.97 2.86772 2.26896
-2.825 2.63558 2.29869
-2.68 2.88834 2.32843
-2.5775 2.88957 2.34531
-2.475 2.97513 2.3622
-2.325 3.30119 2.3818
-2.175 3.2512 2.4014
-2.0775 3.55266 2.41424
-1.98 3.95701 2.42708
-1.8375 3.81023 2.4487
-1.695 3.99486 2.47032
-1.595 4.32521 2.48654
-1.495 4.32053 2.50275
-1.3525 4.45608 2.52437
-1.21 4.98635 2.54599
-1.115 4.88396 2.55815
-1.02 4.95924 2.57031
-0.8825 5.13748 2.58518
-0.745 4.48923 2.60004
-0.655 4.91668 2.60714
-0.565 4.73399 2.61424
-0.4325 5.14399 2.62133
-0.3 5.02195 2.62842
-0.2 5.23026 2.63113
-0.1 5.01213 2.63383
0 5.19422 2.63383
