-4.67 1240 0.651861 0.647679 0.0041824
-4.57 1260 0.676741 0.670666 0.00607484
-4.47 1280 1.1263 1.1183 0.00800284
-4.32 1300 1.04437 1.03642 0.00795487
-4.17 1320 1.17479 1.16014 0.0146504
-4.07 1345 0.972506 0.961069 0.0114367
-3.97 1370 0.850945 0.837418 0.0135265
-3.82 1435 1.09953 1.08623 0.0133023
-3.67 1500 1.43781 1.41922 0.0185906
-3.57 1550 1.57957 1.55529 0.0242735
-3.47 1600 1.22186 1.19417 0.027698
-3.32 1625 1.1494 1.1107 0.0386933
-3.17 1650 1.35999 1.33373 0.0262607
-3.07 1665 1.90106 1.85898 0.0420819
-2.97 1680 1.56177 1.5316 0.0301663
-2.825 1705 1.66638 1.6197 0.046676
-2.68 1730 2.03108 1.99758 0.0335037
-2.5775 1765 2.24616 2.19838 0.0477785
-2.475 1800 2.37652 2.33493 0.0415917
-2.325 1830 2.41481 2.35792 0.0568947
-2.175 1860 2.65037 2.5768 0.073566
-2.0775 1905 2.46409 2.38835 0.0757417
-1.98 1950 2.15224 2.09349 0.0587498
-1.8375 1990 2.71586 2.61679 0.0990657
-1.695 2030 4.81908 4.71835 0.100727
-1.595 2055 2.84985 2.77611 0.073744
-1.495 2080 2.9334 2.83124 0.102158
-1.3525 2110 3.79196 3.68423 0.107723
-1.21 2140 3.14704 3.0392 0.107835
-1.115 2155 2.62616 2.48374 0.142415
-1.02 2170 3.81576 3.67803 0.137726
-0.8825 2185 3.44628 3.28157 0.164718
-0.745 2200 3.67211 3.50082 0.171294
-0.655 2205 3.597 3.4001 0.1969
-0.565 2210 2.86389 2.72178 0.14211
-0.4325 2220 3.87527 3.69467 0.180598
-0.3 2230 4.0681 3.89361 0.174497
-0.2 2235 3.34042 3.22335 0.117074
-0.1 2240 4.04583 3.89495 0.150873
0 2240 5.40939 5.23658 0.172809
0.1 2240 4.43289 4.28657 0.146322
0.2 2235 4.40352 4.24576 0.157755
0.3 2230 4.26722 4.09199 0.175239
0.4325 2220 3.69524 3.53362 0.161622
0.565 2210 3.12277 2.98511 0.137666
0.655 2205 5.44406 5.30299 0.141066
0.745 2200 2.25476 2.12689 0.127873
0.8825 2185 4.63814 4.4953 0.142844
1.02 2170 3.72319 3.566 0.157197
1.115 2155 3.17634 3.051 0.125337
1.21 2140 2.36968 2.26165 0.108025
1.3525 2110 3.66326 3.5483 0.114964
1.495 2080 3.15177 3.00591 0.145862
1.595 2055 2.99439 2.88467 0.10972
1.695 2030 1.66714 1.57126 0.0958799
1.8375 1990 3.14819 3.04401 0.104175
1.98 1950 2.98135 2.91181 0.0695392
2.0775 1905 2.2976 2.23451 0.0630859
2.175 1860 1.38675 1.31279 0.0739536
2.325 1830 2.12765 2.06564 0.0620103
2.475 1800 3.01255 2.96429 0.0482584
2.5775 1765 1.77144 1.72982 0.0416212
2.68 1730 1.48672 1.44401 0.0427121
2.825 1705 1.73018 1.69125 0.0389241
2.97 1680 1.53487 1.49689 0.0379833
3.07 1665 1.88047 1.85244 0.028021
3.17 1650 1.99368 1.96352 0.0301539
3.32 1625 1.53442 1.50987 0.0245522
3.47 1600 1.12591 1.0946 0.0313112
3.57 1550 1.67388 1.65037 0.0235124
3.67 1500 1.23976 1.22151 0.0182533
3.82 1435 1.38466 1.37032 0.0143401
3.97 1370 1.07324 1.0617 0.0115418
4.07 1345 0.933859 0.922551 0.0113084
4.17 1320 0.856462 0.848496 0.00796599
4.32 1300 1.12219 1.11226 0.00992707
4.47 1280 0.704817 0.699465 0.00535176
4.57 1260 0.396607 0.388115 0.00849157
4.67 1240 0.665741 0.658498 0.00724325
