-3.17 114.749
-3.07 82.5319
-2.97 131.388
-2.825 101.821
-2.68 96.2282
-2.5775 105.932
-2.475 96.8154
-2.325 94.671
-2.175 99.4406
-2.0775 81.5364
-1.98 67.697
-1.8375 85.4523
-1.695 77.0444
-1.595 79.1349
-1.495 81.9247
-1.3525 78.1215
-1.21 78.9593
-1.115 67.9771
-1.02 74.1537
-0.8825 70.2569
-0.745 64.9534
-0.655 69.3076
-0.565 72.9793
-0.4325 60.0134
-0.3 63.8518
-0.2 62.6965
-0.1 75.4979
0 77.0416
0.1 63.5349
0.2 69.9187
0.3 78.5263
0.4325 70.8354
0.565 75.7568
0.655 72.3848
0.745 77.5459
0.8825 69.242
1.02 64.0234
1.115 77.5351
1.21 66.6201
1.3525 88.2183
1.495 77.2602
1.595 69.0539
1.695 79.198
1.8375 82.8489
1.98 96.4824
2.0775 97.5294
2.175 68.7544
2.325 80.1982
2.475 95.2218
2.5775 95.2087
2.68 90.8566
2.825 101.137
2.97 107.156
3.07 99.2665
3.17 105.749
3.32 132.936
3.47 139.558
3.57 155.21
3.67 107.123
3.82 155.927
3.97 155.993
4.07 126.133
4.17 187.321
4.32 151.887
4.47 149.78
4.57 161.094
4.67 139.078
