-4.67 1240 0.551395 0.546437 0.00495799
-4.57 1260 0.609032 0.604003 0.0050296
-4.47 1280 0.627676 0.621952 0.00572369
-4.32 1300 0.512212 0.50614 0.00607236
-4.17 1320 0.606901 0.600096 0.00680432
-4.07 1345 0.614886 0.607226 0.00765976
-3.97 1370 0.719949 0.711873 0.00807608
-3.82 1435 0.690643 0.666269 0.0243739
-3.67 1500 0.940787 0.926772 0.0140146
-3.57 1550 0.933605 0.917352 0.0162532
-3.47 1600 0.968468 0.949934 0.0185335
-3.32 1625 1.19021 1.16713 0.0230708
-3.17 1650 1.13861 1.11475 0.0238592
-3.07 1665 1.34857 1.32167 0.0268945
-2.97 1680 1.35413 1.32678 0.027351
-2.825 1704.99 1.13669 1.10882 0.0278715
-2.68 1729.99 1.36688 1.3352 0.0316722
-2.5775 1764.99 1.46034 1.42838 0.0319549
-2.475 1799.99 1.39553 1.35753 0.0380018
-2.325 1829.99 1.41624 1.37397 0.042268
-2.175 1859.99 1.7871 1.74223 0.0448741
-2.0775 1904.99 1.7157 1.66513 0.0505723
-1.98 1949.99 1.89785 1.83863 0.0592263
-1.8375 1989.99 1.81428 1.74879 0.065496
-1.695 2029.99 1.99947 1.92581 0.0736616
-1.595 2054.99 2.26308 2.184 0.079078
-1.495 2080 2.02636 1.9429 0.0834569
-1.3525 2110 2.1884 2.09931 0.089091
-1.21 2140 2.46271 2.37092 0.0917838
-1.115 2155.01 2.50843 2.41309 0.0953367
-1.02 2170.01 2.44446 2.34303 0.101429
-0.8825 2185.01 2.77348 2.66764 0.105842
-0.745 2200.01 2.85282 2.74704 0.105776
-0.655 2205.01 2.61904 2.50241 0.116633
-0.565 2210.01 2.58855 2.47915 0.1094
-0.4325 2220.01 2.77053 2.66218 0.108352
-0.3 2230 2.46908 2.35243 0.116644
-0.2 2234.99 2.56843 2.44816 0.12027
-0.1 2239.99 2.69044 2.57909 0.11135
0 2239.99 2.80914 2.69193 0.117216
