-4.67 1240 0.132107 0.132063 4.39894e-05
-4.57 1260 0.133658 0.13361 4.71146e-05
-4.47 1280 0.142372 0.142315 5.65438e-05
-4.32 1300 0.145632 0.145568 6.38487e-05
-4.17 1320 0.181768 0.181704 6.34455e-05
-4.07 1345 0.172849 0.172759 8.94096e-05
-3.97 1370 0.17363 0.173522 0.000107835
-3.82 1435 0.228251 0.228125 0.00012641
-3.67 1500 0.253346 0.253159 0.000186597
-3.57 1550 0.26402 0.263793 0.000227106
-3.47 1600 0.296786 0.296484 0.000301961
-3.32 1625 0.285292 0.284938 0.000354844
-3.17 1650 0.319655 0.319264 0.000390807
-3.07 1665 0.325717 0.325352 0.000364235
-2.97 1680 0.335893 0.335485 0.000408559
-2.825 1705 0.366886 0.366405 0.000480944
-2.68 1730 0.377505 0.376961 0.000544337
-2.5775 1765 0.363772 0.363167 0.000605865
-2.475 1800 0.438227 0.437537 0.00068926
-2.325 1830 0.4702 0.469417 0.000782292
-2.175 1860 0.398013 0.397116 0.000896898
-2.0775 1905 0.510369 0.509316 0.00105256
-1.98 1950 0.578056 0.576854 0.00120152
-1.8375 1990 0.526947 0.525365 0.00158168
-1.695 2030 0.541283 0.53987 0.00141348
-1.595 2055 0.57251 0.570686 0.00182358
-1.495 2080 0.616838 0.615015 0.00182309
-1.3525 2110 0.600241 0.598109 0.00213212
-1.21 2140 0.75599 0.753572 0.00241772
-1.115 2155 0.711008 0.708435 0.00257295
-1.02 2170 0.752079 0.749331 0.00274731
-0.8825 2185 0.878765 0.876038 0.00272704
-0.745 2200 0.590673 0.587792 0.00288109
-0.655 2205 0.764469 0.761568 0.00290164
-0.565 2210 0.735688 0.732905 0.00278301
-0.4325 2220 0.777953 0.774952 0.00300128
-0.3 2230 0.876624 0.873622 0.00300226
-0.2 2235 0.973354 0.970077 0.00327667
-0.1 2240 0.734215 0.730998 0.00321693
0 2240 0.801415 0.79812 0.00329536
0.1 2240 0.741059 0.737852 0.00320699
0.2 2235 0.698208 0.695001 0.00320676
0.3 2230 0.81803 0.815019 0.00301039
0.4325 2220 0.791299 0.788295 0.00300402
0.565 2210 0.71927 0.716394 0.0028762
0.655 2205 0.683516 0.6808 0.00271624
0.745 2200 0.82973 0.826787 0.00294303
0.8825 2185 0.718003 0.715147 0.0028555
1.02 2170 0.693724 0.690874 0.00284947
1.115 2155 0.805022 0.802281 0.00274147
1.21 2140 0.679465 0.677128 0.00233696
1.3525 2110 0.708792 0.706601 0.00219043
1.495 2080 0.654793 0.652762 0.00203164
1.595 2055 0.776948 0.775195 0.00175334
1.695 2030 0.569441 0.567937 0.00150397
1.8375 1990 0.550936 0.549429 0.00150736
1.98 1950 0.515567 0.51432 0.00124702
2.0775 1905 0.506282 0.505251 0.00103135
2.175 1860 0.451 0.450092 0.000908042
2.325 1830 0.518211 0.517376 0.000835168
2.475 1800 0.473012 0.472302 0.000709426
2.5775 1765 0.476806 0.476142 0.000664099
2.68 1730 0.352617 0.3521 0.000516875
2.825 1705 0.388489 0.387981 0.000508142
2.97 1680 0.339688 0.339272 0.000415811
3.07 1665 0.353515 0.353127 0.000387816
3.17 1650 0.268932 0.268536 0.000395396
3.32 1625 0.324036 0.323716 0.000319376
3.47 1600 0.271344 0.271055 0.000289032
3.57 1550 0.276148 0.275916 0.000231638
3.67 1500 0.267483 0.267306 0.000176786
3.82 1435 0.210884 0.210741 0.000143191
3.97 1370 0.221516 0.221424 9.1846e-05
4.07 1345 0.16517 0.165084 8.66486e-05
4.17 1320 0.180912 0.180834 7.79556e-05
4.32 1300 0.166105 0.166041 6.39613e-05
4.47 1280 0.156068 0.156015 5.27866e-05
4.57 1260 0.193449 0.193399 4.9553e-05
4.67 1240 0.157345 0.157305 3.98619e-05
