-4.67 1240 0.343248 0.34309 0.000158934
-4.57 1260 0.280823 0.279834 0.000989514
-4.47 1280 0.288964 0.288777 0.000186732
-4.32 1300 0.316526 0.316294 0.00023185
-4.17 1320 0.298552 0.298306 0.00024632
-4.07 1345 0.36061 0.360313 0.000297316
-3.97 1370 0.339673 0.339324 0.000349446
-3.82 1435 0.580842 0.580351 0.000491248
-3.67 1500 0.440809 0.440143 0.000665917
-3.57 1550 0.576736 0.575831 0.000904788
-3.47 1600 0.557686 0.556577 0.00110893
-3.32 1625 0.566133 0.564971 0.00116265
-3.17 1650 0.737035 0.735792 0.00124244
-3.07 1665 0.680816 0.679533 0.00128312
-2.97 1680 0.807417 0.805945 0.00147165
-2.825 1704.99 0.70264 0.700928 0.00171146
-2.68 1729.99 0.665088 0.663024 0.00206421
-2.5775 1764.99 1.01734 1.01533 0.00201071
-2.475 1799.99 0.81415 0.811806 0.00234446
-2.325 1829.99 0.855239 0.852735 0.00250441
-2.175 1859.99 0.944832 0.941695 0.00313731
-2.0775 1904.99 0.863664 0.860254 0.00341001
-1.98 1949.99 0.97883 0.974562 0.00426791
-1.8375 1989.99 1.14376 1.13936 0.00440286
-1.695 2029.99 1.08483 1.07962 0.0052106
-1.595 2054.99 1.41615 1.41009 0.00606717
-1.495 2080 1.27349 1.26742 0.00606199
-1.3525 2110 1.60056 1.59368 0.00687982
-1.21 2140 1.27821 1.27112 0.00709309
-1.115 2155.01 1.27692 1.26827 0.0086437
-1.02 2170.01 1.41083 1.40265 0.00817928
-0.8825 2185.01 1.60469 1.5961 0.00859142
-0.745 2200.01 1.42232 1.41332 0.00900034
-0.655 2205.01 1.58017 1.57126 0.00891126
-0.565 2210.01 1.75237 1.74371 0.00866532
-0.4325 2220.01 1.40448 1.39462 0.00986083
-0.3 2230 1.60683 1.5973 0.00953216
-0.2 2234.99 1.37639 1.36701 0.0093767
-0.1 2239.99 1.65013 1.64023 0.00990022
0 2239.99 1.82211 1.81262 0.00948922
