-4.67 0.0259042
-4.57 0.026593
-4.47 0.02587
-4.32 0.0295921
-4.17 0.0336998
-4.07 0.0317952
-3.97 0.0346915
-3.82 0.0375999
-3.67 0.0415293
-3.57 0.043869
-3.47 0.0521594
-3.32 0.0515645
-3.17 0.0565552
-3.07 0.0596772
-2.97 0.0650675
-2.825 0.060584
-2.68 0.0672528
-2.5775 0.0677695
-2.475 0.0702786
-2.325 0.0786278
-2.175 0.0780743
-2.0775 0.0857698
-1.98 0.0960396
-1.8375 0.0933011
-1.695 0.0986857
-1.595 0.107548
-1.495 0.108132
-1.3525 0.112488
-1.21 0.126952
-1.115 0.124939
-1.02 0.127468
-0.8825 0.132813
-0.745 0.116722
-0.655 0.128185
-0.565 0.123758
-0.4325 0.134841
-0.3 0.131998
-0.2 0.137615
-0.1 0.132011
0 0.136807
