-4.67 0.0183417
-4.57 0.0191398
-4.47 0.0184967
-4.32 0.0208876
-4.17 0.025327
-4.07 0.0235246
-3.97 0.0245893
-3.82 0.0287099
-3.67 0.0298945
-3.57 0.0324364
-3.47 0.0381489
-3.32 0.0375027
-3.17 0.0435197
-3.07 0.0442445
-2.97 0.0474667
-2.825 0.0454725
-2.68 0.0502541
-2.5775 0.0505905
-2.475 0.0534033
-2.325 0.0599163
-2.175 0.0581392
-2.0775 0.0645222
-1.98 0.0749462
-1.8375 0.0687861
-1.695 0.0750751
-1.595 0.0816404
-1.495 0.0806769
-1.3525 0.0832544
-1.21 0.0955132
-1.115 0.0962697
-1.02 0.097262
-0.8825 0.102768
-0.745 0.0859227
-0.655 0.098599
-0.565 0.0925604
-0.4325 0.101897
-0.3 0.100504
-0.2 0.107368
-0.1 0.100083
0 0.100853
