-4.67 0.0638311
-4.57 0.0776258
-4.47 0.0701405
-4.32 0.0796936
-4.17 0.0737061
-4.07 0.0890437
-3.97 0.0927964
-3.82 0.110723
-3.67 0.110352
-3.57 0.133733
-3.47 0.141919
-3.32 0.151251
-3.17 0.164004
-3.07 0.212185
-2.97 0.209265
-2.825 0.183282
-2.68 0.197557
-2.5775 0.229432
-2.475 0.200395
-2.325 0.206479
-2.175 0.183068
-2.0775 0.204104
-1.98 0.274173
-1.8375 0.268559
-1.695 0.278291
-1.595 0.288905
-1.495 0.290856
-1.3525 0.357374
-1.21 0.329439
-1.115 0.294856
-1.02 0.339565
-0.8825 0.377912
-0.745 0.329184
-0.655 0.307976
-0.565 0.351943
-0.4325 0.398753
-0.3 0.371472
-0.2 0.358449
-0.1 0.361615
0 0.385286
0.1 0.33994
0.2 0.366124
0.3 0.366077
0.4325 0.353434
0.565 0.312839
0.655 0.274416
0.745 0.281655
0.8825 0.319326
1.02 0.362524
1.115 0.343371
1.21 0.305427
1.3525 0.284878
1.495 0.285377
1.595 0.255631
1.695 0.285564
1.8375 0.279489
1.98 0.210282
2.0775 0.247799
2.175 0.214675
2.325 0.223595
2.475 0.182722
2.5775 0.196769
2.68 0.17239
2.825 0.166601
2.97 0.164551
3.07 0.163558
3.17 0.170348
3.32 0.149074
3.47 0.14045
3.57 0.119407
3.67 0.137065
3.82 0.0987778
3.97 0.108028
4.07 0.086828
4.17 0.0693357
4.32 0.0778051
4.47 0.0980142
4.57 0.0860333
4.67 0.0730515
