-4.67 6.45476e-05
-4.57 6.85147e-05
-4.47 7.64946e-05
-4.32 7.90347e-05
-4.17 8.7031e-05
-4.07 8.99534e-05
-3.97 0.000104415
-3.82 0.000123051
-3.67 0.000157927
-3.57 0.000174114
-3.47 0.000212262
-3.32 0.000217712
-3.17 0.000242117
-3.07 0.000243641
-2.97 0.000259332
-2.825 0.000271753
-2.68 0.00031231
-2.5775 0.000315255
-2.475 0.000344088
-2.325 0.000361488
-2.175 0.000388511
-2.0775 0.000431291
-1.98 0.00049916
-1.8375 0.000553635
-1.695 0.000594783
-1.595 0.000618412
-1.495 0.000640904
-1.3525 0.000695486
-1.21 0.000719615
-1.115 0.000741737
-1.02 0.000754822
-0.8825 0.000781976
-0.745 0.000792728
-0.655 0.000816611
-0.565 0.00080281
-0.4325 0.000821924
-0.3 0.00080081
-0.2 0.000839488
-0.1 0.000825112
0 0.000871538
