-4.67 358.743 6.58673e-07 6.4907e-07 9.60291e-09
-4.57 363.228 8.65033e-07 8.64981e-07 5.17963e-11
-4.47 367.713 7.95725e-07 7.95657e-07 6.8695e-11
-4.32 371.089 7.56782e-07 7.56741e-07 4.04892e-11
-4.17 374.465 9.00824e-07 9.00745e-07 7.9437e-11
-4.07 380.582 1.11627e-06 1.11618e-06 8.25919e-11
-3.97 386.7 1.19355e-06 1.19346e-06 9.47151e-11
-3.82 403.798 1.78152e-06 1.78134e-06 1.8348e-10
-3.67 420.896 1.99215e-06 1.99177e-06 3.82116e-10
-3.57 435.656 2.59173e-06 2.59125e-06 4.82698e-10
-3.47 450.415 3.78439e-06 3.78351e-06 8.80352e-10
-3.32 463.719 4.6652e-06 4.66441e-06 7.94601e-10
-3.17 477.023 4.46294e-06 4.46194e-06 1.0018e-09
-3.07 481.307 4.72809e-06 4.72631e-06 1.78221e-09
-2.97 485.591 4.87713e-06 4.87525e-06 1.87119e-09
-2.825 489.355 5.35769e-06 5.35597e-06 1.71623e-09
-2.68 493.118 6.47734e-06 6.47554e-06 1.79983e-09
-2.5775 499.686 6.40842e-06 6.40591e-06 2.50969e-09
-2.475 506.254 6.20418e-06 6.20129e-06 2.89312e-09
-2.325 511.904 7.73597e-06 7.73281e-06 3.16127e-09
-2.175 517.554 6.88576e-06 6.88196e-06 3.80269e-09
-2.0775 524.963 6.96964e-06 6.96565e-06 3.99298e-09
-1.98 532.372 8.00595e-06 8.00214e-06 3.80616e-09
-1.8375 544.639 9.74867e-06 9.74263e-06 6.03624e-09
-1.695 556.907 1.17683e-05 1.176e-05 8.26696e-09
-1.595 563.791 1.2482e-05 1.2474e-05 8.06387e-09
-1.495 570.675 1.43806e-05 1.43679e-05 1.26618e-08
-1.3525 576.159 1.22916e-05 1.22792e-05 1.24116e-08
-1.21 581.643 1.59856e-05 1.59706e-05 1.49156e-08
-1.115 584.263 1.71036e-05 1.70869e-05 1.66238e-08
-1.02 586.882 1.61982e-05 1.61847e-05 1.346e-08
-0.8825 589.807 1.67137e-05 1.66983e-05 1.53564e-08
-0.745 592.733 1.58465e-05 1.58311e-05 1.54412e-08
-0.655 592.305 1.54433e-05 1.54255e-05 1.78081e-08
-0.565 591.878 1.52823e-05 1.52694e-05 1.29666e-08
-0.4325 593.942 1.73763e-05 1.73628e-05 1.35134e-08
-0.3 596.006 1.54408e-05 1.54232e-05 1.75619e-08
-0.2 596.843 1.59573e-05 1.59391e-05 1.82372e-08
-0.1 597.68 1.53027e-05 1.52845e-05 1.8188e-08
0 597.68 1.79251e-05 1.79096e-05 1.55487e-08
