-4.67 784.47 6.98261e-05 6.95422e-05 2.8387e-07
-4.57 795.62 8.00814e-05 7.97602e-05 3.21136e-07
-4.47 806.769 8.54267e-05 8.50344e-05 3.92307e-07
-4.32 816.932 9.34036e-05 9.30679e-05 3.35687e-07
-4.17 827.094 9.58038e-05 9.53812e-05 4.22574e-07
-4.07 842.397 9.75485e-05 9.69967e-05 5.51829e-07
-3.97 857.7 0.000116344 0.000115584 7.59307e-07
-3.82 897.626 0.000150241 0.000149099 1.1424e-06
-3.67 937.552 0.000187605 0.000186099 1.50577e-06
-3.57 968.841 0.00021642 0.000214548 1.87175e-06
-3.47 1000.13 0.000247111 0.000245061 2.04934e-06
-3.32 1021.28 0.000266946 0.00026395 2.99615e-06
-3.17 1042.42 0.00031559 0.000312055 3.53527e-06
-3.07 1054.89 0.00032499 0.000321714 3.27617e-06
-2.97 1067.36 0.000329104 0.000324912 4.19282e-06
-2.825 1077.45 0.000364954 0.000360871 4.0829e-06
-2.68 1087.54 0.000383735 0.000378985 4.74974e-06
-2.5775 1104.82 0.000423394 0.000418041 5.35322e-06
-2.475 1122.1 0.000455304 0.000448617 6.68696e-06
-2.325 1136.78 0.000461692 0.000454293 7.3986e-06
-2.175 1151.47 0.000573023 0.000564894 8.12905e-06
-2.0775 1176.44 0.000545997 0.000537095 8.90151e-06
-1.98 1201.41 0.000646409 0.000635468 1.09414e-05
-1.8375 1234.56 0.000708282 0.000696849 1.14339e-05
-1.695 1267.71 0.000802963 0.000786204 1.67591e-05
-1.595 1285.09 0.000791385 0.000773568 1.78177e-05
-1.495 1302.47 0.000873297 0.000851054 2.22427e-05
-1.3525 1316.21 0.000882999 0.00086321 1.97883e-05
-1.21 1329.95 0.00101606 0.000990884 2.51774e-05
-1.115 1335.78 0.000962855 0.000940381 2.24736e-05
-1.02 1341.6 0.00106548 0.00104176 2.37289e-05
-0.8825 1348.44 0.0010403 0.00101487 2.54235e-05
-0.745 1355.29 0.00111012 0.00108325 2.68697e-05
-0.655 1356.35 0.00109905 0.0010742 2.48543e-05
-0.565 1357.41 0.00118067 0.00115415 2.65252e-05
-0.4325 1362.16 0.0011115 0.00108165 2.98487e-05
-0.3 1366.92 0.00111341 0.00108354 2.9864e-05
-0.2 1369.16 0.00118519 0.0011562 2.89901e-05
-0.1 1371.4 0.00120254 0.00117289 2.9656e-05
0 1371.4 0.0011804 0.00115325 2.71484e-05
