-4.67 35.5852 2.88487e-16 2.88487e-16 5.28326e-35
-4.57 36.0783 8.59543e-14 8.59543e-14 5.14492e-35
-4.47 36.5714 1.79785e-16 1.79785e-16 4.14234e-34
-4.32 36.6301 7.94151e-15 7.94151e-15 5.03495e-34
-4.17 36.6888 2.37552e-16 2.37552e-16 1.70407e-34
-4.07 37.0444 6.13454e-17 6.13454e-17 3.14458e-34
-3.97 37.4 1.30972e-16 1.30972e-16 1.77699e-33
-3.82 38.6966 2.26688e-16 2.26688e-16 1.12891e-33
-3.67 39.9933 2.96073e-16 2.96073e-16 5.87076e-33
-3.57 41.1866 5.43603e-16 5.43603e-16 5.3835e-32
-3.47 42.3799 3.5745e-16 3.5745e-16 4.52573e-32
-3.32 43.9866 2.51625e-15 2.51625e-15 1.22756e-31
-3.17 45.5934 2.17614e-15 2.17614e-15 1.58316e-30
-3.07 45.9344 1.69396e-15 1.69396e-15 4.41304e-31
-2.97 46.2755 3.30584e-15 3.30584e-15 8.06574e-31
-2.825 46.2983 3.76669e-15 3.76669e-15 5.80363e-31
-2.68 46.3211 4.75343e-15 4.75343e-15 1.96687e-30
-2.5775 46.5796 1.83869e-15 1.83869e-15 2.01288e-30
-2.475 46.8381 1.75642e-15 1.75642e-15 1.01934e-30
-2.325 47.1377 1.00857e-14 1.00857e-14 7.70171e-31
-2.175 47.4374 4.30388e-15 4.30388e-15 2.08277e-30
-2.0775 47.5326 2.14758e-15 2.14758e-15 8.11622e-31
-1.98 47.6279 3.53001e-15 3.53001e-15 1.85844e-30
-1.8375 48.2089 8.96798e-15 8.96798e-15 1.24809e-29
-1.695 48.7899 4.43096e-15 4.43096e-15 1.6714e-29
-1.595 49.2905 3.69193e-15 3.69193e-15 1.04627e-29
-1.495 49.7911 1.02614e-14 1.02614e-14 7.76205e-30
-1.3525 50.4145 1.48053e-14 1.48053e-14 1.73243e-29
-1.21 51.038 1.72751e-14 1.72751e-14 1.44786e-29
-1.115 51.1244 8.64551e-15 8.64551e-15 1.5213e-29
-1.02 51.2109 1.61437e-14 1.61437e-14 9.06784e-29
-0.8825 51.3549 1.22789e-14 1.22789e-14 3.00139e-29
-0.745 51.4989 9.40262e-15 9.40262e-15 1.56161e-29
-0.655 51.2711 1.09812e-14 1.09812e-14 4.10703e-29
-0.565 51.0433 1.19409e-14 1.19409e-14 3.10724e-29
-0.4325 51.1156 1.4085e-14 1.4085e-14 5.43391e-29
-0.3 51.1879 1.31601e-14 1.31601e-14 6.03738e-29
-0.2 51.1989 9.98895e-15 9.98895e-15 3.89586e-29
-0.1 51.2098 1.28026e-14 1.28026e-14 2.78092e-29
0 51.2098 1.11122e-14 1.11122e-14 2.30093e-29
