-4.67 73.5627 7.43827e-13 7.43827e-13 9.17887e-25
-4.57 74.302 1.42865e-12 1.42865e-12 1.40534e-24
-4.47 75.0413 9.0013e-13 9.0013e-13 9.73487e-23
-4.32 75.3062 1.00219e-12 1.00219e-12 2.74237e-23
-4.17 75.571 2.21925e-12 2.21925e-12 3.30331e-24
-4.07 76.4355 1.71448e-12 1.71448e-12 6.23066e-23
-3.97 77.3 1.68208e-12 1.68208e-12 1.43337e-23
-3.82 80.3224 2.64166e-12 2.64166e-12 2.24203e-23
-3.67 83.3447 5.7407e-12 5.7407e-12 2.30983e-23
-3.57 86.0996 5.31521e-12 5.31521e-12 1.14211e-22
-3.47 88.8546 8.27801e-12 8.27801e-12 2.86427e-22
-3.32 92.0795 1.02717e-11 1.02717e-11 1.40168e-21
-3.17 95.3043 1.0768e-11 1.0768e-11 8.16173e-22
-3.07 95.9899 1.28406e-11 1.28406e-11 2.08761e-21
-2.97 96.6756 1.7186e-11 1.7186e-11 3.46044e-21
-2.825 97.0756 2.68511e-11 2.68511e-11 1.66275e-21
-2.68 97.4757 1.90168e-11 1.90168e-11 7.0685e-22
-2.5775 98.2451 2.9822e-11 2.9822e-11 2.27729e-21
-2.475 99.0146 2.4016e-11 2.4016e-11 5.77751e-21
-2.325 99.5803 2.67384e-11 2.67384e-11 2.41196e-21
-2.175 100.146 2.80621e-11 2.80621e-11 3.06903e-21
-2.0775 100.608 2.42998e-11 2.42998e-11 3.05807e-21
-1.98 101.069 3.5865e-11 3.5865e-11 5.38055e-21
-1.8375 102.728 2.9253e-11 2.9253e-11 1.48931e-20
-1.695 104.388 3.61074e-11 3.61074e-11 9.79538e-21
-1.595 105.572 5.75332e-11 5.75332e-11 1.31195e-20
-1.495 106.755 3.82911e-11 3.82911e-11 1.77885e-20
-1.3525 107.963 5.93584e-11 5.93584e-11 2.09886e-20
-1.21 109.171 8.34429e-11 8.34429e-11 1.01372e-20
-1.115 109.454 8.42563e-11 8.42563e-11 2.47535e-20
-1.02 109.738 5.98412e-11 5.98412e-11 5.25574e-20
-0.8825 110.172 1.00793e-10 1.00793e-10 3.44591e-20
-0.745 110.607 5.76001e-11 5.76001e-11 8.67699e-20
-0.655 110.273 8.69707e-11 8.69707e-11 7.17037e-20
-0.565 109.939 8.34988e-11 8.34988e-11 7.36554e-20
-0.4325 110.117 9.8811e-11 9.8811e-11 2.90544e-20
-0.3 110.295 7.94881e-11 7.94881e-11 4.96604e-20
-0.2 110.422 6.38298e-11 6.38298e-11 4.99949e-20
-0.1 110.548 7.14701e-11 7.14701e-11 3.31979e-20
0 110.548 5.24102e-11 5.24102e-11 7.90827e-20
