-4.67 228.662 4.01501e-08 4.015e-08 4.62069e-14
-4.57 231.139 3.0531e-08 3.05309e-08 1.03419e-13
-4.47 233.617 4.51969e-08 4.51968e-08 1.17572e-13
-4.32 235.649 4.25471e-08 4.2547e-08 1.09598e-13
-4.17 237.68 4.68724e-08 4.68724e-08 8.39262e-14
-4.07 241.19 5.27677e-08 5.27675e-08 1.73897e-13
-3.97 244.7 5.13083e-08 5.13081e-08 1.94132e-13
-3.82 255.304 7.03516e-08 7.03512e-08 3.69594e-13
-3.67 265.909 9.47603e-08 9.47594e-08 8.45852e-13
-3.57 274.988 1.322e-07 1.26798e-07 5.40158e-09
-3.47 284.068 1.30914e-07 1.30913e-07 1.21717e-12
-3.32 293.678 2.6541e-07 2.65408e-07 2.73119e-12
-3.17 303.287 2.30334e-07 2.3033e-07 3.54869e-12
-3.07 305.711 2.77119e-07 2.77113e-07 5.92815e-12
-2.97 308.135 2.47268e-07 2.47262e-07 6.1084e-12
-2.825 310.2 2.91634e-07 2.91629e-07 4.8121e-12
-2.68 312.264 2.64739e-07 2.64733e-07 5.71647e-12
-2.5775 316.238 2.39846e-07 2.39836e-07 9.82986e-12
-2.475 320.211 3.53554e-07 3.53542e-07 1.17814e-11
-2.325 323.451 3.85311e-07 3.85302e-07 8.48559e-12
-2.175 326.69 5.58241e-07 5.58228e-07 1.33444e-11
-2.0775 330.399 4.52867e-07 4.52846e-07 2.07021e-11
-1.98 334.109 5.26359e-07 5.26344e-07 1.46075e-11
-1.8375 339.882 5.87086e-07 5.87062e-07 2.36904e-11
-1.695 345.656 6.44598e-07 6.44573e-07 2.44525e-11
-1.595 349.539 6.77876e-07 6.77847e-07 2.97969e-11
-1.495 353.423 6.96169e-07 6.96117e-07 5.17535e-11
-1.3525 356.827 1.0137e-06 1.01366e-06 4.19915e-11
-1.21 360.231 7.69324e-07 7.69289e-07 3.51554e-11
-1.115 361.774 8.17823e-07 8.17771e-07 5.18219e-11
-1.02 363.318 7.77103e-07 7.77061e-07 4.25038e-11
-0.8825 364.993 8.69367e-07 8.69296e-07 7.13814e-11
-0.745 366.668 8.60949e-07 8.609e-07 4.86408e-11
-0.655 366.361 8.4836e-07 8.48318e-07 4.15583e-11
-0.565 366.053 1.00588e-06 1.00583e-06 4.95231e-11
-0.4325 367.062 9.5099e-07 9.50922e-07 6.74683e-11
-0.3 368.071 8.14398e-07 8.14339e-07 5.93484e-11
-0.2 368.379 9.71202e-07 9.7114e-07 6.18063e-11
-0.1 368.687 8.07896e-07 8.07833e-07 6.32399e-11
0 368.687 8.53871e-07 8.53805e-07 6.67373e-11
