-4.67 35.5852 2.80255e-12 2.80255e-12 8.24838e-23
-4.57 36.0783 4.46493e-12 4.46493e-12 5.05223e-22
-4.47 36.5714 4.75736e-12 4.75736e-12 6.09074e-22
-4.32 36.6301 1.62514e-12 1.62514e-12 3.14456e-22
-4.17 36.6888 4.48822e-12 4.48822e-12 4.66161e-22
-4.07 37.0444 2.32416e-12 2.32416e-12 1.1351e-21
-3.97 37.4 2.52329e-12 2.52329e-12 2.32494e-22
-3.82 38.6966 6.39798e-12 6.39798e-12 1.00771e-21
-3.67 39.9933 1.41442e-11 1.41442e-11 1.57206e-21
-3.57 41.1866 1.48757e-11 1.48757e-11 1.05179e-20
-3.47 42.3799 2.02508e-11 2.02508e-11 2.44692e-20
-3.32 43.9866 1.76824e-11 1.76824e-11 2.07865e-20
-3.17 45.5934 2.46477e-11 2.46477e-11 3.45951e-20
-3.07 45.9344 2.90398e-11 2.90398e-11 8.37715e-20
-2.97 46.2755 3.1012e-11 3.1012e-11 8.68927e-20
-2.825 46.2983 3.16542e-11 3.16542e-11 1.08229e-19
-2.68 46.3211 1.78977e-11 1.78977e-11 6.2586e-20
-2.5775 46.5796 5.15333e-11 5.15333e-11 9.73142e-20
-2.475 46.8381 3.46515e-11 3.46515e-11 6.26153e-20
-2.325 47.1377 5.14294e-11 5.14294e-11 1.22872e-19
-2.175 47.4374 3.5411e-11 3.5411e-11 1.56982e-19
-2.0775 47.5326 4.28068e-11 4.28068e-11 1.37153e-19
-1.98 47.6279 6.71662e-11 6.71662e-11 1.11535e-19
-1.8375 48.2089 2.95901e-11 2.95901e-11 9.17949e-20
-1.695 48.7899 3.86673e-11 3.86673e-11 2.26592e-19
-1.595 49.2905 5.70095e-11 5.70095e-11 1.58801e-19
-1.495 49.7911 3.52989e-11 3.52989e-11 3.15276e-19
-1.3525 50.4145 1.07924e-10 1.07924e-10 4.93787e-19
-1.21 51.038 9.88862e-11 9.88862e-11 4.52411e-19
-1.115 51.1244 1.44786e-10 1.44786e-10 5.62908e-19
-1.02 51.2109 8.79924e-11 8.79924e-11 3.74173e-19
-0.8825 51.3549 1.08946e-10 1.08946e-10 5.27395e-19
-0.745 51.4989 7.68768e-11 7.68768e-11 5.8338e-19
-0.655 51.2711 2.22056e-11 2.22056e-11 6.23962e-19
-0.565 51.0433 1.03166e-10 1.03166e-10 7.99144e-19
-0.4325 51.1156 5.53654e-11 5.53654e-11 4.86253e-19
-0.3 51.1879 8.94186e-11 8.94186e-11 3.54755e-19
-0.2 51.1989 1.34352e-10 1.34352e-10 8.60566e-19
-0.1 51.2098 1.76939e-10 1.76939e-10 4.09139e-19
0 51.2098 1.163e-10 1.163e-10 1.18304e-18
