-4.67 73.5627 2.95218e-06 2.34047e-09 2.94984e-06
-4.57 74.302 1.71933e-09 1.71933e-09 6.96307e-16
-4.47 75.0413 1.9089e-09 1.9089e-09 9.37183e-16
-4.32 75.3062 3.30548e-09 3.30548e-09 1.90006e-15
-4.17 75.571 2.3897e-09 2.3897e-09 1.29466e-15
-4.07 76.4355 1.78588e-09 1.78588e-09 3.85402e-15
-3.97 77.3 3.07725e-09 3.07725e-09 2.31559e-15
-3.82 80.3224 5.6818e-09 5.68179e-09 2.58862e-15
-3.67 83.3447 4.22545e-09 4.22545e-09 5.92409e-15
-3.57 86.0996 6.52062e-09 6.52061e-09 9.53213e-15
-3.47 88.8546 7.27762e-09 7.27761e-09 1.51899e-14
-3.32 92.0795 9.3744e-09 9.37439e-09 1.56589e-14
-3.17 95.3043 2.03507e-08 2.03507e-08 9.28404e-14
-3.07 95.9899 1.08016e-08 1.08016e-08 4.73553e-14
-2.97 96.6756 1.48718e-08 1.48717e-08 9.45908e-14
-2.825 97.0756 1.81868e-08 1.81867e-08 1.23528e-13
-2.68 97.4757 1.54159e-08 1.54159e-08 3.83781e-14
-2.5775 98.2451 1.84159e-08 1.84158e-08 1.54318e-13
-2.475 99.0146 1.61505e-08 1.61504e-08 8.99336e-14
-2.325 99.5803 2.26215e-08 2.26213e-08 1.53503e-13
-2.175 100.146 2.13246e-08 2.13245e-08 7.98423e-14
-2.0775 100.608 1.71912e-08 1.71911e-08 1.11239e-13
-1.98 101.069 1.91988e-08 1.91987e-08 7.88851e-14
-1.8375 102.728 1.82821e-08 1.8282e-08 1.33836e-13
-1.695 104.388 2.6962e-08 2.69618e-08 2.21803e-13
-1.595 105.572 4.97117e-08 4.97114e-08 3.01253e-13
-1.495 106.755 3.28863e-08 3.28858e-08 5.02166e-13
-1.3525 107.963 2.58585e-08 2.58581e-08 4.40611e-13
-1.21 109.171 3.21634e-08 3.2163e-08 4.21364e-13
-1.115 109.454 4.00832e-08 4.00826e-08 5.78913e-13
-1.02 109.738 3.63634e-08 3.6363e-08 3.22308e-13
-0.8825 110.172 4.52281e-08 4.52276e-08 4.54243e-13
-0.745 110.607 4.41965e-08 4.4196e-08 5.13853e-13
-0.655 110.273 4.74892e-08 4.74887e-08 4.14205e-13
-0.565 109.939 3.65284e-08 3.6528e-08 3.98094e-13
-0.4325 110.117 3.37185e-08 3.37181e-08 4.14422e-13
-0.3 110.295 4.0352e-08 4.03514e-08 6.00595e-13
-0.2 110.422 4.00822e-08 4.00819e-08 3.31264e-13
-0.1 110.548 3.30816e-08 3.30811e-08 4.43529e-13
0 110.548 5.29819e-08 5.29815e-08 4.02871e-13
