-4.67 1240 0.00964672 0.00795502 0.00169171
-4.57 1260 0.0107987 0.00882793 0.00197073
-4.47 1280 0.0111856 0.00900733 0.00217825
-4.32 1300 0.0131385 0.0108787 0.00225984
-4.17 1320 0.0132262 0.0107613 0.00246497
-4.07 1345 0.0139615 0.0112304 0.00273106
-3.97 1370 0.015139 0.0119708 0.00316821
-3.82 1435 0.018096 0.0145102 0.00358581
-3.67 1500 0.0206701 0.0158569 0.00481318
-3.57 1550 0.0241253 0.0184775 0.00564776
-3.47 1600 0.0269641 0.0206667 0.00629745
-3.32 1625 0.029158 0.0217695 0.00738854
-3.17 1650 0.0291699 0.0216453 0.00752458
-3.07 1665 0.0311395 0.0228841 0.00825534
-2.97 1680 0.032397 0.0238058 0.00859124
-2.825 1705 0.0335271 0.025029 0.00849809
-2.68 1730 0.0368581 0.02642 0.0104382
-2.5775 1765 0.0402887 0.0288203 0.0114683
-2.475 1800 0.0422952 0.031 0.0112952
-2.325 1830 0.044908 0.0317074 0.0132006
-2.175 1860 0.0463837 0.0330347 0.013349
-2.0775 1905 0.0496825 0.0336194 0.0160631
-1.98 1950 0.0538292 0.0353932 0.018436
-1.8375 1990 0.0605954 0.0420515 0.0185439
-1.695 2030 0.0633639 0.0416231 0.0217409
-1.595 2055 0.0661464 0.0434515 0.0226949
-1.495 2080 0.0698445 0.0469584 0.0228861
-1.3525 2110 0.0748288 0.0493437 0.0254852
-1.21 2140 0.0713002 0.0480755 0.0232247
-1.115 2155 0.0807181 0.0541627 0.0265554
-1.02 2170 0.0831907 0.0551507 0.02804
-0.8825 2185 0.082978 0.0538705 0.0291075
-0.745 2200 0.0886235 0.0586432 0.0299804
-0.655 2205 0.0855463 0.0560101 0.0295362
-0.565 2210 0.08446 0.0556394 0.0288206
-0.4325 2220 0.0876797 0.0560104 0.0316693
-0.3 2230 0.0864248 0.054724 0.0317007
-0.2 2235 0.0953211 0.0618251 0.033496
-0.1 2240 0.0909848 0.0587171 0.0322677
0 2240 0.0887825 0.0558538 0.0329287
0.1 2240 0.0909341 0.0578399 0.0330942
0.2 2235 0.0900841 0.0582473 0.0318368
0.3 2230 0.0887677 0.0581135 0.0306542
0.4325 2220 0.0876226 0.0550149 0.0326077
0.565 2210 0.0864278 0.0567236 0.0297042
0.655 2205 0.0852379 0.0562902 0.0289477
0.745 2200 0.0796599 0.0497757 0.0298842
0.8825 2185 0.0875791 0.058748 0.0288311
1.02 2170 0.080038 0.052074 0.027964
1.115 2155 0.0768409 0.0493508 0.02749
1.21 2140 0.0756838 0.0500753 0.0256086
1.3525 2110 0.0713722 0.0473759 0.0239963
1.495 2080 0.0675341 0.045417 0.0221171
1.595 2055 0.0677333 0.047179 0.0205543
1.695 2030 0.0636171 0.0425205 0.0210966
1.8375 1990 0.0626078 0.0436904 0.0189173
1.98 1950 0.0563684 0.0398338 0.0165345
2.0775 1905 0.0518136 0.0366521 0.0151614
2.175 1860 0.0456814 0.032225 0.0134563
2.325 1830 0.0445358 0.0324547 0.0120811
2.475 1800 0.0410677 0.0292299 0.0118378
2.5775 1765 0.0391693 0.0280842 0.0110851
2.68 1730 0.0372048 0.0275643 0.00964046
2.825 1705 0.0367115 0.026856 0.00985548
2.97 1680 0.0318251 0.0237511 0.00807394
3.07 1665 0.0286887 0.020752 0.00793668
3.17 1650 0.0288963 0.0212094 0.00768691
3.32 1625 0.0281844 0.0212362 0.00694818
3.47 1600 0.0260479 0.0195074 0.00654051
3.57 1550 0.0232828 0.017716 0.0055668
3.67 1500 0.0212281 0.0165462 0.00468188
3.82 1435 0.019915 0.0164132 0.00350188
3.97 1370 0.0146843 0.0117859 0.00289841
4.07 1345 0.0136327 0.010793 0.00283964
4.17 1320 0.0135097 0.0109482 0.00256148
4.32 1300 0.0123237 0.00995154 0.00237219
4.47 1280 0.0126538 0.0106101 0.0020437
4.57 1260 0.0107383 0.00881904 0.00191922
4.67 1240 0.0103557 0.00872538 0.00163028
