-4.67 358.743 5.16475e-05 5.12627e-05 3.84808e-07
-4.57 363.228 5.52043e-05 5.48643e-05 3.39978e-07
-4.47 367.713 5.199e-05 5.15876e-05 4.02398e-07
-4.32 371.089 6.39689e-05 6.35614e-05 4.07475e-07
-4.17 374.465 5.40551e-05 5.36207e-05 4.34424e-07
-4.07 380.582 5.54872e-05 5.4029e-05 1.45822e-06
-3.97 386.7 6.28143e-05 6.21651e-05 6.49226e-07
-3.82 403.798 8.49469e-05 8.39997e-05 9.47215e-07
-3.67 420.896 0.000107996 0.000106699 1.29748e-06
-3.57 435.656 0.000126247 0.000124957 1.28995e-06
-3.47 450.415 0.000137395 0.000135029 2.36624e-06
-3.32 463.719 0.000143612 0.000141327 2.28555e-06
-3.17 477.023 0.000174718 0.000170651 4.06699e-06
-3.07 481.307 0.000192109 0.000187964 4.14577e-06
-2.97 485.591 0.000172944 0.00016836 4.58384e-06
-2.825 489.355 0.000200486 0.000196243 4.24325e-06
-2.68 493.118 0.000228757 0.000224928 3.82979e-06
-2.5775 499.686 0.000207427 0.000203079 4.34769e-06
-2.475 506.254 0.000255382 0.000249106 6.27622e-06
-2.325 511.904 0.000256295 0.000248731 7.56394e-06
-2.175 517.554 0.00026985 0.000263426 6.42472e-06
-2.0775 524.963 0.000285443 0.000278493 6.9498e-06
-1.98 532.372 0.000303637 0.00029419 9.44678e-06
-1.8375 544.639 0.000350203 0.000341296 8.90682e-06
-1.695 556.907 0.000379996 0.000367161 1.28353e-05
-1.595 563.791 0.000370054 0.000357112 1.29423e-05
-1.495 570.675 0.000418396 0.000404909 1.34864e-05
-1.3525 576.159 0.000399675 0.000385295 1.43801e-05
-1.21 581.643 0.000433579 0.000419413 1.41658e-05
-1.115 584.263 0.000405863 0.000390599 1.52647e-05
-1.02 586.882 0.000473382 0.000459762 1.36202e-05
-0.8825 589.807 0.000426189 0.000410522 1.56671e-05
-0.745 592.733 0.000484629 0.00046611 1.85193e-05
-0.655 592.305 0.00047616 0.000460229 1.59302e-05
-0.565 591.878 0.000523568 0.000507371 1.61965e-05
-0.4325 593.942 0.000453777 0.000437398 1.63793e-05
-0.3 596.006 0.000488595 0.000469566 1.90288e-05
-0.2 596.843 0.000513755 0.000494846 1.89094e-05
-0.1 597.68 0.000518879 0.000496688 2.21912e-05
0 597.68 0.000417812 0.000401342 1.64703e-05
