-4.67 536.27 0.000346043 0.000337383 8.66005e-06
-4.57 543.62 0.000350042 0.000342946 7.09598e-06
-4.47 550.969 0.000346442 0.000335548 1.08947e-05
-4.32 557.38 0.000356565 0.000346165 1.03994e-05
-4.17 563.792 0.00037283 0.000361392 1.14373e-05
-4.07 573.196 0.000410245 0.000394197 1.60476e-05
-3.97 582.6 0.000423227 0.0004071 1.61265e-05
-3.82 609.516 0.000577007 0.000551732 2.52753e-05
-3.67 636.432 0.000696342 0.000673048 2.32947e-05
-3.57 658.587 0.000749705 0.000710004 3.97011e-05
-3.47 680.741 0.000889714 0.000844459 4.52547e-05
-3.32 698.891 0.000973989 0.000924197 4.97921e-05
-3.17 717.042 0.00114472 0.00107938 6.53396e-05
-3.07 723.696 0.00118282 0.00110618 7.66385e-05
-2.97 730.349 0.00121687 0.00113582 8.10535e-05
-2.825 736.75 0.00129445 0.00120431 9.01364e-05
-2.68 743.151 0.00129497 0.00123013 6.48458e-05
-2.5775 753.834 0.00134684 0.00124935 9.74827e-05
-2.475 764.518 0.00152078 0.00141558 0.000105198
-2.325 773.516 0.0015794 0.00146384 0.000115561
-2.175 782.515 0.00159376 0.00146035 0.000133411
-2.0775 797.676 0.00173751 0.00160892 0.000128589
-1.98 812.836 0.00186776 0.00171208 0.000155672
-1.8375 832.944 0.00181508 0.00164865 0.000166434
-1.695 853.051 0.00226283 0.00205514 0.000207686
-1.595 864.147 0.00254789 0.00232374 0.000224156
-1.495 875.242 0.00237604 0.00211369 0.000262354
-1.3525 884.468 0.00277886 0.00255101 0.000227848
-1.21 893.695 0.00264313 0.00234605 0.000297084
-1.115 897.633 0.0026614 0.00239333 0.000268074
-1.02 901.571 0.00287642 0.0025725 0.000303915
-0.8825 906.226 0.00269894 0.00244121 0.000257734
-0.745 910.88 0.00314715 0.00284966 0.000297485
-0.655 910.847 0.00297335 0.00264666 0.000326685
-0.565 910.814 0.00293623 0.00265563 0.000280606
-0.4325 914.032 0.00326045 0.00296752 0.000292931
-0.3 917.25 0.00302227 0.00271714 0.000305139
-0.2 918.7 0.00313706 0.00282444 0.000312627
-0.1 920.151 0.00336041 0.00304204 0.000318368
0 920.151 0.00275116 0.00247554 0.000275622
