-4.67 228.662 4.64719e-06 4.6419e-06 5.2894e-09
-4.57 231.139 4.19097e-06 4.18778e-06 3.18808e-09
-4.47 233.617 4.76438e-06 4.75856e-06 5.81101e-09
-4.32 235.649 4.36208e-06 4.35515e-06 6.93107e-09
-4.17 237.68 4.9888e-06 4.98072e-06 8.08041e-09
-4.07 241.19 5.24641e-06 5.23575e-06 1.06574e-08
-3.97 244.7 5.87795e-06 5.86606e-06 1.1888e-08
-3.82 255.304 7.64712e-06 7.63422e-06 1.28976e-08
-3.67 265.909 7.23248e-06 7.20968e-06 2.28019e-08
-3.57 274.988 1.02198e-05 1.01973e-05 2.25178e-08
-3.47 284.068 1.06607e-05 1.06239e-05 3.67963e-08
-3.32 293.678 1.83731e-05 1.83258e-05 4.72558e-08
-3.17 303.287 1.89485e-05 1.8897e-05 5.15021e-08
-3.07 305.711 1.85353e-05 1.84752e-05 6.00664e-08
-2.97 308.135 2.32949e-05 2.32282e-05 6.67002e-08
-2.825 310.2 2.31976e-05 2.31006e-05 9.70088e-08
-2.68 312.264 2.01047e-05 2.00133e-05 9.14035e-08
-2.5775 316.238 2.45407e-05 2.4443e-05 9.76934e-08
-2.475 320.211 2.63517e-05 2.62141e-05 1.37586e-07
-2.325 323.451 2.32738e-05 2.31602e-05 1.13569e-07
-2.175 326.69 2.75789e-05 2.73988e-05 1.80084e-07
-2.0775 330.399 2.78446e-05 2.77005e-05 1.44091e-07
-1.98 334.109 2.5866e-05 2.57127e-05 1.53288e-07
-1.8375 339.882 3.23226e-05 3.21323e-05 1.90208e-07
-1.695 345.656 3.91439e-05 3.88378e-05 3.06087e-07
-1.595 349.539 3.26713e-05 3.24576e-05 2.13683e-07
-1.495 353.423 4.36706e-05 4.3423e-05 2.47567e-07
-1.3525 356.827 3.76075e-05 3.73385e-05 2.68959e-07
-1.21 360.231 4.64132e-05 4.60793e-05 3.33978e-07
-1.115 361.774 4.7431e-05 4.70784e-05 3.52571e-07
-1.02 363.318 5.1121e-05 5.079e-05 3.31039e-07
-0.8825 364.993 4.27991e-05 4.24153e-05 3.83821e-07
-0.745 366.668 5.23075e-05 5.19444e-05 3.63144e-07
-0.655 366.361 5.53708e-05 5.48854e-05 4.85449e-07
-0.565 366.053 5.40363e-05 5.36627e-05 3.73587e-07
-0.4325 367.062 4.68613e-05 4.65341e-05 3.2717e-07
-0.3 368.071 5.41417e-05 5.37911e-05 3.50618e-07
-0.2 368.379 5.76285e-05 5.71613e-05 4.67242e-07
-0.1 368.687 4.32463e-05 4.28448e-05 4.01525e-07
0 368.687 4.84198e-05 4.80676e-05 3.52167e-07
