-3.17 1650 2.80233e-05 2.15323e-05 6.49091e-06
-3.07 1665 3.27889e-05 2.6929e-05 5.85983e-06
-2.97 1680 1.72842e-05 1.11436e-05 6.14052e-06
-2.825 1705 3.4291e-05 2.27919e-05 1.1499e-05
-2.68 1730 3.14785e-05 2.33197e-05 8.15873e-06
-2.5775 1765 2.43412e-05 1.72871e-05 7.05418e-06
-2.475 1800 3.71695e-05 2.70477e-05 1.01218e-05
-2.325 1830 2.98835e-05 1.84003e-05 1.14832e-05
-2.175 1860 3.08063e-05 2.07613e-05 1.0045e-05
-2.0775 1905 3.98703e-05 1.73302e-05 2.25401e-05
-1.98 1950 3.54133e-05 2.33507e-05 1.20626e-05
-1.8375 1990 4.55747e-05 3.07757e-05 1.47989e-05
-1.695 2030 4.379e-05 2.95029e-05 1.42871e-05
-1.595 2055 6.09076e-05 3.53857e-05 2.55218e-05
-1.495 2080 4.79494e-05 2.97515e-05 1.81979e-05
-1.3525 2110 6.03823e-05 4.33038e-05 1.70784e-05
-1.21 2140 5.80137e-05 3.97968e-05 1.82169e-05
-1.115 2155 6.28399e-05 3.78535e-05 2.49864e-05
-1.02 2170 4.58496e-05 2.78644e-05 1.79851e-05
-0.8825 2185 6.43492e-05 3.35058e-05 3.08435e-05
-0.745 2200 0.000100164 7.69004e-05 2.32636e-05
-0.655 2205 8.12464e-05 6.34411e-05 1.78054e-05
-0.565 2210 4.43233e-05 2.64073e-05 1.7916e-05
-0.4325 2220 6.93471e-05 4.82381e-05 2.1109e-05
-0.3 2230 8.29839e-05 6.3955e-05 1.90288e-05
-0.2 2235 6.96553e-05 4.8539e-05 2.11163e-05
-0.1 2240 8.07028e-05 6.3674e-05 1.70288e-05
0 2240 8.22863e-05 5.49747e-05 2.73116e-05
0.1 2240 7.65535e-05 4.96276e-05 2.69259e-05
0.2 2235 8.61982e-05 5.39746e-05 3.22235e-05
0.3 2230 7.93313e-05 6.00707e-05 1.92606e-05
0.4325 2220 7.46695e-05 4.44709e-05 3.01986e-05
0.565 2210 7.05616e-05 4.79088e-05 2.26528e-05
0.655 2205 7.13766e-05 4.76367e-05 2.374e-05
0.745 2200 5.93375e-05 3.93686e-05 1.99688e-05
0.8825 2185 5.17817e-05 3.11404e-05 2.06413e-05
1.02 2170 5.07588e-05 3.16979e-05 1.90609e-05
1.115 2155 5.54088e-05 3.45383e-05 2.08705e-05
1.21 2140 7.23426e-05 6.11389e-05 1.12038e-05
1.3525 2110 7.14106e-05 4.64813e-05 2.49293e-05
1.495 2080 5.24749e-05 3.94833e-05 1.29916e-05
1.595 2055 4.9539e-05 3.14265e-05 1.81125e-05
1.695 2030 5.37904e-05 3.33158e-05 2.04746e-05
1.8375 1990 3.94918e-05 2.74561e-05 1.20356e-05
1.98 1950 4.0745e-05 2.91993e-05 1.15458e-05
2.0775 1905 4.12032e-05 2.62223e-05 1.49809e-05
2.175 1860 3.74426e-05 2.58037e-05 1.16389e-05
2.325 1830 2.99197e-05 2.17937e-05 8.126e-06
2.475 1800 4.47051e-05 2.98321e-05 1.48731e-05
2.5775 1765 4.11956e-05 2.32077e-05 1.79879e-05
2.68 1730 3.99973e-05 3.30468e-05 6.95051e-06
2.825 1705 2.4379e-05 1.33922e-05 1.09868e-05
2.97 1680 2.50123e-05 2.00128e-05 4.99951e-06
3.07 1665 2.97024e-05 1.90588e-05 1.06436e-05
3.17 1650 2.76669e-05 2.0473e-05 7.19395e-06
3.32 1625 1.45553e-05 1.02935e-05 4.26188e-06
3.47 1600 2.48553e-05 1.86244e-05 6.23086e-06
3.57 1550 1.73417e-05 1.33541e-05 3.98762e-06
3.67 1500 1.92733e-05 1.49891e-05 4.28419e-06
3.82 1435 1.51029e-05 1.13594e-05 3.74352e-06
3.97 1370 1.54913e-05 1.36531e-05 1.83823e-06
4.07 1345 2.12268e-05 1.99413e-05 1.28551e-06
4.17 1320 9.7529e-06 7.55549e-06 2.19741e-06
4.32 1300 1.36452e-05 1.18078e-05 1.83743e-06
4.47 1280 7.14312e-06 6.33506e-06 8.08057e-07
4.57 1260 8.9817e-06 7.43392e-06 1.54778e-06
4.67 1240 7.76307e-06 7.00711e-06 7.5596e-07
