-4.67 536.27 0.027952 0.0279211 3.09529e-05
-4.57 543.62 0.0586204 0.0585973 2.31586e-05
-4.47 550.969 0.0400463 0.0400239 2.24629e-05
-4.32 557.38 0.0827829 0.082755 2.79292e-05
-4.17 563.792 0.0591828 0.0591474 3.54755e-05
-4.07 573.196 0.0991961 0.0991428 5.32659e-05
-3.97 582.6 0.0966045 0.0965703 3.41946e-05
-3.82 609.516 0.122927 0.122849 7.75349e-05
-3.67 636.432 0.0294735 0.0293746 9.89481e-05
-3.57 658.587 0.0523208 0.0522074 0.000113438
-3.47 680.741 0.123835 0.123745 9.04955e-05
-3.32 698.891 0.0754499 0.075172 0.000277965
-3.17 717.042 0.176257 0.176093 0.000164795
-3.07 723.696 0.0882152 0.0879925 0.000222783
-2.97 730.349 0.100156 0.0998312 0.000325276
-2.825 736.75 0.0959129 0.0956687 0.000244151
-2.68 743.151 0.0857881 0.085387 0.000401122
-2.5775 753.834 0.0667905 0.0665341 0.000256421
-2.475 764.518 0.1827 0.182161 0.000539399
-2.325 773.516 0.119832 0.119553 0.000278939
-2.175 782.515 0.0833549 0.083033 0.000321891
-2.0775 797.676 0.175985 0.175424 0.000560322
-1.98 812.836 0.139573 0.139082 0.000491197
-1.8375 832.944 0.162441 0.161697 0.000744679
-1.695 853.051 0.172676 0.171913 0.000763439
-1.595 864.147 0.0727314 0.0719999 0.000731505
-1.495 875.242 0.164541 0.163832 0.00070876
-1.3525 884.468 0.403312 0.402418 0.000893754
-1.21 893.695 0.199922 0.198851 0.00107176
-1.115 897.633 0.247642 0.246962 0.00067998
-1.02 901.571 0.142337 0.141631 0.000706079
-0.8825 906.226 0.320427 0.319333 0.00109444
-0.745 910.88 0.300932 0.299894 0.00103857
-0.655 910.847 0.175567 0.17449 0.00107675
-0.565 910.814 0.197968 0.196887 0.00108145
-0.4325 914.032 0.195898 0.194911 0.000986978
-0.3 917.25 0.229241 0.228155 0.00108625
-0.2 918.7 0.152189 0.150948 0.00124161
-0.1 920.151 0.534833 0.53375 0.0010825
0 920.151 0.290151 0.28919 0.000960679
0.1 920.151 0.360354 0.359315 0.00103918
0.2 918.7 0.21447 0.213346 0.00112437
0.3 917.25 0.138929 0.137908 0.00102147
0.4325 914.032 0.323887 0.322589 0.00129775
0.565 910.814 0.186877 0.185751 0.00112624
0.655 910.847 0.131676 0.130558 0.00111754
0.745 910.88 0.156439 0.15556 0.000878349
0.8825 906.226 0.17265 0.172024 0.000625949
1.02 901.571 0.336739 0.335871 0.000868179
1.115 897.633 0.171983 0.170565 0.00141814
1.21 893.695 0.152264 0.150902 0.00136118
1.3525 884.468 0.218153 0.217427 0.000725293
1.495 875.242 0.120207 0.119482 0.000724467
1.595 864.147 0.155752 0.155118 0.00063442
1.695 853.051 0.118275 0.117688 0.000586281
1.8375 832.944 0.115048 0.114604 0.000444035
1.98 812.836 0.126217 0.125481 0.000735761
2.0775 797.676 0.0678844 0.0675278 0.000356547
2.175 782.515 0.0989854 0.0985134 0.000471934
2.325 773.516 0.23115 0.230626 0.000524066
2.475 764.518 0.11246 0.111988 0.000471387
2.5775 753.834 0.295855 0.295544 0.000310436
2.68 743.151 0.171964 0.171598 0.000365297
2.825 736.75 0.132564 0.132143 0.000421185
2.97 730.349 0.135048 0.134723 0.000324438
3.07 723.696 0.068175 0.0680099 0.000165114
3.17 717.042 0.17743 0.177242 0.000187508
3.32 698.891 0.124346 0.12409 0.000255908
3.47 680.741 0.0303564 0.0302073 0.000149076
3.57 658.587 0.112658 0.112548 0.00011051
3.67 636.432 0.117381 0.11731 7.09048e-05
3.82 609.516 0.0400076 0.0399677 3.98326e-05
3.97 582.6 0.054245 0.0542167 2.82656e-05
4.07 573.196 0.0383348 0.038295 3.9817e-05
4.17 563.792 0.0204273 0.0203886 3.86237e-05
4.32 557.38 0.0381337 0.0380923 4.13394e-05
4.47 550.969 0.0339642 0.0339397 2.45117e-05
4.57 543.62 0.0330597 0.0330318 2.79158e-05
4.67 536.27 0.0262364 0.0262073 2.91564e-05
