-4.67 135.563 0.0019979 0.0019979 5.08249e-12
-4.57 137.077 0.0119286 0.0119286 5.49558e-12
-4.47 138.592 0.00189915 0.00189915 2.00521e-11
-4.32 139.234 0.000177313 0.000177313 2.24601e-11
-4.17 139.876 0.000196475 0.000196475 4.64116e-11
-4.07 141.838 0.000100001 0.000100001 3.71763e-12
-3.97 143.8 0.000373936 0.000373936 4.68591e-11
-3.82 149.953 0.000601232 0.000601232 4.39119e-11
-3.67 156.106 0.000162998 0.000162998 6.29815e-11
-3.57 161.584 0.000865013 0.000865013 1.63209e-10
-3.47 167.063 0.00136126 0.00136126 5.5927e-10
-3.32 172.911 0.000817197 0.000817197 4.68617e-10
-3.17 178.758 0.000416628 0.000416627 4.73137e-10
-3.07 179.868 0.00922753 0.00922753 1.25282e-10
-2.97 180.978 0.00207711 0.00207711 1.82813e-09
-2.825 181.973 0.000559797 0.000559796 1.81041e-10
-2.68 182.968 0.00842253 0.00842253 1.11482e-10
-2.5775 185.16 0.00073421 0.000734209 1.0991e-09
-2.475 187.352 0.00143862 0.00143862 4.83553e-10
-2.325 189.058 0.0143355 0.0143355 4.00735e-10
-2.175 190.763 0.00142595 0.00142595 1.15764e-09
-2.0775 192.167 0.00186361 0.00186361 1.7818e-09
-1.98 193.571 0.00270863 0.00270863 2.01304e-09
-1.8375 196.583 0.0021312 0.0021312 1.21076e-09
-1.695 199.595 0.00137777 0.00137777 4.58015e-10
-1.595 201.875 0.00355202 0.00355202 1.60392e-09
-1.495 204.154 0.00289426 0.00289426 1.74843e-09
-1.3525 206.112 0.000918865 0.000918863 1.96578e-09
-1.21 208.07 0.00137655 0.00137655 2.04662e-09
-1.115 208.824 0.0222126 0.0222126 3.6556e-09
-1.02 209.578 0.000505676 0.000505675 1.03138e-09
-0.8825 210.323 0.00167859 0.00167859 4.18082e-09
-0.745 211.068 0.000729551 0.000729549 2.34173e-09
-0.655 210.706 0.000602706 0.000602701 5.05467e-09
-0.565 210.343 0.000478302 0.0004783 2.26809e-09
-0.4325 210.933 0.00102474 0.00102474 2.05873e-09
-0.3 211.523 0.00653324 0.00653324 1.1568e-09
-0.2 211.723 0.00151104 0.00151104 4.8086e-09
-0.1 211.923 0.00178805 0.00178804 4.01052e-09
0 211.923 0.00099907 0.000999067 3.03301e-09
0.1 211.923 0.00131299 0.00131299 4.07341e-09
0.2 211.723 0.0027357 0.0027357 4.27199e-09
0.3 211.523 0.0229772 0.0229772 1.46521e-09
0.4325 210.933 0.00330197 0.00330196 8.22036e-09
0.565 210.343 0.0019935 0.0019935 2.56858e-09
0.655 210.706 0.00690075 0.00690075 1.89806e-09
0.745 211.068 0.000788365 0.000788363 2.05792e-09
0.8825 210.323 0.0043618 0.00436179 5.14566e-09
1.02 209.578 0.00345828 0.00345827 8.73338e-09
1.115 208.824 0.00138407 0.00138407 2.88751e-09
1.21 208.07 0.004511 0.004511 1.17044e-09
1.3525 206.112 0.0101656 0.0101656 7.825e-10
1.495 204.154 0.00154874 0.00154874 1.82827e-09
1.595 201.875 0.00665849 0.00665849 2.16649e-09
1.695 199.595 0.00026653 0.000266527 2.58891e-09
1.8375 196.583 0.000256023 0.000256022 7.83992e-10
1.98 193.571 0.00211435 0.00211435 2.21666e-10
2.0775 192.167 0.000212878 0.000212878 7.85236e-10
2.175 190.763 0.00101442 0.00101441 9.91919e-10
2.325 189.058 0.00714707 0.00714707 1.32112e-09
2.475 187.352 0.000740868 0.000740867 1.29452e-09
2.5775 185.16 0.00028673 0.00028673 4.91059e-10
2.68 182.968 0.000899827 0.000899826 1.43582e-09
2.825 181.973 0.00065174 0.000651739 3.33125e-10
2.97 180.978 0.00121826 0.00121826 3.04354e-10
3.07 179.868 0.00134391 0.00134391 4.73375e-10
3.17 178.758 0.00564021 0.00564021 3.1254e-10
3.32 172.911 0.000462901 0.000462901 1.57786e-10
3.47 167.063 0.00173324 0.00173324 6.8157e-11
3.57 161.584 0.00159797 0.00159797 5.25907e-11
3.67 156.106 0.000178372 0.000178372 8.26579e-11
3.82 149.953 0.000297004 0.000297004 1.09395e-11
3.97 143.8 0.00106389 0.00106389 2.49951e-11
4.07 141.838 0.000665193 0.000665193 1.66044e-11
4.17 139.876 0.00012726 0.00012726 4.38118e-11
4.32 139.234 9.29161e-05 9.2916e-05 1.96905e-11
4.47 138.592 8.38077e-05 8.38076e-05 2.86284e-11
4.57 137.077 7.83635e-05 7.83635e-05 9.22934e-12
4.67 135.563 4.90104e-05 4.90104e-05 1.71915e-11
