-4.67 35.5852 1.00848e-09 1.00848e-09 3.75632e-23
-4.57 36.0783 3.12634e-05 3.12634e-05 3.85887e-23
-4.47 36.5714 1.04114e-08 1.04114e-08 6.46547e-23
-4.32 36.6301 9.8103e-08 9.8103e-08 8.91141e-23
-4.17 36.6888 6.1601e-10 6.1601e-10 1.15069e-23
-4.07 37.0444 2.01675e-07 2.01675e-07 1.98895e-23
-3.97 37.4 1.87658e-06 1.87658e-06 1.79167e-22
-3.82 38.6966 8.99665e-09 8.99665e-09 4.05392e-22
-3.67 39.9933 1.75147e-07 1.75147e-07 8.73103e-21
-3.57 41.1866 1.57603e-09 1.57603e-09 1.31482e-21
-3.47 42.3799 6.70558e-07 6.70558e-07 9.61179e-22
-3.32 43.9866 4.85035e-06 4.85035e-06 6.98117e-20
-3.17 45.5934 0.000537231 0.000537231 3.1937e-21
-3.07 45.9344 2.50978e-07 2.50978e-07 1.7559e-20
-2.97 46.2755 7.93348e-06 7.93348e-06 9.85731e-21
-2.825 46.2983 2.43419e-06 2.43419e-06 8.86459e-21
-2.68 46.3211 1.53027e-06 1.53027e-06 1.10263e-21
-2.5775 46.5796 4.41702e-05 4.41702e-05 1.13713e-20
-2.475 46.8381 2.31027e-07 2.31027e-07 3.91398e-21
-2.325 47.1377 6.52957e-08 6.52957e-08 2.5678e-21
-2.175 47.4374 6.05834e-05 6.05834e-05 2.47315e-20
-2.0775 47.5326 1.524e-06 1.524e-06 5.93066e-21
-1.98 47.6279 7.12242e-08 7.12242e-08 4.74883e-20
-1.8375 48.2089 1.66653e-07 1.66653e-07 2.47798e-19
-1.695 48.7899 1.69929e-07 1.69929e-07 1.61583e-20
-1.595 49.2905 1.94567e-05 1.94567e-05 6.63563e-19
-1.495 49.7911 0.000119362 0.000119362 2.52436e-19
-1.3525 50.4145 1.40622e-07 1.40622e-07 4.54857e-20
-1.21 51.038 5.21733e-06 5.21733e-06 9.61576e-19
-1.115 51.1244 0.00135465 0.00135465 9.47112e-20
-1.02 51.2109 4.6632e-06 4.6632e-06 2.65146e-18
-0.8825 51.3549 1.05147e-06 1.05147e-06 2.86041e-19
-0.745 51.4989 2.00684e-05 2.00684e-05 2.86817e-19
-0.655 51.2711 1.28443e-05 1.28443e-05 3.70559e-19
-0.565 51.0433 4.46299e-07 4.46299e-07 3.77853e-19
-0.4325 51.1156 7.37168e-05 7.37168e-05 1.81383e-19
-0.3 51.1879 1.65293e-07 1.65293e-07 7.58255e-19
-0.2 51.1989 2.09844e-06 2.09844e-06 1.36911e-19
-0.1 51.2098 5.4696e-07 5.4696e-07 2.55932e-19
0 51.2098 8.49062e-07 8.49062e-07 6.90976e-19
0.1 51.2098 1.17409e-06 1.17409e-06 2.7923e-20
0.2 51.1989 1.9979e-06 1.9979e-06 9.58342e-19
0.3 51.1879 3.12786e-07 3.12786e-07 8.24088e-20
0.4325 51.1156 1.11187e-05 1.11187e-05 5.48513e-18
0.565 51.0433 7.81374e-07 7.81374e-07 2.72605e-19
0.655 51.2711 6.13308e-08 6.13308e-08 5.31333e-20
0.745 51.4989 2.87186e-07 2.87186e-07 5.86342e-18
0.8825 51.3549 1.59211e-06 1.59211e-06 1.15764e-19
1.02 51.2109 1.64873e-06 1.64873e-06 4.19647e-19
1.115 51.1244 4.30003e-06 4.30003e-06 1.13482e-18
1.21 51.038 1.00052e-06 1.00052e-06 2.4394e-19
1.3525 50.4145 1.18237e-07 1.18237e-07 9.99233e-21
1.495 49.7911 7.9235e-06 7.9235e-06 8.12753e-20
1.595 49.2905 4.56536e-07 4.56536e-07 1.91166e-19
1.695 48.7899 1.64518e-07 1.64518e-07 5.14179e-20
1.8375 48.2089 3.02838e-07 3.02838e-07 9.82309e-20
1.98 47.6279 5.40958e-06 5.40958e-06 1.73821e-19
2.0775 47.5326 2.87694e-07 2.87694e-07 1.86157e-20
2.175 47.4374 1.63563e-05 1.63563e-05 8.96661e-21
2.325 47.1377 2.57423e-07 2.57423e-07 4.06954e-20
2.475 46.8381 3.12514e-06 3.12514e-06 3.50059e-20
2.5775 46.5796 4.65248e-07 4.65248e-07 2.47506e-20
2.68 46.3211 1.84529e-07 1.84529e-07 1.8617e-20
2.825 46.2983 1.7646e-07 1.7646e-07 2.53865e-20
2.97 46.2755 0.000809643 0.000809643 7.11004e-21
3.07 45.9344 4.12446e-06 4.12446e-06 3.32153e-20
3.17 45.5934 6.52309e-08 6.52309e-08 1.50654e-20
3.32 43.9866 7.95951e-06 7.95951e-06 2.31532e-20
3.47 42.3799 2.04127e-06 2.04127e-06 1.76657e-21
3.57 41.1866 1.39633e-05 1.39633e-05 1.35711e-21
3.67 39.9933 2.49187e-08 2.49187e-08 2.27877e-20
3.82 38.6966 1.50954e-05 1.50954e-05 4.79309e-22
3.97 37.4 9.23854e-09 9.23854e-09 8.13377e-22
4.07 37.0444 2.45721e-09 2.45721e-09 4.77111e-23
4.17 36.6888 4.74416e-08 4.74416e-08 5.31895e-24
4.32 36.6301 4.12504e-09 4.12504e-09 5.45647e-22
4.47 36.5714 1.93831e-09 1.93831e-09 1.57012e-23
4.57 36.0783 1.85678e-07 1.85678e-07 1.83248e-23
4.67 35.5852 0.000285917 0.000285917 2.35223e-24
