-4.67 15.3505 4.8204e-08 4.8204e-08 1.27366e-34
-4.57 15.4691 7.96298e-08 7.96298e-08 8.45638e-35
-4.47 15.5878 7.16951e-06 7.16951e-06 1.26587e-34
-4.32 15.5055 1.49817e-10 1.49817e-10 2.82534e-34
-4.17 15.4233 2.22302e-08 2.22302e-08 1.11345e-34
-4.07 15.4416 8.80262e-10 8.80262e-10 1.30737e-34
-3.97 15.46 5.32887e-10 5.32887e-10 3.35614e-35
-3.82 16.0085 4.53475e-10 4.53475e-10 9.79269e-34
-3.67 16.557 7.01144e-08 7.01144e-08 1.60781e-33
-3.57 17.0309 3.96622e-07 3.96622e-07 1.88037e-33
-3.47 17.5048 1.92841e-08 1.92841e-08 2.67636e-33
-3.32 18.1422 4.51636e-08 4.51636e-08 4.51168e-32
-3.17 18.7797 1.02435e-08 1.02435e-08 2.12046e-31
-3.07 18.7959 6.01142e-09 6.01142e-09 2.45397e-32
-2.97 18.812 1.78137e-06 1.78137e-06 1.3047e-31
-2.825 18.7709 2.92455e-08 2.92455e-08 8.59795e-32
-2.68 18.7298 3.7304e-08 3.7304e-08 1.55431e-32
-2.5775 18.7828 5.89596e-09 5.89596e-09 4.54748e-32
-2.475 18.8359 3.73126e-09 3.73126e-09 7.10394e-32
-2.325 18.8446 5.4928e-07 5.4928e-07 8.51437e-32
-2.175 18.8533 9.3803e-09 9.3803e-09 1.08121e-31
-2.0775 18.9115 1.08071e-07 1.08071e-07 2.78588e-31
-1.98 18.9696 2.49085e-09 2.49085e-09 6.77029e-32
-1.8375 19.3872 8.26671e-08 8.26671e-08 1.97796e-31
-1.695 19.8048 5.58561e-08 5.58561e-08 3.04888e-31
-1.595 19.8295 1.52936e-07 1.52936e-07 2.49783e-30
-1.495 19.8541 8.46161e-10 8.46161e-10 5.06187e-31
-1.3525 20.0923 7.90504e-09 7.90504e-09 3.34314e-31
-1.21 20.3305 8.79559e-07 8.79559e-07 2.76104e-30
-1.115 20.3321 6.98926e-07 6.98926e-07 1.19432e-30
-1.02 20.3338 2.32028e-07 2.32028e-07 7.62466e-30
-0.8825 20.3674 6.42436e-09 6.42436e-09 2.94874e-31
-0.745 20.4011 2.76598e-08 2.76598e-08 2.20998e-30
-0.655 20.297 7.06829e-09 7.06829e-09 3.64973e-30
-0.565 20.1929 5.4183e-07 5.4183e-07 5.98848e-31
-0.4325 20.1963 4.44561e-06 4.44561e-06 2.98431e-30
-0.3 20.1997 1.9909e-06 1.9909e-06 7.40333e-31
-0.2 20.2024 2.23e-08 2.23e-08 6.39507e-30
-0.1 20.2052 1.60881e-07 1.60881e-07 7.51749e-31
0 20.2052 1.48554e-07 1.48554e-07 2.00343e-30
