-4.67 35.5852 2.37873e-06 2.37873e-06 5.39501e-19
-4.57 36.0783 1.51529e-06 1.51529e-06 3.47241e-23
-4.47 36.5714 6.84667e-08 6.84667e-08 8.36194e-23
-4.32 36.6301 6.31796e-07 6.31796e-07 9.26812e-23
-4.17 36.6888 1.81759e-07 1.81759e-07 3.18937e-23
-4.07 37.0444 2.03656e-06 2.03656e-06 1.52698e-22
-3.97 37.4 1.53536e-07 1.53536e-07 1.59919e-22
-3.82 38.6966 9.10968e-07 9.05405e-07 5.56321e-09
-3.67 39.9933 5.47054e-07 5.47054e-07 9.03573e-22
-3.57 41.1866 1.23927e-06 1.23927e-06 6.83603e-22
-3.47 42.3799 3.34509e-07 3.34509e-07 5.26744e-21
-3.32 43.9866 3.92796e-07 3.92796e-07 1.45578e-20
-3.17 45.5934 1.61293e-07 1.61293e-07 3.19117e-20
-3.07 45.9344 7.05418e-07 7.05418e-07 1.90286e-20
-2.97 46.2755 1.23726e-06 1.23726e-06 4.17719e-20
-2.825 46.2983 4.80241e-06 4.80241e-06 2.62019e-20
-2.68 46.3211 3.77067e-06 3.77067e-06 2.48168e-20
-2.5775 46.5796 1.44267e-06 1.44267e-06 9.88163e-21
-2.475 46.8381 3.17449e-06 3.17449e-06 3.25134e-20
-2.325 47.1377 1.19469e-06 1.19469e-06 1.70176e-20
-2.175 47.4374 5.09676e-07 5.09676e-07 1.98456e-20
-2.0775 47.5326 1.1472e-06 1.1472e-06 2.14083e-20
-1.98 47.6279 5.72566e-06 5.72566e-06 3.15823e-20
-1.8375 48.2089 1.03745e-06 1.03745e-06 6.49376e-20
-1.695 48.7899 4.79497e-06 4.79497e-06 3.09773e-20
-1.595 49.2905 1.57621e-05 1.57621e-05 6.66793e-20
-1.495 49.7911 4.38563e-06 4.38563e-06 6.26793e-20
-1.3525 50.4145 8.72026e-07 8.72026e-07 3.23268e-19
-1.21 51.038 7.0905e-06 7.0905e-06 1.9511e-19
-1.115 51.1244 1.76507e-06 1.76507e-06 3.01447e-19
-1.02 51.2109 2.17257e-06 2.17257e-06 1.25809e-19
-0.8825 51.3549 2.27309e-06 2.27309e-06 2.12567e-19
-0.745 51.4989 2.87665e-06 2.87665e-06 1.80412e-19
-0.655 51.2711 1.29533e-05 1.29533e-05 5.89768e-19
-0.565 51.0433 3.46824e-06 3.46824e-06 1.08013e-19
-0.4325 51.1156 4.96579e-05 4.96579e-05 2.25435e-19
-0.3 51.1879 2.40367e-06 2.40367e-06 2.30498e-19
-0.2 51.1989 3.95214e-06 3.95214e-06 1.15e-19
-0.1 51.2098 1.79292e-06 1.79292e-06 1.45393e-19
0 51.2098 1.23078e-05 1.23078e-05 1.89328e-19
