-4.67 358.743 0.00151671 0.00151634 3.76796e-07
-4.57 363.228 0.00269331 0.00269307 2.47637e-07
-4.47 367.713 0.00196997 0.00196963 3.35469e-07
-4.32 371.089 0.0026278 0.00262745 3.51082e-07
-4.17 374.465 0.00204246 0.00204214 3.24523e-07
-4.07 380.582 0.00163852 0.00163809 4.23691e-07
-3.97 386.7 0.00297229 0.00297185 4.37143e-07
-3.82 403.798 0.00344798 0.00344717 8.10553e-07
-3.67 420.896 0.00336679 0.00336564 1.14362e-06
-3.57 435.656 0.00382139 0.00382007 1.3199e-06
-3.47 450.415 0.00282584 0.00282428 1.56317e-06
-3.32 463.719 0.00351583 0.00351394 1.88905e-06
-3.17 477.023 0.00440995 0.00440666 3.28831e-06
-3.07 481.307 0.00530032 0.00529765 2.66902e-06
-2.97 485.591 0.00493569 0.00493287 2.81986e-06
-2.825 489.355 0.00496238 0.00495888 3.50646e-06
-2.68 493.118 0.00365413 0.00365019 3.94625e-06
-2.5775 499.686 0.00483694 0.00483265 4.28291e-06
-2.475 506.254 0.00603237 0.00602702 5.3551e-06
-2.325 511.904 0.00406172 0.00405633 5.39656e-06
-2.175 517.554 0.00487435 0.00486937 4.97602e-06
-2.0775 524.963 0.00596817 0.00596199 6.17722e-06
-1.98 532.372 0.00503638 0.00502923 7.15845e-06
-1.8375 544.639 0.00697716 0.00696932 7.84221e-06
-1.695 556.907 0.00599655 0.00598521 1.13449e-05
-1.595 563.791 0.00760615 0.00759528 1.08703e-05
-1.495 570.675 0.00674749 0.00673718 1.03065e-05
-1.3525 576.159 0.0062942 0.00628121 1.29913e-05
-1.21 581.643 0.00804116 0.00802844 1.2727e-05
-1.115 584.263 0.00800437 0.00799155 1.28163e-05
-1.02 586.882 0.0059719 0.00595582 1.60769e-05
-0.8825 589.807 0.00725367 0.00723905 1.46192e-05
-0.745 592.733 0.00762327 0.00760474 1.85331e-05
-0.655 592.305 0.00871062 0.00869656 1.40558e-05
-0.565 591.878 0.00869776 0.00868331 1.4451e-05
-0.4325 593.942 0.00807548 0.00805692 1.85558e-05
-0.3 596.006 0.010579 0.010559 1.9938e-05
-0.2 596.843 0.0063781 0.00636162 1.64791e-05
-0.1 597.68 0.00892286 0.00890545 1.74057e-05
0 597.68 0.00729158 0.00727721 1.43682e-05
