-4.67 1028.68 0.0406454 0.040025 0.000620371
-4.57 1044.93 0.0352654 0.0346555 0.000609937
-4.47 1061.17 0.0404999 0.0398143 0.000685597
-4.32 1075.43 0.0380882 0.0372148 0.000873362
-4.17 1089.7 0.0457708 0.0449682 0.000802599
-4.07 1110.85 0.0421979 0.0411693 0.00102855
-3.97 1132 0.0487477 0.0477189 0.00102885
-3.82 1185.74 0.0571578 0.0556698 0.00148795
-3.67 1239.49 0.0572086 0.0552474 0.00196122
-3.57 1281.03 0.0642331 0.0621793 0.00205382
-3.47 1322.58 0.0783339 0.0760013 0.00233256
-3.32 1346.19 0.0816118 0.0788031 0.00280873
-3.17 1369.81 0.0843109 0.0816961 0.0026148
-3.07 1384.57 0.0848615 0.0815279 0.00333363
-2.97 1399.33 0.0891966 0.085796 0.00340061
-2.825 1416.63 0.0892588 0.0857318 0.00352708
-2.68 1433.94 0.0890753 0.0851991 0.00387617
-2.5775 1459.33 0.0894529 0.0851751 0.00427779
-2.475 1484.72 0.107162 0.102785 0.00437647
-2.325 1506.12 0.109885 0.105099 0.00478591
-2.175 1527.53 0.106041 0.100746 0.00529543
-2.0775 1563.86 0.11143 0.105263 0.00616736
-1.98 1600.18 0.11593 0.109314 0.00661595
-1.8375 1647.99 0.126302 0.118266 0.00803649
-1.695 1695.79 0.148777 0.139548 0.00922865
-1.595 1720.54 0.150538 0.140696 0.00984181
-1.495 1745.29 0.157879 0.147841 0.0100383
-1.3525 1763.16 0.156002 0.144756 0.0112463
-1.21 1781.04 0.161696 0.149479 0.0122171
-1.115 1789.94 0.166723 0.154112 0.0126114
-1.02 1798.84 0.161171 0.149437 0.011734
-0.8825 1806.99 0.184455 0.171741 0.0127143
-0.745 1815.14 0.180979 0.168347 0.0126324
-0.655 1816.82 0.179915 0.167026 0.0128888
-0.565 1818.49 0.170963 0.157503 0.0134599
-0.4325 1825.69 0.182434 0.169081 0.0133531
-0.3 1832.89 0.181044 0.168028 0.0130166
-0.2 1835.55 0.200279 0.186017 0.014262
-0.1 1838.21 0.177458 0.164556 0.0129015
0 1838.21 0.171521 0.158238 0.0132832
