-4.67 784.47 0.12958 0.129152 0.000427511
-4.57 795.62 0.146112 0.145537 0.000575605
-4.47 806.769 0.14463 0.144256 0.000373907
-4.32 816.932 0.11101 0.110548 0.000462193
-4.17 827.094 0.0839489 0.0833773 0.000571592
-4.07 842.397 0.0763599 0.0757154 0.000644491
-3.97 857.7 0.190572 0.189719 0.00085359
-3.82 897.626 0.146206 0.145165 0.00104074
-3.67 937.552 0.167177 0.165747 0.00143022
-3.57 968.841 0.358448 0.356769 0.00167874
-3.47 1000.13 0.197569 0.195417 0.002152
-3.32 1021.28 0.376745 0.375095 0.00164978
-3.17 1042.42 0.297636 0.295385 0.00225162
-3.07 1054.89 0.852303 0.850065 0.00223783
-2.97 1067.36 0.465827 0.462937 0.0028893
-2.825 1077.45 0.275439 0.271918 0.00352144
-2.68 1087.54 0.494215 0.489614 0.00460086
-2.5775 1104.82 0.747239 0.743443 0.00379543
-2.475 1122.1 0.326995 0.322054 0.0049411
-2.325 1136.78 0.347643 0.343565 0.0040779
-2.175 1151.47 0.288859 0.283629 0.00522981
-2.0775 1176.44 0.272999 0.267041 0.00595849
-1.98 1201.41 0.608919 0.602277 0.00664129
-1.8375 1234.56 0.364479 0.359614 0.00486449
-1.695 1267.71 0.623008 0.616654 0.00635371
-1.595 1285.09 0.902294 0.893637 0.00865667
-1.495 1302.47 0.594787 0.584091 0.0106955
-1.3525 1316.21 0.763653 0.755094 0.00855924
-1.21 1329.95 0.482061 0.470267 0.0117937
-1.115 1335.78 0.53636 0.52223 0.01413
-1.02 1341.6 0.986543 0.972719 0.0138233
-0.8825 1348.44 0.780694 0.765735 0.0149592
-0.745 1355.29 0.490455 0.477498 0.0129569
-0.655 1356.35 0.564367 0.55052 0.0138468
-0.565 1357.41 0.645704 0.635802 0.00990149
-0.4325 1362.16 0.792782 0.778146 0.0146356
-0.3 1366.92 0.621731 0.610381 0.0113509
-0.2 1369.16 0.57889 0.566954 0.0119358
-0.1 1371.4 0.660959 0.651185 0.00977347
0 1371.4 1.02842 1.01667 0.0117419
0.1 1371.4 0.574976 0.561976 0.0129999
0.2 1369.16 1.08687 1.07381 0.0130607
0.3 1366.92 0.795758 0.783503 0.012255
0.4325 1362.16 0.855354 0.844364 0.0109901
0.565 1357.41 0.465657 0.454606 0.0110506
0.655 1356.35 0.487181 0.473548 0.0136329
0.745 1355.29 0.423124 0.414402 0.00872248
0.8825 1348.44 0.626621 0.610629 0.0159918
1.02 1341.6 0.7407 0.726523 0.0141764
1.115 1335.78 0.866713 0.856172 0.0105412
1.21 1329.95 0.600621 0.591546 0.00907499
1.3525 1316.21 0.600645 0.589755 0.0108904
1.495 1302.47 0.587488 0.572523 0.0149651
1.595 1285.09 0.504409 0.49197 0.0124385
1.695 1267.71 0.410037 0.401324 0.00871258
1.8375 1234.56 0.767198 0.761446 0.00575173
1.98 1201.41 0.366007 0.361341 0.00466532
2.0775 1176.44 0.631052 0.627008 0.00404469
2.175 1151.47 0.43747 0.432724 0.00474579
2.325 1136.78 0.300126 0.294866 0.00525969
2.475 1122.1 0.297828 0.293343 0.00448576
2.5775 1104.82 0.302928 0.298978 0.00394948
2.68 1087.54 0.332752 0.329899 0.00285303
2.825 1077.45 0.427954 0.425257 0.00269698
2.97 1067.36 0.307508 0.303419 0.00408865
3.07 1054.89 0.351541 0.348772 0.00276988
3.17 1042.42 0.280129 0.277187 0.00294207
3.32 1021.28 0.244636 0.242271 0.00236448
3.47 1000.13 0.23216 0.230545 0.00161566
3.57 968.841 0.202592 0.201436 0.0011559
3.67 937.552 0.322015 0.31991 0.00210505
3.82 897.626 0.216033 0.214995 0.00103807
3.97 857.7 0.330177 0.329672 0.000504782
4.07 842.397 0.168528 0.167916 0.000612272
4.17 827.094 0.126271 0.125656 0.000615089
4.32 816.932 0.161405 0.16096 0.000445075
4.47 806.769 0.382675 0.381833 0.000842062
4.57 795.62 0.175237 0.174871 0.000365309
4.67 784.47 0.22256 0.222181 0.000379872
