-4.67 73.5627 5.14944e-05 5.14944e-05 6.67169e-16
-4.57 74.302 0.000144528 0.000144528 5.04595e-16
-4.47 75.0413 2.94897e-05 2.94897e-05 6.82838e-16
-4.32 75.3062 1.16189e-06 1.16189e-06 1.57264e-15
-4.17 75.571 0.000159863 0.000159863 8.38308e-15
-4.07 76.4355 1.3461e-05 1.3461e-05 4.51752e-15
-3.97 77.3 5.22982e-06 5.22982e-06 3.16431e-15
-3.82 80.3224 3.46225e-06 3.46225e-06 4.43378e-16
-3.67 83.3447 0.000194076 0.000194076 1.28655e-14
-3.57 86.0996 4.66073e-06 4.66073e-06 1.42445e-14
-3.47 88.8546 7.66858e-05 7.66858e-05 7.03528e-15
-3.32 92.0795 4.50651e-05 4.50651e-05 7.71223e-15
-3.17 95.3043 0.00176934 0.00176934 6.04488e-14
-3.07 95.9899 1.38126e-05 1.38126e-05 4.56715e-14
-2.97 96.6756 3.04421e-05 3.04421e-05 3.78723e-14
-2.825 97.0756 9.84089e-05 9.84089e-05 2.60586e-14
-2.68 97.4757 0.000669222 0.000669222 8.47005e-14
-2.5775 98.2451 1.42497e-05 1.42497e-05 3.7567e-13
-2.475 99.0146 8.68351e-06 8.68351e-06 2.49521e-13
-2.325 99.5803 0.00022166 0.00022166 1.52434e-13
-2.175 100.146 4.45661e-05 4.45661e-05 2.22748e-13
-2.0775 100.608 2.69853e-05 2.69853e-05 2.80307e-13
-1.98 101.069 1.31303e-05 1.31303e-05 1.53999e-13
-1.8375 102.728 0.0039843 0.0039843 1.0282e-13
-1.695 104.388 2.47996e-05 2.47996e-05 2.87133e-13
-1.595 105.572 8.16253e-06 8.16253e-06 3.32099e-13
-1.495 106.755 8.15423e-05 8.15423e-05 2.70355e-13
-1.3525 107.963 0.00283955 0.00283955 2.39387e-13
-1.21 109.171 0.00010363 0.00010363 8.80365e-13
-1.115 109.454 0.000702115 0.000702115 7.64924e-13
-1.02 109.738 4.3686e-05 4.3686e-05 5.89204e-13
-0.8825 110.172 2.83203e-05 2.83203e-05 9.35632e-13
-0.745 110.607 0.000955176 0.000955176 5.21432e-13
-0.655 110.273 1.41251e-05 1.41251e-05 2.04292e-13
-0.565 109.939 0.000228691 0.000228691 6.98738e-13
-0.4325 110.117 0.000982236 0.000982236 1.75582e-12
-0.3 110.295 1.49373e-05 1.49373e-05 2.68369e-13
-0.2 110.422 0.000570581 0.000570581 4.1693e-13
-0.1 110.548 2.78478e-05 2.78478e-05 1.71676e-12
0 110.548 6.3981e-05 6.3981e-05 8.33493e-13
0.1 110.548 1.62776e-05 1.62776e-05 1.06931e-13
0.2 110.422 0.000577807 0.000577807 3.84286e-13
0.3 110.295 0.000141957 0.000141957 7.31394e-13
0.4325 110.117 0.00127964 0.00127964 3.08053e-12
0.565 109.939 0.0116994 0.0116994 8.9353e-13
0.655 110.273 0.000500332 0.000500332 1.16757e-12
0.745 110.607 0.000118017 0.000118017 4.18525e-13
0.8825 110.172 2.03664e-05 2.03664e-05 6.48424e-13
1.02 109.738 0.000611455 0.000611455 2.54214e-13
1.115 109.454 0.000129497 0.000129497 3.8786e-13
1.21 109.171 3.8116e-05 3.8116e-05 8.52663e-13
1.3525 107.963 2.78453e-05 2.78453e-05 1.85683e-13
1.495 106.755 0.00790719 0.00790719 3.11248e-13
1.595 105.572 0.000118516 0.000118516 8.20181e-13
1.695 104.388 0.000151081 0.000151081 4.28696e-14
1.8375 102.728 5.35219e-05 5.35219e-05 9.81365e-14
1.98 101.069 1.09271e-05 1.09271e-05 2.42895e-13
2.0775 100.608 0.00016107 0.00016107 6.36549e-14
2.175 100.146 7.22631e-06 7.22631e-06 3.34709e-13
2.325 99.5803 3.29569e-05 3.29569e-05 1.6249e-14
2.475 99.0146 1.08146e-05 1.08146e-05 2.17812e-13
2.5775 98.2451 6.16091e-05 6.16091e-05 2.57963e-13
2.68 97.4757 5.11394e-05 5.11394e-05 9.01538e-14
2.825 97.0756 0.00190029 0.00190029 9.72675e-14
2.97 96.6756 4.07687e-05 4.07687e-05 2.24181e-14
3.07 95.9899 0.000150425 0.000150425 1.31442e-13
3.17 95.3043 1.19907e-05 1.19907e-05 9.42263e-14
3.32 92.0795 0.000160466 0.000160466 7.20795e-14
3.47 88.8546 0.000304498 0.000304498 7.75642e-15
3.57 86.0996 1.34504e-05 1.34504e-05 3.17835e-15
3.67 83.3447 9.89849e-05 9.89849e-05 7.60744e-15
3.82 80.3224 1.50381e-05 1.50381e-05 3.82273e-16
3.97 77.3 4.44268e-06 4.44268e-06 7.28438e-15
4.07 76.4355 3.30004e-05 3.30004e-05 8.81724e-17
4.17 75.571 2.62611e-05 2.62611e-05 8.36574e-16
4.32 75.3062 0.001704 0.001704 3.13185e-16
4.47 75.0413 0.000440755 0.000440755 2.10177e-15
4.57 74.302 6.06792e-06 6.06792e-06 1.74479e-15
4.67 73.5627 8.78135e-07 8.78135e-07 7.9979e-16
