-4.67 1240 0.0672381 0.0655229 0.0017152
-4.57 1260 0.0666577 0.0647344 0.00192321
-4.47 1280 0.070331 0.0683756 0.0019554
-4.32 1300 0.0763477 0.0741188 0.00222887
-4.17 1320 0.0731777 0.070696 0.00248176
-4.07 1345 0.0801841 0.0773748 0.00280927
-3.97 1370 0.0905261 0.0874583 0.00306775
-3.82 1435 0.0796562 0.0758979 0.00375838
-3.67 1500 0.0936341 0.0886335 0.00500069
-3.57 1550 0.120846 0.114794 0.00605179
-3.47 1600 0.134167 0.127285 0.00688196
-3.32 1625 0.132084 0.12408 0.0080038
-3.17 1650 0.131178 0.12294 0.00823793
-3.07 1665 0.134491 0.126574 0.00791661
-2.97 1680 0.139425 0.130591 0.00883432
-2.825 1704.99 0.153817 0.144261 0.00955639
-2.68 1729.99 0.177595 0.167037 0.0105588
-2.5775 1764.99 0.146286 0.134992 0.0112943
-2.475 1799.99 0.18728 0.175469 0.0118108
-2.325 1829.99 0.183722 0.170115 0.0136068
-2.175 1859.99 0.186484 0.172 0.014484
-2.0775 1904.99 0.206817 0.190953 0.0158645
-1.98 1949.99 0.209951 0.192022 0.0179285
-1.8375 1989.99 0.225884 0.204818 0.0210659
-1.695 2029.99 0.242239 0.220941 0.0212973
-1.595 2054.99 0.257772 0.23535 0.0224222
-1.495 2080 0.26195 0.237497 0.0244521
-1.3525 2110 0.265112 0.239957 0.0251548
-1.21 2140 0.275272 0.249244 0.0260277
-1.115 2155.01 0.267798 0.24008 0.0277181
-1.02 2170.01 0.264674 0.235925 0.0287491
-0.8825 2185.01 0.277496 0.24652 0.0309754
-0.745 2200.01 0.285986 0.254469 0.0315171
-0.655 2205.01 0.29273 0.261304 0.0314256
-0.565 2210.01 0.284852 0.253969 0.0308834
-0.4325 2220.01 0.288835 0.256309 0.0325259
-0.3 2230 0.294409 0.263557 0.0308524
-0.2 2234.99 0.306248 0.270924 0.0353235
-0.1 2239.99 0.301326 0.268935 0.0323909
0 2239.99 0.290391 0.257168 0.0332235
