-4.67 0.00888976
-4.57 0.00881335
-4.47 0.0091074
-4.32 0.00987779
-4.17 0.00991448
-4.07 0.00971981
-3.97 0.0109644
-3.82 0.0117508
-3.67 0.0131288
-3.57 0.0151603
-3.47 0.017018
-3.32 0.0175033
-3.17 0.0177674
-3.07 0.0182993
-2.97 0.0185835
-2.825 0.019662
-2.68 0.020908
-2.5775 0.0195789
-2.475 0.0235946
-2.325 0.0236692
-2.175 0.0236351
-2.0775 0.0257786
-1.98 0.0262376
-1.8375 0.0281057
-1.695 0.0297141
-1.595 0.0323137
-1.495 0.0327298
-1.3525 0.0332367
-1.21 0.0338939
-1.115 0.0334556
-1.02 0.0327574
-0.8825 0.0358577
-0.745 0.0372668
-0.655 0.0369151
-0.565 0.0353909
-0.4325 0.037028
-0.3 0.0366465
-0.2 0.0387216
-0.1 0.0368664
0 0.0354421
