-4.67 135.563 1.7565e-07 1.75642e-07 7.76999e-12
-4.57 137.077 1.42571e-07 1.42562e-07 9.80128e-12
-4.47 138.592 2.28364e-07 2.28348e-07 1.63854e-11
-4.32 139.234 1.59917e-06 2.14075e-07 1.38509e-06
-4.17 139.876 2.18163e-07 2.18146e-07 1.71475e-11
-4.07 141.838 2.31513e-07 2.31488e-07 2.46639e-11
-3.97 143.8 2.22582e-07 2.22565e-07 1.699e-11
-3.82 149.953 3.92702e-07 3.92673e-07 2.85331e-11
-3.67 156.106 2.99283e-07 2.99223e-07 5.99836e-11
-3.57 161.584 5.15466e-07 5.15393e-07 7.27476e-11
-3.47 167.063 5.10701e-07 5.106e-07 1.0031e-10
-3.32 172.911 9.43912e-07 9.43714e-07 1.98651e-10
-3.17 178.758 8.41639e-07 8.41315e-07 3.23346e-10
-3.07 179.868 1.06386e-06 1.06359e-06 2.63874e-10
-2.97 180.978 1.19096e-06 1.19076e-06 1.98838e-10
-2.825 181.973 1.00102e-06 1.00073e-06 2.84266e-10
-2.68 182.968 1.31889e-06 1.31863e-06 2.57813e-10
-2.5775 185.16 1.45013e-06 1.4498e-06 3.38407e-10
-2.475 187.352 1.06939e-06 1.06896e-06 4.37562e-10
-2.325 189.058 1.07865e-06 1.07808e-06 5.75555e-10
-2.175 190.763 1.55811e-06 1.55741e-06 6.99801e-10
-2.0775 192.167 1.59821e-06 1.59773e-06 4.78699e-10
-1.98 193.571 2.02052e-06 2.01958e-06 9.40198e-10
-1.8375 196.583 1.42449e-06 1.42334e-06 1.15449e-09
-1.695 199.595 2.05391e-06 2.05247e-06 1.44178e-09
-1.595 201.875 1.84171e-06 1.84029e-06 1.42329e-09
-1.495 204.154 2.13304e-06 2.13201e-06 1.03468e-09
-1.3525 206.112 2.62019e-06 2.61881e-06 1.37598e-09
-1.21 208.07 1.99901e-06 1.99729e-06 1.71759e-09
-1.115 208.824 2.24665e-06 2.24552e-06 1.12434e-09
-1.02 209.578 2.31248e-06 2.31079e-06 1.69139e-09
-0.8825 210.323 2.42199e-06 2.4201e-06 1.8926e-09
-0.745 211.068 2.25616e-06 2.25465e-06 1.51633e-09
-0.655 210.706 2.62801e-06 2.62627e-06 1.74623e-09
-0.565 210.343 2.51463e-06 2.51343e-06 1.20161e-09
-0.4325 210.933 2.86598e-06 2.86448e-06 1.49833e-09
-0.3 211.523 2.29037e-06 2.28787e-06 2.49469e-09
-0.2 211.723 2.82117e-06 2.81937e-06 1.8064e-09
-0.1 211.923 2.63299e-06 2.63138e-06 1.6091e-09
0 211.923 2.43864e-06 2.43673e-06 1.90877e-09
