-4.67 1028.68 0.00495377 0.00435027 0.000603503
-4.57 1044.93 0.0055024 0.00484278 0.000659622
-4.47 1061.17 0.00555696 0.00487425 0.000682704
-4.32 1075.43 0.00562539 0.00486907 0.000756328
-4.17 1089.7 0.00629285 0.00535638 0.000936474
-4.07 1110.85 0.00665798 0.00571539 0.000942599
-3.97 1132 0.00727302 0.00631815 0.000954872
-3.82 1185.74 0.00821267 0.00691192 0.00130075
-3.67 1239.49 0.0102318 0.00845274 0.00177908
-3.57 1281.03 0.0114267 0.00920546 0.00222123
-3.47 1322.58 0.012291 0.00982486 0.00246616
-3.32 1346.19 0.0141211 0.0113084 0.0028127
-3.17 1369.81 0.0156037 0.0125963 0.0030074
-3.07 1384.57 0.0157274 0.0124052 0.00332222
-2.97 1399.33 0.0163698 0.0130942 0.00327558
-2.825 1416.63 0.0170162 0.0133734 0.00364277
-2.68 1433.94 0.0180725 0.0143463 0.00372618
-2.5775 1459.33 0.0184611 0.0141745 0.00428664
-2.475 1484.72 0.0209387 0.0163387 0.00459996
-2.325 1506.12 0.020726 0.0154703 0.00525565
-2.175 1527.53 0.0229933 0.0178985 0.00509472
-2.0775 1563.86 0.0244871 0.0190172 0.00546993
-1.98 1600.18 0.0285472 0.0212931 0.00725404
-1.8375 1647.99 0.0288836 0.0209141 0.00796954
-1.695 1695.79 0.0335726 0.0249644 0.00860812
-1.595 1720.54 0.0346102 0.0245517 0.0100585
-1.495 1745.29 0.040479 0.0305304 0.00994855
-1.3525 1763.16 0.0393069 0.0286213 0.0106856
-1.21 1781.04 0.0422375 0.031413 0.0108244
-1.115 1789.94 0.0397599 0.02728 0.01248
-1.02 1798.84 0.0417296 0.0295455 0.0121841
-0.8825 1806.99 0.0429481 0.0311232 0.0118249
-0.745 1815.14 0.0423824 0.0309625 0.01142
-0.655 1816.82 0.0431826 0.0310375 0.0121451
-0.565 1818.49 0.0435246 0.0307593 0.0127653
-0.4325 1825.69 0.0452937 0.0319536 0.01334
-0.3 1832.89 0.0401025 0.0268248 0.0132777
-0.2 1835.55 0.0454107 0.0326223 0.0127884
-0.1 1838.21 0.0454567 0.0331155 0.0123412
0 1838.21 0.0445657 0.030761 0.0138047
