-4.67 15.3505 2.75885e-17 2.75885e-17 1.40624e-33
-4.57 15.4691 1.44032e-16 1.44032e-16 7.27602e-34
-4.47 15.5878 4.44697e-17 4.44697e-17 6.25926e-33
-4.32 15.5055 1.42554e-16 1.42554e-16 1.70179e-33
-4.17 15.4233 4.22567e-17 4.22567e-17 3.5364e-34
-4.07 15.4416 1.57088e-16 1.57088e-16 1.05243e-33
-3.97 15.46 1.61296e-16 1.61296e-16 8.77159e-34
-3.82 16.0085 4.76349e-16 4.76349e-16 2.0571e-33
-3.67 16.557 4.30105e-16 4.30105e-16 1.47945e-32
-3.57 17.0309 3.48385e-16 3.48385e-16 6.48877e-32
-3.47 17.5048 9.97603e-16 9.97603e-16 4.05159e-32
-3.32 18.1422 9.94397e-16 9.94397e-16 2.96726e-30
-3.17 18.7797 5.08969e-16 5.08969e-16 4.71297e-31
-3.07 18.7959 9.95291e-16 9.95291e-16 3.94578e-30
-2.97 18.812 2.13015e-15 2.13015e-15 8.49946e-31
-2.825 18.7709 2.76083e-15 2.76083e-15 1.35764e-30
-2.68 18.7298 1.12074e-15 1.12074e-15 2.1622e-30
-2.5775 18.7828 1.88377e-15 1.88377e-15 2.26796e-30
-2.475 18.8359 2.82363e-15 2.82363e-15 9.97782e-31
-2.325 18.8446 3.23989e-15 3.23989e-15 1.17672e-30
-2.175 18.8533 9.94129e-16 9.94129e-16 3.48756e-30
-2.0775 18.9115 9.59732e-16 9.59732e-16 4.16118e-30
-1.98 18.9696 3.32076e-15 3.32076e-15 7.38921e-31
-1.8375 19.3872 3.55804e-15 3.55804e-15 2.69214e-30
-1.695 19.8048 1.87348e-15 1.87348e-15 8.57812e-30
-1.595 19.8295 7.07627e-16 7.07627e-16 1.62962e-29
-1.495 19.8541 2.01901e-15 2.01901e-15 1.08297e-29
-1.3525 20.0923 5.12495e-15 5.12495e-15 7.26416e-30
-1.21 20.3305 3.60458e-15 3.60458e-15 3.02112e-29
-1.115 20.3321 1.48269e-14 1.48269e-14 5.74528e-29
-1.02 20.3338 1.03736e-15 1.03736e-15 2.37887e-29
-0.8825 20.3674 9.42766e-15 9.42766e-15 3.13012e-29
-0.745 20.4011 3.5158e-15 3.5158e-15 1.44021e-29
-0.655 20.297 2.23144e-15 2.23144e-15 3.7868e-29
-0.565 20.1929 7.61018e-15 7.61018e-15 7.47798e-29
-0.4325 20.1963 2.55057e-15 2.55057e-15 3.0409e-29
-0.3 20.1997 8.58661e-15 8.58661e-15 5.14923e-29
-0.2 20.2024 4.28187e-15 4.28187e-15 1.2524e-29
-0.1 20.2052 3.6785e-15 3.6785e-15 1.11654e-29
0 20.2052 2.00964e-15 2.00964e-15 2.22146e-29
