-4.67 0.000873259
-4.57 0.000976722
-4.47 0.000996382
-4.32 0.00111631
-4.17 0.00114211
-4.07 0.00120363
-3.97 0.00130499
-3.82 0.00155714
-3.67 0.00178427
-3.57 0.00200289
-3.47 0.00230243
-3.32 0.00239384
-3.17 0.00257054
-3.07 0.00263037
-2.97 0.00278369
-2.825 0.00281464
-2.68 0.00315731
-2.5775 0.00322098
-2.475 0.00346932
-2.325 0.00346729
-2.175 0.00382304
-2.0775 0.0039814
-1.98 0.00415029
-1.8375 0.00462903
-1.695 0.00489467
-1.595 0.00510927
-1.495 0.00583974
-1.3525 0.0058243
-1.21 0.00598516
-1.115 0.00607626
-1.02 0.00628187
-0.8825 0.00633034
-0.745 0.00660408
-0.655 0.00651645
-0.565 0.0064668
-0.4325 0.00655441
-0.3 0.00615424
-0.2 0.006973
-0.1 0.00702697
0 0.00645274
