-4.67 784.47 0.00143289 0.00131322 0.000119673
-4.57 795.62 0.00168661 0.001553 0.000133607
-4.47 806.769 0.00176228 0.00163452 0.000127756
-4.32 816.932 0.00190091 0.0017586 0.000142314
-4.17 827.094 0.00197505 0.00179995 0.000175106
-4.07 842.397 0.00210697 0.00190605 0.000200912
-3.97 857.7 0.00233924 0.00212504 0.000214198
-3.82 897.626 0.00293584 0.0026594 0.000276443
-3.67 937.552 0.00348617 0.00311632 0.000369856
-3.57 968.841 0.00375352 0.00333888 0.000414636
-3.47 1000.13 0.00503473 0.00448542 0.00054931
-3.32 1021.28 0.00452108 0.00392084 0.000600242
-3.17 1042.42 0.00538938 0.00474423 0.000645142
-3.07 1054.89 0.00535897 0.00471503 0.000643941
-2.97 1067.36 0.00600147 0.00527463 0.000726838
-2.825 1077.45 0.00541472 0.00470586 0.000708858
-2.68 1087.54 0.00743427 0.00655624 0.000878027
-2.5775 1104.82 0.00695689 0.00601307 0.000943825
-2.475 1122.1 0.00690303 0.00586254 0.0010405
-2.325 1136.78 0.00701497 0.0058799 0.00113507
-2.175 1151.47 0.00837839 0.00718805 0.00119033
-2.0775 1176.44 0.00888338 0.00759761 0.00128577
-1.98 1201.41 0.00851542 0.00697547 0.00153995
-1.8375 1234.56 0.00979145 0.00815492 0.00163653
-1.695 1267.71 0.0105148 0.00829502 0.00221978
-1.595 1285.09 0.0115218 0.00926664 0.00225512
-1.495 1302.47 0.0135122 0.0112491 0.00226315
-1.3525 1316.21 0.0127045 0.0104599 0.00224465
-1.21 1329.95 0.0136491 0.0113086 0.00234049
-1.115 1335.78 0.0136978 0.0111317 0.00256617
-1.02 1341.6 0.0137006 0.0111033 0.00259729
-0.8825 1348.44 0.0145782 0.0115796 0.00299862
-0.745 1355.29 0.0142435 0.0112639 0.00297955
-0.655 1356.35 0.0147681 0.0119598 0.00280824
-0.565 1357.41 0.014881 0.0117826 0.0030984
-0.4325 1362.16 0.0142567 0.0115533 0.00270349
-0.3 1366.92 0.0143975 0.0113709 0.00302667
-0.2 1369.16 0.0151044 0.012154 0.0029504
-0.1 1371.4 0.0166937 0.0137422 0.00295145
0 1371.4 0.0150008 0.0118398 0.00316106
