-2.85 510 0.038032 0.0380189 1.30883e-05
-2.7 524.5 0.0526755 0.0526564 1.91024e-05
-2.55 539 0.0430202 0.0429956 2.46251e-05
-2.4 553 0.0745665 0.0745408 2.57047e-05
-2.25 567 0.0524256 0.0523667 5.88826e-05
-2.1 581.5 0.0581422 0.0580936 4.85646e-05
-1.95 596 0.0851834 0.0851093 7.4134e-05
-1.8 608.5 0.0980612 0.0979897 7.15103e-05
-1.65 621 0.0802443 0.0801514 9.29358e-05
-1.5 630.5 0.085007 0.0849285 7.84686e-05
-1.35 640 0.0862763 0.0861813 9.49809e-05
-1.2 639 0.0804411 0.0803491 9.1977e-05
-1.05 638 0.0884698 0.0883645 0.000105307
-0.9 637 0.128084 0.12798 0.000103827
-0.75 636 0.0779058 0.0778142 9.1599e-05
-0.6 627.5 0.104223 0.104157 6.57833e-05
-0.45 619 0.104699 0.104608 9.09803e-05
-0.3 619 0.0865902 0.0865006 8.96394e-05
-0.15 619 0.0629141 0.0628248 8.92615e-05
0 623 0.0741889 0.0741068 8.20747e-05
0.15 627 0.0487202 0.0486491 7.11691e-05
0.3 629 0.0699756 0.0698826 9.30527e-05
0.45 631 0.0884358 0.0883378 9.799e-05
0.6 633.5 0.0765938 0.0764981 9.57306e-05
0.75 636 0.0972575 0.0971493 0.000108278
0.9 632.5 0.0708512 0.0707746 7.65302e-05
1.05 629 0.141042 0.140929 0.000113029
1.2 628 0.106358 0.106273 8.55674e-05
1.35 627 0.0854834 0.0853893 9.40934e-05
1.5 623.5 0.11076 0.110687 7.35263e-05
1.65 620 0.0594805 0.0594254 5.51127e-05
1.8 608.5 0.0975484 0.0975007 4.77683e-05
1.95 597 0.0530146 0.0529633 5.12362e-05
2.1 583 0.0748102 0.0747697 4.04707e-05
2.25 569 0.0812291 0.0811893 3.97992e-05
2.4 557.5 0.1155 0.115469 3.12274e-05
2.55 546 0.0570254 0.0570025 2.28908e-05
2.7 533 0.0259395 0.0259096 2.98977e-05
2.85 520 0.0241925 0.024177 1.55081e-05
