-2.85 510 0.0240433 0.0240319 1.14026e-05
-2.7 524.5 0.0273223 0.0273028 1.95371e-05
-2.55 539 0.0300411 0.0300236 1.75357e-05
-2.4 553 0.176452 0.176408 4.35934e-05
-2.25 567 0.284826 0.284802 2.34832e-05
-2.1 581.5 0.0276337 0.0276045 2.92736e-05
-1.95 596 0.119132 0.119084 4.78586e-05
-1.8 608.5 0.0750434 0.0749567 8.66629e-05
-1.65 621 0.226178 0.226128 5.02007e-05
-1.5 630.5 0.144197 0.144028 0.000168926
-1.35 640 0.0415068 0.0414364 7.03923e-05
-1.2 639 0.106203 0.106163 3.96218e-05
-1.05 638 0.110618 0.110585 3.27356e-05
-0.9 637 0.0260165 0.0258739 0.00014259
-0.75 636 0.0318143 0.0317508 6.3476e-05
-0.6 627.5 0.0533229 0.053265 5.7892e-05
-0.45 619 0.0308827 0.030798 8.46437e-05
-0.3 619 0.0423944 0.042312 8.24085e-05
-0.15 619 0.0861997 0.0861073 9.24157e-05
0 623 0.153542 0.153417 0.000124927
0.15 627 0.0792531 0.0790978 0.000155321
0.3 629 0.122226 0.122187 3.87193e-05
0.45 631 0.146559 0.146465 9.44708e-05
0.6 633.5 0.0655321 0.065428 0.000104085
0.75 636 0.0253674 0.0253066 6.07963e-05
0.9 632.5 0.171953 0.171895 5.81537e-05
1.05 629 0.107313 0.107257 5.64058e-05
1.2 628 0.0303844 0.0302807 0.000103706
1.35 627 0.115351 0.115257 9.38141e-05
1.5 623.5 0.0332072 0.0331577 4.9479e-05
1.65 620 0.0405203 0.0404734 4.69148e-05
1.8 608.5 0.0875657 0.0875197 4.60502e-05
1.95 597 0.0331887 0.0330669 0.000121767
2.1 583 0.122006 0.121945 6.13037e-05
2.25 569 0.0975955 0.0975719 2.36491e-05
2.4 557.5 0.0733605 0.0733143 4.6123e-05
2.55 546 0.0248356 0.0248159 1.96744e-05
2.7 533 0.0188141 0.0188066 7.49222e-06
2.85 520 0.0135708 0.0135213 4.94443e-05
