-4.67 14.6003
-4.47 10.7159
-4.17 12.3237
-3.97 11.1156
-3.67 12.0632
-3.47 14.6007
-3.17 15.5623
-2.97 16.5799
-2.68 18.7055
-2.475 18.5439
-2.175 21.6162
-1.98 20.2593
-1.695 27.8814
-1.495 27.7708
-1.21 28.7973
-1.02 28.6602
-0.745 31.0924
-0.565 30.4423
-0.3 33.1857
-0.1 31.7922
0.1 29.4355
0.3 29.2413
0.565 32.5436
0.745 30.5006
1.02 30.4956
1.21 30.0356
1.495 29.1881
1.695 23.4663
1.98 22.4039
2.175 21.844
2.475 19.8842
2.68 15.8833
2.97 14.4754
3.17 16.2997
3.47 15.0826
3.67 13.8844
3.97 12.0918
4.17 9.53995
4.47 11.3333
4.67 10.7968
