-4.67 18.14
-4.47 15.6293
-4.17 17.0987
-3.97 17.5019
-3.67 23.8898
-3.47 30.9466
-3.17 26.1024
-2.97 24.8532
-2.68 27.5317
-2.475 33.3937
-2.175 32.184
-1.98 39.4647
-1.695 40.0417
-1.495 41.8247
-1.21 43.6702
-1.02 45.5377
-0.745 49.5104
-0.565 52.6163
-0.3 51.6631
-0.1 53.6213
0.1 54.1781
0.3 50.4847
0.565 51.6701
0.745 43.4149
1.02 45.8905
1.21 46.7179
1.495 43.2357
1.695 43.4246
1.98 39.733
2.175 31.8939
2.475 33.8726
2.68 30.6756
2.97 27.7536
3.17 28.0946
3.47 29.1603
3.67 20.5933
3.97 18.8514
4.17 17.8217
4.47 22.7242
4.67 19.459
