-4.67 0.000334544
-4.57 0.000350406
-4.47 0.000384005
-4.32 0.000396677
-4.17 0.000408078
-4.07 0.00046194
-3.97 0.000485166
-3.82 0.000622769
-3.67 0.000676477
-3.57 0.000790955
-3.47 0.00088128
-3.32 0.000921045
-3.17 0.000962841
-3.07 0.00102804
-2.97 0.00108309
-2.825 0.00112262
-2.68 0.00126892
-2.5775 0.00121926
-2.475 0.00136544
-2.325 0.00144201
-2.175 0.00149309
-2.0775 0.00159629
-1.98 0.00172621
-1.8375 0.00194811
-1.695 0.00207192
-1.595 0.00217241
-1.495 0.0022454
-1.3525 0.00242234
-1.21 0.00250078
-1.115 0.00240256
-1.02 0.0026416
-0.8825 0.00269809
-0.745 0.00285683
-0.655 0.00267015
-0.565 0.00269916
-0.4325 0.00283282
-0.3 0.00279651
-0.2 0.00286229
-0.1 0.0027187
0 0.00295787
