-4.67 15.3505 4.89101e-18 4.89101e-18 2.02142e-38
-4.57 15.4691 1.76184e-18 1.76184e-18 2.46326e-37
-4.47 15.5878 7.03266e-19 7.03266e-19 5.98057e-39
-4.32 15.5055 5.58043e-19 5.56809e-19 1.23442e-21
-4.17 15.4233 3.28753e-18 3.28753e-18 1.48987e-38
-4.07 15.4416 1.08311e-18 1.08311e-18 1.05387e-38
-3.97 15.46 6.95373e-19 6.95373e-19 1.66599e-38
-3.82 16.0085 7.06855e-18 7.06855e-18 9.82057e-37
-3.67 16.557 2.75087e-18 2.75087e-18 2.04619e-36
-3.57 17.0309 7.02184e-18 7.02184e-18 2.13257e-36
-3.47 17.5048 1.37167e-17 1.37167e-17 1.24828e-35
-3.32 18.1422 1.80292e-17 1.80292e-17 1.03763e-35
-3.17 18.7797 4.83336e-17 4.83336e-17 1.3998e-34
-3.07 18.7959 1.64591e-17 1.64591e-17 6.08946e-35
-2.97 18.812 2.57433e-17 2.57433e-17 1.30689e-34
-2.825 18.7709 5.14502e-17 5.14502e-17 3.51627e-35
-2.68 18.7298 5.92756e-17 5.92756e-17 2.88815e-34
-2.5775 18.7828 1.25739e-17 1.25739e-17 1.14855e-34
-2.475 18.8359 3.70271e-17 3.70271e-17 6.54692e-35
-2.325 18.8446 1.60141e-16 1.60141e-16 8.60891e-36
-2.175 18.8533 6.97997e-17 6.97997e-17 5.7069e-34
-2.0775 18.9115 1.96156e-17 1.96156e-17 2.17399e-34
-1.98 18.9696 2.06054e-17 2.06054e-17 1.89577e-34
-1.8375 19.3872 3.20869e-17 3.20869e-17 8.06821e-34
-1.695 19.8048 6.49401e-17 6.49401e-17 1.4436e-33
-1.595 19.8295 1.28006e-16 1.28006e-16 6.8991e-34
-1.495 19.8541 1.96099e-17 1.96099e-17 4.71747e-34
-1.3525 20.0923 5.30211e-17 5.30211e-17 6.33002e-34
-1.21 20.3305 2.17253e-16 2.17253e-16 5.56062e-34
-1.115 20.3321 8.92417e-17 8.92417e-17 2.43594e-33
-1.02 20.3338 2.06282e-16 2.06282e-16 4.06593e-33
-0.8825 20.3674 1.45002e-16 1.45002e-16 9.30874e-34
-0.745 20.4011 5.64966e-17 5.64966e-17 2.29389e-33
-0.655 20.297 2.42634e-16 2.42634e-16 8.93583e-34
-0.565 20.1929 2.04679e-17 2.04679e-17 2.0044e-33
-0.4325 20.1963 1.13751e-16 1.13751e-16 1.14482e-33
-0.3 20.1997 1.43814e-16 1.43814e-16 4.08678e-33
-0.2 20.2024 1.30638e-16 1.30638e-16 8.90363e-34
-0.1 20.2052 1.37854e-16 1.37854e-16 1.21691e-33
0 20.2052 2.48466e-16 2.48466e-16 8.81593e-34
