-4.67 73.5627 1.72273e-10 1.72273e-10 3.65429e-18
-4.57 74.302 2.20442e-10 2.20442e-10 1.07124e-17
-4.47 75.0413 2.74163e-10 2.74163e-10 4.29861e-18
-4.32 75.3062 2.99457e-10 2.94091e-10 5.36572e-12
-4.17 75.571 2.44326e-10 2.44326e-10 1.84884e-17
-4.07 76.4355 2.41781e-10 2.41781e-10 9.47979e-18
-3.97 77.3 4.09863e-10 4.09863e-10 1.76235e-17
-3.82 80.3224 3.31507e-10 3.31507e-10 7.2516e-17
-3.67 83.3447 7.06476e-10 7.06476e-10 4.56883e-17
-3.57 86.0996 7.92071e-10 7.92071e-10 1.89001e-16
-3.47 88.8546 1.13429e-09 1.13429e-09 1.40351e-16
-3.32 92.0795 2.72437e-09 2.72437e-09 3.40529e-16
-3.17 95.3043 1.92991e-09 1.92991e-09 5.72766e-16
-3.07 95.9899 2.48133e-09 2.48132e-09 1.34713e-15
-2.97 96.6756 2.05297e-09 1.99867e-09 5.4301e-11
-2.825 97.0756 2.77392e-09 2.77392e-09 5.25229e-16
-2.68 97.4757 2.01529e-09 2.01529e-09 9.36135e-16
-2.5775 98.2451 2.35048e-09 2.35047e-09 1.05979e-15
-2.475 99.0146 2.80539e-09 2.80539e-09 1.28648e-15
-2.325 99.5803 2.9485e-09 2.9485e-09 1.04941e-15
-2.175 100.146 2.6238e-09 2.6238e-09 1.54529e-15
-2.0775 100.608 2.69377e-09 2.69376e-09 2.38633e-15
-1.98 101.069 2.15507e-09 2.15507e-09 1.54943e-15
-1.8375 102.728 4.33779e-09 4.33778e-09 1.53033e-15
-1.695 104.388 3.39167e-09 3.39167e-09 5.42478e-15
-1.595 105.572 4.53721e-09 4.5372e-09 3.8117e-15
-1.495 106.755 4.43803e-09 4.43802e-09 4.68454e-15
-1.3525 107.963 4.51817e-09 4.51816e-09 9.05302e-15
-1.21 109.171 6.44635e-09 6.44635e-09 8.97286e-15
-1.115 109.454 6.4743e-09 6.4743e-09 8.20345e-15
-1.02 109.738 6.72444e-09 6.72443e-09 7.21207e-15
-0.8825 110.172 4.12645e-09 4.12645e-09 7.90469e-15
-0.745 110.607 4.52677e-09 4.52676e-09 8.79447e-15
-0.655 110.273 5.31829e-09 5.31829e-09 4.72314e-15
-0.565 109.939 4.88939e-09 4.88938e-09 1.32584e-14
-0.4325 110.117 8.07435e-09 8.07435e-09 5.53455e-15
-0.3 110.295 7.08019e-09 7.08019e-09 6.26704e-15
-0.2 110.422 5.71321e-09 5.7132e-09 5.19691e-15
-0.1 110.548 7.12037e-09 7.12035e-09 1.59405e-14
0 110.548 5.17898e-09 5.17897e-09 8.10494e-15
