-4.67 784.47 0.000524497 0.000503853 2.06436e-05
-4.57 795.62 0.000590552 0.000565766 2.47859e-05
-4.47 806.769 0.000594666 0.000568129 2.65369e-05
-4.32 816.932 0.000629853 0.00060454 2.53136e-05
-4.17 827.094 0.000656705 0.000628482 2.82224e-05
-4.07 842.397 0.000760549 0.000731871 2.86779e-05
-3.97 857.7 0.00068624 0.000647979 3.8261e-05
-3.82 897.626 0.00103664 0.000990303 4.63361e-05
-3.67 937.552 0.00111787 0.0010518 6.60701e-05
-3.57 968.841 0.0013632 0.00127763 8.55713e-05
-3.47 1000.13 0.00145816 0.00135776 0.000100404
-3.32 1021.28 0.00151222 0.00140814 0.000104074
-3.17 1042.42 0.00164775 0.0015181 0.000129651
-3.07 1054.89 0.00180096 0.00168528 0.000115675
-2.97 1067.36 0.0020498 0.00189369 0.000156112
-2.825 1077.45 0.0020542 0.00188924 0.000164955
-2.68 1087.54 0.00218249 0.00200508 0.000177411
-2.5775 1104.82 0.00241662 0.002216 0.000200621
-2.475 1122.1 0.00245771 0.00222933 0.000228381
-2.325 1136.78 0.00266015 0.00242062 0.000239527
-2.175 1151.47 0.00276258 0.00250861 0.000253973
-2.0775 1176.44 0.00288457 0.00258932 0.000295248
-1.98 1201.41 0.00298731 0.00264933 0.000337979
-1.8375 1234.56 0.0035098 0.00315 0.000359803
-1.695 1267.71 0.00403453 0.00358653 0.000448005
-1.595 1285.09 0.00407761 0.0035914 0.000486212
-1.495 1302.47 0.00439098 0.00387233 0.000518654
-1.3525 1316.21 0.00485012 0.00419104 0.000659088
-1.21 1329.95 0.00470441 0.00411679 0.000587628
-1.115 1335.78 0.00454731 0.00396665 0.000580661
-1.02 1341.6 0.00504055 0.00447198 0.000568569
-0.8825 1348.44 0.00522019 0.00454329 0.0006769
-0.745 1355.29 0.00525381 0.00457034 0.00068347
-0.655 1356.35 0.00544589 0.00475787 0.000688022
-0.565 1357.41 0.00540635 0.00476517 0.000641175
-0.4325 1362.16 0.00562848 0.00491678 0.000711696
-0.3 1366.92 0.00572336 0.00509849 0.000624865
-0.2 1369.16 0.00494717 0.00418613 0.000761036
-0.1 1371.4 0.00497161 0.00419885 0.000772755
0 1371.4 0.00540826 0.00469352 0.000714736
