-4.67 228.662 8.59877e-07 8.59664e-07 2.12284e-10
-4.57 231.139 9.83759e-07 9.83422e-07 3.37705e-10
-4.47 233.617 8.62742e-07 8.62517e-07 2.25677e-10
-4.32 235.649 1.14503e-06 1.14469e-06 3.37961e-10
-4.17 237.68 1.26224e-06 1.26192e-06 3.14174e-10
-4.07 241.19 9.40264e-07 9.39943e-07 3.21691e-10
-3.97 244.7 1.4339e-06 1.43351e-06 3.88863e-10
-3.82 255.304 1.79017e-06 1.78931e-06 8.65284e-10
-3.67 265.909 1.78366e-06 1.78263e-06 1.02499e-09
-3.57 274.988 2.64811e-06 2.64667e-06 1.43731e-09
-3.47 284.068 3.42522e-06 3.42276e-06 2.45718e-09
-3.32 293.678 4.10579e-06 4.10215e-06 3.64075e-09
-3.17 303.287 4.43711e-06 4.43355e-06 3.56738e-09
-3.07 305.711 5.29082e-06 5.28572e-06 5.10268e-09
-2.97 308.135 4.53559e-06 4.52928e-06 6.3074e-09
-2.825 310.2 4.78767e-06 4.78151e-06 6.15808e-09
-2.68 312.264 5.73289e-06 5.72648e-06 6.40371e-09
-2.5775 316.238 7.4334e-06 7.42516e-06 8.23514e-09
-2.475 320.211 6.22071e-06 6.20922e-06 1.14902e-08
-2.325 323.451 6.69379e-06 6.6823e-06 1.14904e-08
-2.175 326.69 6.77289e-06 6.76101e-06 1.1879e-08
-2.0775 330.399 6.32699e-06 6.3156e-06 1.1398e-08
-1.98 334.109 6.52805e-06 6.51472e-06 1.33233e-08
-1.8375 339.882 9.24847e-06 9.23248e-06 1.59863e-08
-1.695 345.656 7.41091e-06 7.39136e-06 1.95489e-08
-1.595 349.539 9.93886e-06 9.91344e-06 2.54177e-08
-1.495 353.423 9.2421e-06 9.20913e-06 3.29675e-08
-1.3525 356.827 1.24178e-05 1.23884e-05 2.93049e-08
-1.21 360.231 1.32464e-05 1.32244e-05 2.2052e-08
-1.115 361.774 1.08156e-05 1.07877e-05 2.79351e-08
-1.02 363.318 1.30371e-05 1.30096e-05 2.75357e-08
-0.8825 364.993 1.59537e-05 1.59212e-05 3.25045e-08
-0.745 366.668 9.81261e-06 9.77434e-06 3.8274e-08
-0.655 366.361 1.2773e-05 1.27351e-05 3.78505e-08
-0.565 366.053 1.11716e-05 1.11402e-05 3.13753e-08
-0.4325 367.062 1.31691e-05 1.31305e-05 3.85457e-08
-0.3 368.071 1.23592e-05 1.23129e-05 4.63595e-08
-0.2 368.379 1.40125e-05 1.39853e-05 2.72382e-08
-0.1 368.687 1.26236e-05 1.25877e-05 3.58325e-08
0 368.687 1.24522e-05 1.24177e-05 3.44994e-08
