-4.67 1240 0.00363614 0.00322607 0.000410074
-4.57 1260 0.00428371 0.00337625 0.000907461
-4.47 1280 0.00416452 0.00366188 0.000502646
-4.32 1300 0.0045848 0.00398194 0.000602868
-4.17 1320 0.00471271 0.00407032 0.000642394
-4.07 1345 0.00508161 0.00441621 0.000665394
-3.97 1370 0.0055776 0.00488999 0.00068761
-3.82 1435 0.00685812 0.00596422 0.000893897
-3.67 1500 0.00763703 0.00638125 0.00125578
-3.57 1550 0.00877748 0.00747097 0.00130651
-3.47 1600 0.00981195 0.00827063 0.00154131
-3.32 1625 0.0105343 0.00865313 0.00188118
-3.17 1650 0.0109139 0.00885567 0.00205828
-3.07 1665 0.0119168 0.00964611 0.00227067
-2.97 1680 0.0122977 0.0100028 0.00229485
-2.825 1705 0.0128124 0.0103265 0.00248594
-2.68 1730 0.0147444 0.0119708 0.00277359
-2.5775 1765 0.0141196 0.0111342 0.00298541
-2.475 1800 0.0162211 0.0127442 0.0034769
-2.325 1830 0.0166476 0.0131694 0.00347818
-2.175 1860 0.0170971 0.0135959 0.00350122
-2.0775 1905 0.0193495 0.0148886 0.00446089
-1.98 1950 0.0207096 0.0161836 0.00452606
-1.8375 1990 0.0239843 0.0184824 0.00550188
-1.695 2030 0.0238885 0.0179981 0.00589037
-1.595 2055 0.0260818 0.0196227 0.00645917
-1.495 2080 0.0263588 0.019784 0.00657479
-1.3525 2110 0.0284483 0.0213222 0.00712611
-1.21 2140 0.0309759 0.0230498 0.00792611
-1.115 2155 0.0293348 0.0211232 0.00821162
-1.02 2170 0.032473 0.0243423 0.00813064
-0.8825 2185 0.0330469 0.0240221 0.00902483
-0.745 2200 0.0350223 0.025685 0.00933724
-0.655 2205 0.0324036 0.0234713 0.00893229
-0.565 2210 0.0329398 0.0240698 0.00887008
-0.4325 2220 0.0350325 0.0256457 0.00938677
-0.3 2230 0.0351657 0.0255112 0.00965454
-0.2 2235 0.0355739 0.0265227 0.0090512
-0.1 2240 0.0337845 0.0246695 0.00911503
0 2240 0.0365238 0.0268861 0.00963773
0.1 2240 0.0350097 0.025521 0.00948868
0.2 2235 0.0348371 0.0255181 0.00931901
0.3 2230 0.0341012 0.0246863 0.00941495
0.4325 2220 0.0329252 0.0240602 0.00886509
0.565 2210 0.0329363 0.0245041 0.00843214
0.655 2205 0.0347198 0.0255586 0.00916113
0.745 2200 0.0332967 0.0245606 0.00873607
0.8825 2185 0.0318336 0.0240533 0.00778022
1.02 2170 0.0319992 0.0239433 0.00805589
1.115 2155 0.0306483 0.0226186 0.0080297
1.21 2140 0.0299418 0.0222108 0.00773096
1.3525 2110 0.0285928 0.0212931 0.0072997
1.495 2080 0.0263238 0.0196957 0.00662813
1.595 2055 0.0259888 0.0196239 0.00636492
1.695 2030 0.0234547 0.0181146 0.00534009
1.8375 1990 0.0218749 0.0165671 0.00530777
1.98 1950 0.0204489 0.0157082 0.00474069
2.0775 1905 0.0196033 0.0155437 0.00405957
2.175 1860 0.0176406 0.0137668 0.00387377
2.325 1830 0.0157037 0.0121668 0.0035369
2.475 1800 0.015823 0.01285 0.00297297
2.5775 1765 0.0145961 0.0118239 0.00277222
2.68 1730 0.0128517 0.0103819 0.00246976
2.825 1705 0.0129736 0.0103639 0.00260962
2.97 1680 0.0122574 0.0101255 0.00213191
3.07 1665 0.0119565 0.00973319 0.0022233
3.17 1650 0.0115621 0.00960633 0.00195573
3.32 1625 0.0100205 0.00812837 0.00189211
3.47 1600 0.0102946 0.00858163 0.00171301
3.57 1550 0.00885118 0.00737667 0.00147451
3.67 1500 0.0076685 0.00657384 0.00109465
3.82 1435 0.00674275 0.00582539 0.000917367
3.97 1370 0.00560354 0.00487123 0.000732311
4.07 1345 0.00514148 0.00450049 0.000640994
4.17 1320 0.00439793 0.00386595 0.000531979
4.32 1300 0.00482413 0.00429061 0.000533521
4.47 1280 0.00430935 0.00377258 0.000536767
4.57 1260 0.0038019 0.00335909 0.00044281
4.67 1240 0.00354452 0.00317974 0.00036478
