-4.67 358.743 0.006918 0.00691777 2.26772e-07
-4.57 363.228 0.0028232 0.0028231 1.00948e-07
-4.47 367.713 0.00219618 0.00219597 2.04873e-07
-4.32 371.089 0.0051097 0.00510943 2.68113e-07
-4.17 374.465 0.0172832 0.017283 1.97461e-07
-4.07 380.582 0.0037273 0.0037268 5.05613e-07
-3.97 386.7 0.00328086 0.00328035 5.11739e-07
-3.82 403.798 0.0037102 0.00370982 3.79092e-07
-3.67 420.896 0.0164815 0.0164809 5.89145e-07
-3.57 435.656 0.00742486 0.00742284 2.02475e-06
-3.47 450.415 0.0152043 0.015203 1.3541e-06
-3.32 463.719 0.0259494 0.0259462 3.17876e-06
-3.17 477.023 0.0254989 0.0254933 5.55818e-06
-3.07 481.307 0.0188397 0.0188316 8.13657e-06
-2.97 485.591 0.0185646 0.0185597 4.89044e-06
-2.825 489.355 0.00871605 0.00871182 4.22817e-06
-2.68 493.118 0.0188025 0.0187988 3.63242e-06
-2.5775 499.686 0.0345769 0.0345684 8.51236e-06
-2.475 506.254 0.0709767 0.0709719 4.80681e-06
-2.325 511.904 0.0160515 0.0160472 4.33268e-06
-2.175 517.554 0.0269547 0.0269508 3.90378e-06
-2.0775 524.963 0.0220032 0.0219975 5.66871e-06
-1.98 532.372 0.00982452 0.00981683 7.68733e-06
-1.8375 544.639 0.0104312 0.0104187 1.25026e-05
-1.695 556.907 0.0153422 0.0153286 1.3636e-05
-1.595 563.791 0.0271691 0.0271542 1.48785e-05
-1.495 570.675 0.0495036 0.0494907 1.29586e-05
-1.3525 576.159 0.0972214 0.0972106 1.08294e-05
-1.21 581.643 0.0119603 0.0119431 1.7203e-05
-1.115 584.263 0.0175641 0.0175414 2.26362e-05
-1.02 586.882 0.0430991 0.0430849 1.41995e-05
-0.8825 589.807 0.0456678 0.0456488 1.90069e-05
-0.745 592.733 0.0388591 0.0388419 1.71789e-05
-0.655 592.305 0.0465036 0.0464787 2.49815e-05
-0.565 591.878 0.0188894 0.0188518 3.75267e-05
-0.4325 593.942 0.0109862 0.010961 2.52449e-05
-0.3 596.006 0.0190917 0.0190765 1.51993e-05
-0.2 596.843 0.0167432 0.0167285 1.47285e-05
-0.1 597.68 0.0139496 0.0139331 1.64529e-05
0 597.68 0.0764623 0.0764338 2.85578e-05
0.1 597.68 0.0156643 0.0156494 1.49253e-05
0.2 596.843 0.0842185 0.0842026 1.58398e-05
0.3 596.006 0.0257069 0.025678 2.89055e-05
0.4325 593.942 0.0370306 0.0370107 1.98382e-05
0.565 591.878 0.0742399 0.0742301 9.85213e-06
0.655 592.305 0.0257754 0.0257655 9.96193e-06
0.745 592.733 0.0217897 0.0217771 1.25438e-05
0.8825 589.807 0.0646007 0.0645841 1.66398e-05
1.02 586.882 0.0276555 0.0276402 1.52883e-05
1.115 584.263 0.0500041 0.0499853 1.88354e-05
1.21 581.643 0.0333944 0.0333787 1.56552e-05
1.3525 576.159 0.0190623 0.0190472 1.51584e-05
1.495 570.675 0.021702 0.0216782 2.37871e-05
1.595 563.791 0.0969485 0.0969295 1.89948e-05
1.695 556.907 0.0113101 0.0113043 5.8228e-06
1.8375 544.639 0.0372965 0.037286 1.05105e-05
1.98 532.372 0.0245737 0.0245674 6.26796e-06
2.0775 524.963 0.0111891 0.0111856 3.54068e-06
2.175 517.554 0.0271035 0.0270965 6.97334e-06
2.325 511.904 0.0461135 0.0461038 9.67533e-06
2.475 506.254 0.0175365 0.0175308 5.69985e-06
2.5775 499.686 0.0368871 0.0368833 3.85326e-06
2.68 493.118 0.00960222 0.00959651 5.70969e-06
2.825 489.355 0.0344342 0.0344308 3.423e-06
2.97 485.591 0.0163914 0.016388 3.46572e-06
3.07 481.307 0.0800517 0.0800482 3.40452e-06
3.17 477.023 0.0206501 0.0206469 3.19225e-06
3.32 463.719 0.0107828 0.010779 3.78857e-06
3.47 450.415 0.0232197 0.0232177 2.02241e-06
3.57 435.656 0.0809537 0.0809525 1.28758e-06
3.67 420.896 0.049159 0.0491582 7.63414e-07
3.82 403.798 0.00204456 0.00204355 1.01612e-06
3.97 386.7 0.00349984 0.00349954 3.03061e-07
4.07 380.582 0.00607645 0.00607589 5.56713e-07
4.17 374.465 0.0134619 0.0134616 2.58961e-07
4.32 371.089 0.0196745 0.0196743 1.76705e-07
4.47 367.713 0.0107062 0.010706 1.85646e-07
4.57 363.228 0.00501213 0.00501181 3.23298e-07
4.67 358.743 0.00460616 0.00460602 1.43054e-07
