-4.67 35.5852 2.99028e-07 2.99028e-07 9.99121e-25
-4.57 36.0783 2.78872e-05 2.78872e-05 1.67747e-25
-4.47 36.5714 7.60564e-07 7.60564e-07 3.52614e-24
-4.32 36.6301 4.4873e-06 4.4873e-06 1.00446e-24
-4.17 36.6888 1.22098e-08 1.22098e-08 1.20822e-23
-4.07 37.0444 3.26998e-06 3.26998e-06 1.784e-25
-3.97 37.4 8.86612e-08 8.86612e-08 7.99775e-24
-3.82 38.6966 1.78916e-06 1.78916e-06 3.77194e-24
-3.67 39.9933 4.55643e-08 4.55643e-08 5.66204e-23
-3.57 41.1866 1.76632e-07 1.76632e-07 7.78679e-22
-3.47 42.3799 2.08008e-07 2.08008e-07 3.71534e-22
-3.32 43.9866 2.32452e-07 2.32452e-07 2.38456e-22
-3.17 45.5934 9.25708e-06 9.25708e-06 4.87797e-21
-3.07 45.9344 3.41945e-06 3.41945e-06 1.23985e-21
-2.97 46.2755 0.000187566 0.000187566 1.22673e-22
-2.825 46.2983 1.66611e-08 1.66611e-08 1.20559e-21
-2.68 46.3211 8.01359e-08 8.01359e-08 6.79985e-21
-2.5775 46.5796 7.54862e-07 7.54862e-07 2.62963e-22
-2.475 46.8381 1.53339e-09 1.53339e-09 4.5964e-22
-2.325 47.1377 7.24359e-07 7.24359e-07 5.99585e-21
-2.175 47.4374 7.25356e-08 7.25356e-08 6.28585e-22
-2.0775 47.5326 2.34189e-08 2.34189e-08 6.66202e-21
-1.98 47.6279 9.40737e-06 9.40737e-06 1.10247e-21
-1.8375 48.2089 0.00181996 0.00181996 2.16969e-21
-1.695 48.7899 8.04877e-05 8.04877e-05 3.63644e-21
-1.595 49.2905 4.67148e-07 4.67148e-07 2.94924e-22
-1.495 49.7911 0.000397086 0.000397086 8.03184e-22
-1.3525 50.4145 1.36965e-06 1.36965e-06 2.69456e-21
-1.21 51.038 5.88063e-07 5.88063e-07 6.20879e-21
-1.115 51.1244 1.00898e-07 1.00898e-07 3.28723e-20
-1.02 51.2109 2.03219e-06 2.03219e-06 1.16812e-20
-0.8825 51.3549 2.15081e-06 2.15081e-06 2.82333e-20
-0.745 51.4989 0.000234372 0.000234372 9.82477e-21
-0.655 51.2711 3.51966e-07 3.51966e-07 1.08667e-20
-0.565 51.0433 3.21756e-07 3.21756e-07 1.77448e-20
-0.4325 51.1156 5.15738e-05 5.15738e-05 4.04132e-21
-0.3 51.1879 1.80171e-08 1.80171e-08 4.82292e-21
-0.2 51.1989 2.37761e-05 2.37761e-05 5.97161e-21
-0.1 51.2098 7.73375e-07 7.73375e-07 1.77196e-20
0 51.2098 1.66055e-06 1.66055e-06 4.22742e-21
0.1 51.2098 2.26039e-06 2.26039e-06 4.45082e-21
0.2 51.1989 0.000103773 0.000103773 1.2568e-21
0.3 51.1879 6.32213e-07 6.32213e-07 2.04815e-21
0.4325 51.1156 3.61537e-07 3.61537e-07 5.65725e-21
0.565 51.0433 3.13498e-09 3.13498e-09 9.30708e-21
0.655 51.2711 1.9808e-07 1.9808e-07 3.36656e-20
0.745 51.4989 2.28009e-06 2.28009e-06 3.14446e-22
0.8825 51.3549 2.71426e-07 2.71426e-07 1.25419e-20
1.02 51.2109 1.26141e-08 1.26141e-08 9.44543e-21
1.115 51.1244 5.45787e-07 5.45787e-07 5.69103e-21
1.21 51.038 2.41261e-07 2.41261e-07 1.47821e-19
1.3525 50.4145 8.87283e-09 8.87283e-09 3.91466e-22
1.495 49.7911 5.26486e-06 5.26486e-06 2.62522e-20
1.595 49.2905 8.28217e-05 8.28217e-05 9.43227e-22
1.695 48.7899 3.37894e-07 3.37894e-07 8.94544e-22
1.8375 48.2089 4.3005e-05 4.3005e-05 3.1298e-21
1.98 47.6279 1.53277e-06 1.53277e-06 2.57688e-21
2.0775 47.5326 9.49164e-07 9.49164e-07 2.04519e-21
2.175 47.4374 3.07239e-05 3.07239e-05 2.48408e-21
2.325 47.1377 4.42005e-06 4.42005e-06 5.1136e-22
2.475 46.8381 4.38155e-05 4.38155e-05 4.99338e-23
2.5775 46.5796 1.51316e-07 1.51316e-07 4.65692e-22
2.68 46.3211 1.17799e-07 1.17799e-07 3.22415e-22
2.825 46.2983 9.81798e-07 9.81798e-07 1.327e-21
2.97 46.2755 2.67945e-07 2.67945e-07 2.39066e-21
3.07 45.9344 7.75725e-07 7.75725e-07 1.15145e-21
3.17 45.5934 5.90062e-07 5.90062e-07 1.59524e-22
3.32 43.9866 1.62098e-08 1.62098e-08 4.22126e-22
3.47 42.3799 1.019e-06 1.019e-06 4.03658e-23
3.57 41.1866 2.26941e-07 2.26941e-07 1.08225e-23
3.67 39.9933 4.95062e-08 4.95062e-08 7.86316e-23
3.82 38.6966 5.72611e-08 5.72611e-08 8.58557e-24
3.97 37.4 1.69957e-10 1.69957e-10 2.66527e-24
4.07 37.0444 8.72172e-06 8.72172e-06 1.01449e-24
4.17 36.6888 3.89309e-08 3.89309e-08 1.20778e-25
4.32 36.6301 1.46139e-09 1.46139e-09 9.56867e-25
4.47 36.5714 4.98421e-06 4.98421e-06 3.60578e-23
4.57 36.0783 1.96954e-08 1.96954e-08 2.36202e-25
4.67 35.5852 3.31186e-07 3.31186e-07 2.9098e-25
