-4.67 1028.68 0.356163 0.354832 0.00133122
-4.57 1044.93 0.235849 0.234991 0.00085792
-4.47 1061.17 0.183349 0.181941 0.00140733
-4.32 1075.43 0.136021 0.134893 0.00112781
-4.17 1089.7 0.316578 0.315089 0.00148906
-4.07 1110.85 0.397496 0.39544 0.00205606
-3.97 1132 0.304746 0.302765 0.0019807
-3.82 1185.74 0.24132 0.238782 0.00253749
-3.67 1239.49 0.180042 0.176598 0.00344318
-3.57 1281.03 0.32988 0.323504 0.00637588
-3.47 1322.58 0.491595 0.486328 0.005267
-3.32 1346.19 0.486072 0.482086 0.00398607
-3.17 1369.81 0.361534 0.356478 0.00505632
-3.07 1384.57 0.297675 0.29258 0.00509467
-2.97 1399.33 0.65387 0.647736 0.00613402
-2.825 1416.63 0.638768 0.633335 0.00543237
-2.68 1433.94 0.521386 0.515334 0.00605244
-2.5775 1459.33 0.339791 0.332665 0.00712644
-2.475 1484.72 0.712792 0.702879 0.00991367
-2.325 1506.12 0.565162 0.55399 0.0111716
-2.175 1527.53 0.58585 0.574049 0.0118003
-2.0775 1563.86 0.893076 0.88119 0.0118853
-1.98 1600.18 0.954906 0.937803 0.0171037
-1.8375 1647.99 0.646569 0.627967 0.0186026
-1.695 1695.79 0.752154 0.735502 0.0166516
-1.595 1720.54 0.912766 0.89044 0.0223262
-1.495 1745.29 0.521959 0.499413 0.0225468
-1.3525 1763.16 1.44507 1.42115 0.0239207
-1.21 1781.04 1.14219 1.11444 0.0277454
-1.115 1789.94 0.962029 0.941988 0.0200415
-1.02 1798.84 1.01289 0.988017 0.0248766
-0.8825 1806.99 1.1231 1.09704 0.0260571
-0.745 1815.14 0.925639 0.901792 0.0238474
-0.655 1816.82 1.1351 1.09842 0.0366826
-0.565 1818.49 1.2144 1.18268 0.0317189
-0.4325 1825.69 0.654555 0.629222 0.025333
-0.3 1832.89 1.52143 1.49518 0.0262491
-0.2 1835.55 1.06663 1.03066 0.0359706
-0.1 1838.21 0.886625 0.857461 0.0291638
0 1838.21 0.841821 0.813442 0.0283782
0.1 1838.21 0.977498 0.95161 0.0258878
0.2 1835.55 0.994885 0.96283 0.0320542
0.3 1832.89 1.31833 1.28907 0.0292627
0.4325 1825.69 0.943722 0.921234 0.0224877
0.565 1818.49 0.791751 0.767028 0.0247231
0.655 1816.82 0.761557 0.739278 0.022279
0.745 1815.14 1.08072 1.05767 0.0230472
0.8825 1806.99 1.17497 1.15507 0.0198993
1.02 1798.84 1.08113 1.05987 0.0212571
1.115 1789.94 1.291 1.26902 0.021983
1.21 1781.04 1.03403 1.00353 0.0304961
1.3525 1763.16 1.07652 1.05618 0.0203325
1.495 1745.29 0.601677 0.581984 0.0196928
1.595 1720.54 0.769628 0.750087 0.0195407
1.695 1695.79 0.738398 0.718527 0.0198701
1.8375 1647.99 1.00071 0.984727 0.0159834
1.98 1600.18 0.719287 0.702772 0.0165143
2.0775 1563.86 0.494732 0.484528 0.0102043
2.175 1527.53 0.523826 0.51179 0.0120366
2.325 1506.12 0.575786 0.566665 0.0091217
2.475 1484.72 0.597735 0.58838 0.0093546
2.5775 1459.33 0.473627 0.464714 0.00891282
2.68 1433.94 0.513684 0.503079 0.0106056
2.825 1416.63 0.32427 0.314865 0.00940572
2.97 1399.33 0.449408 0.441845 0.00756234
3.07 1384.57 0.394673 0.388676 0.005997
3.17 1369.81 0.523305 0.518031 0.00527378
3.32 1346.19 0.386539 0.381001 0.00553801
3.47 1322.58 0.630356 0.626576 0.00377955
3.57 1281.03 0.491185 0.488037 0.00314814
3.67 1239.49 0.292167 0.288447 0.00371941
3.82 1185.74 0.578243 0.575205 0.00303734
3.97 1132 0.309561 0.307389 0.00217174
4.07 1110.85 0.342148 0.34075 0.00139842
4.17 1089.7 0.176782 0.175621 0.00116163
4.32 1075.43 0.361246 0.360218 0.00102838
4.47 1061.17 0.453126 0.451774 0.00135168
4.57 1044.93 0.212104 0.211196 0.000907331
4.67 1028.68 0.206928 0.205896 0.0010324
