-4.67 73.5627 1.83225e-06 1.83225e-06 1.90133e-17
-4.57 74.302 7.85291e-07 7.85291e-07 1.87481e-16
-4.47 75.0413 1.34865e-06 1.34865e-06 2.68858e-17
-4.32 75.3062 0.000817642 0.000817642 1.83784e-17
-4.17 75.571 1.16233e-05 1.16233e-05 3.32488e-17
-4.07 76.4355 4.48666e-06 4.48666e-06 1.68721e-17
-3.97 77.3 0.000139822 0.000139822 5.22636e-17
-3.82 80.3224 6.48407e-06 6.48407e-06 2.24088e-15
-3.67 83.3447 1.15008e-06 1.15008e-06 1.37775e-15
-3.57 86.0996 2.96922e-07 2.96922e-07 2.91268e-15
-3.47 88.8546 0.000239645 0.000239645 4.94925e-16
-3.32 92.0795 2.90607e-05 2.90607e-05 1.06833e-15
-3.17 95.3043 6.364e-06 6.364e-06 1.41531e-14
-3.07 95.9899 0.000175193 0.000175193 2.43838e-15
-2.97 96.6756 7.32967e-06 7.32967e-06 8.04731e-16
-2.825 97.0756 5.89485e-06 5.89485e-06 5.40997e-15
-2.68 97.4757 5.34182e-05 5.34182e-05 6.42173e-15
-2.5775 98.2451 0.000565487 0.000565487 4.32151e-14
-2.475 99.0146 3.16899e-05 3.16899e-05 3.41041e-14
-2.325 99.5803 0.000118986 0.000118986 9.03488e-15
-2.175 100.146 1.22207e-05 1.22207e-05 1.17691e-14
-2.0775 100.608 4.85314e-05 4.85314e-05 7.61154e-15
-1.98 101.069 0.000181955 0.000181955 1.2789e-14
-1.8375 102.728 0.000231123 0.000231123 9.76386e-15
-1.695 104.388 2.97125e-05 2.97125e-05 4.00127e-14
-1.595 105.572 3.84663e-05 3.84663e-05 1.74442e-14
-1.495 106.755 0.000271439 0.000271439 9.29318e-15
-1.3525 107.963 2.86469e-05 2.86469e-05 2.6096e-14
-1.21 109.171 8.63587e-06 8.63587e-06 6.97967e-14
-1.115 109.454 0.000344525 0.000344525 5.95174e-14
-1.02 109.738 3.26185e-06 3.26185e-06 2.86716e-14
-0.8825 110.172 0.000106766 0.000106766 5.80112e-14
-0.745 110.607 0.000550716 0.000550716 1.91351e-14
-0.655 110.273 8.05497e-05 8.05497e-05 2.35299e-14
-0.565 109.939 7.70646e-05 7.70646e-05 5.22154e-14
-0.4325 110.117 3.98776e-05 3.98776e-05 2.38174e-14
-0.3 110.295 6.14567e-05 6.14567e-05 6.13182e-14
-0.2 110.422 0.000113363 0.000113363 7.86105e-14
-0.1 110.548 0.000479631 0.000479631 2.29908e-14
0 110.548 4.21723e-06 4.21723e-06 4.73108e-14
0.1 110.548 1.2723e-05 1.2723e-05 1.35949e-14
0.2 110.422 0.000222195 0.000222195 2.22447e-14
0.3 110.295 2.20298e-05 2.20298e-05 1.44685e-14
0.4325 110.117 3.58262e-05 3.58262e-05 1.13812e-13
0.565 109.939 3.08136e-05 3.08136e-05 6.59246e-14
0.655 110.273 1.63316e-05 1.63316e-05 3.10804e-14
0.745 110.607 2.76435e-05 2.76435e-05 4.93654e-14
0.8825 110.172 0.000566516 0.000566516 8.84237e-14
1.02 109.738 9.96049e-06 9.96049e-06 5.76162e-14
1.115 109.454 5.03129e-05 5.03129e-05 5.67261e-14
1.21 109.171 2.81632e-05 2.81632e-05 1.832e-14
1.3525 107.963 2.21565e-05 2.21565e-05 7.06398e-14
1.495 106.755 6.23676e-05 6.23676e-05 2.15729e-14
1.595 105.572 0.00010351 0.00010351 4.99359e-14
1.695 104.388 0.000151747 0.000151747 1.1985e-13
1.8375 102.728 1.01279e-05 1.01279e-05 5.35344e-14
1.98 101.069 0.000111205 0.000111205 2.00842e-14
2.0775 100.608 5.73931e-05 5.73931e-05 4.07702e-15
2.175 100.146 1.34278e-05 1.34278e-05 4.51589e-15
2.325 99.5803 0.000157344 0.000157344 7.8992e-15
2.475 99.0146 0.00100847 0.00100847 1.5905e-14
2.5775 98.2451 5.33276e-06 5.33276e-06 9.11347e-15
2.68 97.4757 3.40121e-05 3.40121e-05 1.20045e-14
2.825 97.0756 4.58224e-05 4.58224e-05 2.45431e-14
2.97 96.6756 0.000369718 0.000369718 3.20843e-15
3.07 95.9899 5.98359e-06 5.98359e-06 5.10917e-15
3.17 95.3043 2.98343e-05 2.98343e-05 7.67802e-15
3.32 92.0795 0.000130861 0.000130861 6.5543e-16
3.47 88.8546 3.06329e-06 3.06329e-06 4.29679e-16
3.57 86.0996 3.33881e-06 3.33881e-06 1.03734e-16
3.67 83.3447 1.01016e-05 1.01016e-05 1.61528e-16
3.82 80.3224 3.80291e-06 3.80291e-06 5.94795e-16
3.97 77.3 9.75826e-06 9.75826e-06 2.5121e-16
4.07 76.4355 4.6478e-06 4.6478e-06 2.8991e-17
4.17 75.571 1.79539e-05 1.79539e-05 1.43824e-16
4.32 75.3062 2.46464e-06 2.46464e-06 6.15808e-17
4.47 75.0413 4.81554e-06 4.81554e-06 5.68748e-17
4.57 74.302 3.15191e-05 3.15191e-05 2.60747e-17
4.67 73.5627 0.00082715 0.00082715 9.8433e-17
