-4.67 0.0525082
-4.57 0.0628629
-4.47 0.0477909
-4.32 0.0671751
-4.17 0.0661672
-4.07 0.0703572
-3.97 0.0560573
-3.82 0.0711604
-3.67 0.0681003
-3.57 0.0901468
-3.47 0.125911
-3.32 0.100935
-3.17 0.0893982
-3.07 0.0917239
-2.97 0.100522
-2.825 0.12969
-2.68 0.103708
-2.5775 0.136215
-2.475 0.146987
-2.325 0.138882
-2.175 0.123611
-2.0775 0.150009
-1.98 0.159564
-1.8375 0.148548
-1.695 0.174934
-1.595 0.200253
-1.495 0.180578
-1.3525 0.255197
-1.21 0.20258
-1.115 0.252691
-1.02 0.246365
-0.8825 0.227349
-0.745 0.215018
-0.655 0.226111
-0.565 0.23763
-0.4325 0.247314
-0.3 0.295807
-0.2 0.229294
-0.1 0.228346
0 0.215761
0.1 0.242042
0.2 0.279467
0.3 0.230386
0.4325 0.201348
0.565 0.205516
0.655 0.248404
0.745 0.199138
0.8825 0.254045
1.02 0.195147
1.115 0.225657
1.21 0.213295
1.3525 0.211705
1.495 0.213982
1.595 0.173885
1.695 0.174676
1.8375 0.180562
1.98 0.154929
2.0775 0.14613
2.175 0.13019
2.325 0.123495
2.475 0.134712
2.5775 0.126174
2.68 0.118643
2.825 0.106344
2.97 0.100572
3.07 0.117311
3.17 0.114387
3.32 0.0851634
3.47 0.120754
3.57 0.100971
3.67 0.0690265
3.82 0.0844603
3.97 0.059255
4.07 0.0568789
4.17 0.0611925
4.32 0.0558056
4.47 0.0705807
4.57 0.0490709
4.67 0.0578062
