-4.67 536.27 0.0402433 0.0402342 9.11707e-06
-4.57 543.62 0.0387271 0.0387209 6.22098e-06
-4.47 550.969 0.0444877 0.0444793 8.39956e-06
-4.32 557.38 0.0357809 0.0357668 1.40609e-05
-4.17 563.792 0.0683915 0.0683808 1.06517e-05
-4.07 573.196 0.042498 0.0424857 1.23267e-05
-3.97 582.6 0.0164271 0.0164023 2.47546e-05
-3.82 609.516 0.0797942 0.0797723 2.186e-05
-3.67 636.432 0.0429643 0.0429445 1.98176e-05
-3.57 658.587 0.0423904 0.0423527 3.76241e-05
-3.47 680.741 0.0437003 0.0436248 7.55097e-05
-3.32 698.891 0.086357 0.0863027 5.43135e-05
-3.17 717.042 0.0628296 0.0627439 8.56805e-05
-3.07 723.696 0.105356 0.105249 0.000107877
-2.97 730.349 0.0534817 0.0533808 0.000100908
-2.825 736.75 0.0799573 0.0798802 7.70726e-05
-2.68 743.151 0.09832 0.0981881 0.000131887
-2.5775 753.834 0.210908 0.210768 0.000139595
-2.475 764.518 0.0710198 0.070904 0.000115757
-2.325 773.516 0.0963917 0.0962794 0.000112219
-2.175 782.515 0.0601606 0.0599826 0.00017806
-2.0775 797.676 0.0621669 0.0619348 0.000232059
-1.98 812.836 0.067339 0.0671787 0.000160242
-1.8375 832.944 0.0922847 0.0919767 0.000308012
-1.695 853.051 0.14157 0.14134 0.000229423
-1.595 864.147 0.183616 0.183296 0.000320509
-1.495 875.242 0.134647 0.1344 0.000246767
-1.3525 884.468 0.180419 0.180087 0.000332235
-1.21 893.695 0.127253 0.126849 0.000403864
-1.115 897.633 0.147532 0.147052 0.000479623
-1.02 901.571 0.289053 0.288593 0.000459846
-0.8825 906.226 0.14765 0.14731 0.00033919
-0.745 910.88 0.295772 0.295432 0.000339916
-0.655 910.847 0.171082 0.170522 0.000560255
-0.565 910.814 0.17868 0.178029 0.000651131
-0.4325 914.032 0.235496 0.235126 0.000369916
-0.3 917.25 0.44122 0.440786 0.000434696
-0.2 918.7 0.166591 0.166262 0.00032855
-0.1 920.151 0.122911 0.12236 0.000550817
0 920.151 0.114016 0.113539 0.000477621
0.1 920.151 0.0926711 0.0921056 0.000565483
0.2 918.7 0.189933 0.189567 0.000366041
0.3 917.25 0.0713423 0.0709927 0.000349634
0.4325 914.032 0.125903 0.125518 0.000385233
0.565 910.814 0.0779036 0.0773516 0.000551932
0.655 910.847 0.0876899 0.0872023 0.000487568
0.745 910.88 0.112547 0.112243 0.000303621
0.8825 906.226 0.154947 0.154271 0.000676069
1.02 901.571 0.116273 0.115833 0.000439949
1.115 897.633 0.149699 0.149329 0.00037017
1.21 893.695 0.20845 0.208162 0.000288873
1.3525 884.468 0.122099 0.121824 0.00027499
1.495 875.242 0.11887 0.118396 0.000473319
1.595 864.147 0.155411 0.15504 0.000371002
1.695 853.051 0.0941683 0.0938826 0.000285714
1.8375 832.944 0.103119 0.102874 0.000244449
1.98 812.836 0.0787273 0.0786237 0.000103555
2.0775 797.676 0.0985733 0.0982936 0.000279716
2.175 782.515 0.0756017 0.0753799 0.000221795
2.325 773.516 0.0388974 0.038723 0.000174403
2.475 764.518 0.069571 0.0694133 0.000157665
2.5775 753.834 0.110047 0.109865 0.000182518
2.68 743.151 0.133149 0.133048 0.000100868
2.825 736.75 0.0665491 0.0664205 0.00012862
2.97 730.349 0.0613082 0.0612105 9.77322e-05
3.07 723.696 0.0777822 0.0777246 5.76126e-05
3.17 717.042 0.083369 0.083305 6.40081e-05
3.32 698.891 0.0848379 0.0847747 6.31826e-05
3.47 680.741 0.111498 0.111436 6.21487e-05
3.57 658.587 0.0340688 0.0340205 4.83492e-05
3.67 636.432 0.025295 0.0252636 3.13776e-05
3.82 609.516 0.0261841 0.0261442 3.98498e-05
3.97 582.6 0.0409971 0.0409845 1.2565e-05
4.07 573.196 0.0582958 0.0582869 8.90381e-06
4.17 563.792 0.0628038 0.0627926 1.11975e-05
4.32 557.38 0.0438851 0.0438717 1.33566e-05
4.47 550.969 0.0293041 0.0292924 1.16975e-05
4.57 543.62 0.0248711 0.0248622 8.87596e-06
4.67 536.27 0.0153897 0.015383 6.68173e-06
