-4.67 15.3505 3.27231e-12 3.27231e-12 1.2324e-39
-4.57 15.4691 6.63627e-10 6.63627e-10 1.02186e-40
-4.47 15.5878 1.35359e-07 1.35359e-07 1.65232e-41
-4.32 15.5055 2.75306e-13 2.75306e-13 1.74684e-39
-4.17 15.4233 1.47151e-09 1.47151e-09 5.52706e-38
-4.07 15.4416 3.50048e-14 3.50048e-14 4.04869e-40
-3.97 15.46 8.63212e-07 8.63212e-07 6.17054e-39
-3.82 16.0085 1.22162e-12 1.22162e-12 3.60131e-37
-3.67 16.557 8.6615e-08 8.6615e-08 1.38189e-38
-3.57 17.0309 5.76226e-13 5.76226e-13 6.91554e-38
-3.47 17.5048 1.29167e-05 1.29167e-05 3.52214e-38
-3.32 18.1422 2.02297e-13 2.02297e-13 8.64407e-39
-3.17 18.7797 1.06188e-08 1.06188e-08 7.505e-37
-3.07 18.7959 9.42457e-09 9.42457e-09 7.57563e-35
-2.97 18.812 1.41056e-08 1.41056e-08 3.18532e-36
-2.825 18.7709 3.05909e-12 3.05909e-12 1.6338e-38
-2.68 18.7298 1.62124e-09 1.62124e-09 2.02624e-37
-2.5775 18.7828 1.79007e-07 1.79007e-07 6.1016e-37
-2.475 18.8359 6.1885e-11 6.1885e-11 4.61423e-36
-2.325 18.8446 1.74559e-10 1.74559e-10 7.56419e-37
-2.175 18.8533 3.28456e-12 3.28456e-12 2.44994e-35
-2.0775 18.9115 1.02766e-10 1.02766e-10 1.2442e-36
-1.98 18.9696 1.10444e-08 1.10444e-08 4.14741e-36
-1.8375 19.3872 2.49962e-07 2.49962e-07 3.4515e-35
-1.695 19.8048 7.35081e-08 7.35081e-08 1.73998e-35
-1.595 19.8295 6.61342e-13 6.61342e-13 1.95517e-35
-1.495 19.8541 6.48597e-09 6.48597e-09 2.74233e-34
-1.3525 20.0923 1.06484e-08 1.06484e-08 4.75946e-35
-1.21 20.3305 1.12622e-11 1.12622e-11 1.60614e-34
-1.115 20.3321 4.00056e-09 4.00056e-09 1.66769e-34
-1.02 20.3338 3.71315e-12 3.71315e-12 6.53957e-35
-0.8825 20.3674 4.75869e-07 4.75869e-07 4.97343e-36
-0.745 20.4011 3.51349e-08 3.51349e-08 1.84664e-36
-0.655 20.297 1.14374e-10 1.14374e-10 7.99035e-36
-0.565 20.1929 2.08931e-10 2.08931e-10 2.01637e-35
-0.4325 20.1963 4.3001e-09 4.3001e-09 4.32646e-35
-0.3 20.1997 7.69727e-07 7.69727e-07 5.48264e-35
-0.2 20.2024 1.82834e-10 1.82834e-10 2.70873e-34
-0.1 20.2052 4.51751e-09 4.51751e-09 2.22957e-35
0 20.2052 2.92916e-12 2.92916e-12 2.20172e-35
0.1 20.2052 2.39075e-09 2.39075e-09 4.10198e-37
0.2 20.2024 1.07022e-08 1.07022e-08 2.65656e-34
0.3 20.1997 7.0224e-12 7.0224e-12 1.14246e-36
0.4325 20.1963 1.60593e-06 1.60593e-06 1.55263e-35
0.565 20.1929 2.17002e-11 2.17002e-11 3.64437e-36
0.655 20.297 3.46421e-10 3.46421e-10 6.13627e-34
0.745 20.4011 8.11633e-07 8.11633e-07 2.71564e-33
0.8825 20.3674 4.13067e-09 4.13067e-09 1.76629e-33
1.02 20.3338 5.79489e-11 5.79489e-11 3.09247e-33
1.115 20.3321 2.34906e-10 2.34906e-10 3.17849e-37
1.21 20.3305 4.21383e-11 4.21383e-11 1.19476e-32
1.3525 20.0923 1.48868e-10 1.48868e-10 1.61e-33
1.495 19.8541 1.87811e-06 1.87811e-06 6.7967e-35
1.595 19.8295 2.71931e-09 2.71931e-09 2.28e-34
1.695 19.8048 9.61311e-06 9.61311e-06 2.36427e-37
1.8375 19.3872 5.55599e-12 5.55599e-12 2.55829e-35
1.98 18.9696 3.67893e-10 3.67893e-10 9.49873e-36
2.0775 18.9115 1.78175e-07 1.78175e-07 6.26732e-37
2.175 18.8533 2.87068e-10 2.87068e-10 2.66422e-36
2.325 18.8446 5.90228e-09 5.90228e-09 2.10717e-35
2.475 18.8359 1.80244e-10 1.80244e-10 2.57485e-36
2.5775 18.7828 5.35412e-12 5.35412e-12 2.42148e-38
2.68 18.7298 6.37492e-12 6.37492e-12 2.55586e-36
2.825 18.7709 1.27202e-07 1.27202e-07 1.00122e-35
2.97 18.812 1.27679e-11 1.27679e-11 3.21932e-35
3.07 18.7959 1.65607e-06 1.65607e-06 1.99893e-38
3.17 18.7797 3.20935e-10 3.20935e-10 1.35119e-34
3.32 18.1422 2.47544e-08 2.47544e-08 5.16869e-37
3.47 17.5048 4.11444e-07 4.11444e-07 1.5092e-37
3.57 17.0309 5.40649e-12 5.40649e-12 6.49908e-38
3.67 16.557 4.88372e-08 4.88372e-08 4.83374e-39
3.82 16.0085 5.91196e-08 5.91196e-08 1.41284e-38
3.97 15.46 5.57702e-15 5.57702e-15 1.9813e-38
4.07 15.4416 3.32669e-15 3.32669e-15 2.01435e-39
4.17 15.4233 4.99216e-08 4.99216e-08 8.82873e-40
4.32 15.5055 9.93992e-06 9.93992e-06 2.91915e-41
4.47 15.5878 3.49949e-13 3.49949e-13 1.08658e-39
4.57 15.4691 2.4535e-12 2.4535e-12 1.38309e-40
4.67 15.3505 2.19637e-07 2.19637e-07 2.08501e-41
