-4.67 1028.68
-4.47 1061.17
-4.17 1089.7
-3.97 1132
-3.67 1239.49
-3.47 1322.58
-3.17 1369.81
-2.97 1399.33
-2.68 1433.94
-2.475 1484.72
-2.175 1527.53
-1.98 1600.18
-1.695 1695.79
-1.495 1745.29
-1.21 1781.04
-1.02 1798.84
-0.745 1815.14
-0.565 1818.49
-0.3 1832.89
-0.1 1838.21
0.1 1838.21
0.3 1832.89
0.565 1818.49
0.745 1815.14
1.02 1798.84
1.21 1781.04
1.495 1745.29
1.695 1695.79
1.98 1600.18
2.175 1527.53
2.475 1484.72
2.68 1433.94
2.97 1399.33
3.17 1369.81
3.47 1322.58
3.67 1239.49
3.97 1132
4.17 1089.7
4.47 1061.17
4.67 1028.68
