-4.67 358.743
-4.47 367.713
-4.17 374.465
-3.97 386.7
-3.67 420.896
-3.47 450.415
-3.17 477.023
-2.97 485.591
-2.68 493.118
-2.475 506.254
-2.175 517.554
-1.98 532.372
-1.695 556.907
-1.495 570.675
-1.21 581.643
-1.02 586.882
-0.745 592.733
-0.565 591.878
-0.3 596.006
-0.1 597.68
0.1 597.68
0.3 596.006
0.565 591.878
0.745 592.733
1.02 586.882
1.21 581.643
1.495 570.675
1.695 556.907
1.98 532.372
2.175 517.554
2.475 506.254
2.68 493.118
2.97 485.591
3.17 477.023
3.47 450.415
3.67 420.896
3.97 386.7
4.17 374.465
4.47 367.713
4.67 358.743
