-4.67 536.27
-4.47 550.969
-4.17 563.792
-3.97 582.6
-3.67 636.432
-3.47 680.741
-3.17 717.042
-2.97 730.349
-2.68 743.151
-2.475 764.518
-2.175 782.515
-1.98 812.836
-1.695 853.051
-1.495 875.242
-1.21 893.695
-1.02 901.571
-0.745 910.88
-0.565 910.814
-0.3 917.25
-0.1 920.151
0.1 920.151
0.3 917.25
0.565 910.814
0.745 910.88
1.02 901.571
1.21 893.695
1.495 875.242
1.695 853.051
1.98 812.836
2.175 782.515
2.475 764.518
2.68 743.151
2.97 730.349
3.17 717.042
3.47 680.741
3.67 636.432
3.97 582.6
4.17 563.792
4.47 550.969
4.67 536.27
