-4.67 228.662
-4.47 233.617
-4.17 237.68
-3.97 244.7
-3.67 265.909
-3.47 284.068
-3.17 303.287
-2.97 308.135
-2.68 312.264
-2.475 320.211
-2.175 326.69
-1.98 334.109
-1.695 345.656
-1.495 353.423
-1.21 360.231
-1.02 363.318
-0.745 366.668
-0.565 366.053
-0.3 368.071
-0.1 368.687
0.1 368.687
0.3 368.071
0.565 366.053
0.745 366.668
1.02 363.318
1.21 360.231
1.495 353.423
1.695 345.656
1.98 334.109
2.175 326.69
2.475 320.211
2.68 312.264
2.97 308.135
3.17 303.287
3.47 284.068
3.67 265.909
3.97 244.7
4.17 237.68
4.47 233.617
4.67 228.662
