-4.67 73.5627
-4.47 75.0413
-4.17 75.571
-3.97 77.3
-3.67 83.3447
-3.47 88.8546
-3.17 95.3043
-2.97 96.6756
-2.68 97.4757
-2.475 99.0146
-2.175 100.146
-1.98 101.069
-1.695 104.388
-1.495 106.755
-1.21 109.171
-1.02 109.738
-0.745 110.607
-0.565 109.939
-0.3 110.295
-0.1 110.548
0.1 110.548
0.3 110.295
0.565 109.939
0.745 110.607
1.02 109.738
1.21 109.171
1.495 106.755
1.695 104.388
1.98 101.069
2.175 100.146
2.475 99.0146
2.68 97.4757
2.97 96.6756
3.17 95.3043
3.47 88.8546
3.67 83.3447
3.97 77.3
4.17 75.571
4.47 75.0413
4.67 73.5627
