-4.67 1028.68 0.0112633 0.0112608 2.45065e-06
-4.57 1044.93 0.0128606 0.0128575 3.14041e-06
-4.47 1061.17 0.0100123 0.0100096 2.7043e-06
-4.32 1075.43 0.0123706 0.0123672 3.4333e-06
-4.17 1089.7 0.0121717 0.0121672 4.44797e-06
-4.07 1110.85 0.0133902 0.0133848 5.39691e-06
-3.97 1132 0.0164797 0.0164739 5.87615e-06
-3.82 1185.74 0.0114998 0.0114908 9.08138e-06
-3.67 1239.49 0.0190419 0.01903 1.19086e-05
-3.57 1281.03 0.0182969 0.018284 1.29303e-05
-3.47 1322.58 0.0219842 0.0219653 1.88807e-05
-3.32 1346.19 0.0263846 0.026362 2.25686e-05
-3.17 1369.81 0.0186356 0.0186107 2.48891e-05
-3.07 1384.57 0.0241145 0.0240853 2.91838e-05
-2.97 1399.33 0.028483 0.0284527 3.03243e-05
-2.825 1416.63 0.02364 0.0236078 3.2164e-05
-2.68 1433.94 0.0271715 0.0271356 3.58721e-05
-2.5775 1459.33 0.0290201 0.0289766 4.34303e-05
-2.475 1484.72 0.0240783 0.0240352 4.30941e-05
-2.325 1506.12 0.0318681 0.0318179 5.02015e-05
-2.175 1527.53 0.0329095 0.0328546 5.49693e-05
-2.0775 1563.86 0.0368736 0.0367963 7.73066e-05
-1.98 1600.18 0.0324043 0.0323173 8.6969e-05
-1.8375 1647.99 0.0399786 0.039877 0.000101611
-1.695 1695.79 0.03846 0.0383395 0.000120491
-1.595 1720.54 0.0413991 0.041263 0.000136071
-1.495 1745.29 0.044733 0.0445715 0.000161523
-1.3525 1763.16 0.0480976 0.047938 0.000159583
-1.21 1781.04 0.0488128 0.0486466 0.000166231
-1.115 1789.94 0.0457294 0.0455519 0.00017752
-1.02 1798.84 0.0464599 0.0462639 0.000196064
-0.8825 1806.99 0.0487122 0.0485202 0.000191991
-0.745 1815.14 0.0505046 0.050294 0.000210661
-0.655 1816.82 0.0495246 0.0493283 0.000196247
-0.565 1818.49 0.0523623 0.0521656 0.000196748
-0.4325 1825.69 0.0540275 0.0537968 0.000230695
-0.3 1832.89 0.0526257 0.0524207 0.000205059
-0.2 1835.55 0.0470123 0.0467992 0.000213108
-0.1 1838.21 0.0535208 0.0532906 0.000230233
0 1838.21 0.0565922 0.0563785 0.00021366
