-4.67 0.00258538
-4.57 0.00255291
-4.47 0.00253426
-4.32 0.00298055
-4.17 0.00287798
-4.07 0.00284684
-3.97 0.00347181
-3.82 0.0030864
-3.67 0.00403621
-3.57 0.00398495
-3.47 0.00488245
-3.32 0.00490495
-3.17 0.0045873
-3.07 0.00538788
-2.97 0.00612627
-2.825 0.00530892
-2.68 0.00597853
-2.5775 0.00604161
-2.475 0.0059692
-2.325 0.00659866
-2.175 0.00703353
-2.0775 0.00751382
-1.98 0.00753031
-1.8375 0.00872531
-1.695 0.00846496
-1.595 0.00925421
-1.495 0.00979253
-1.3525 0.0104401
-1.21 0.0111992
-1.115 0.010298
-1.02 0.0108235
-0.8825 0.0107971
-0.745 0.0110593
-0.655 0.0106787
-0.565 0.0112021
-0.4325 0.0118034
-0.3 0.0112986
-0.2 0.0109218
-0.1 0.0114678
0 0.0128563
