-4.67 536.27 0.00153941 0.0015394 3.54159e-09
-4.57 543.62 0.00093225 0.000932245 5.16145e-09
-4.47 550.969 0.00206038 0.00206038 4.82542e-09
-4.32 557.38 0.00264718 0.00264717 6.73456e-09
-4.17 563.792 0.0021707 0.0021707 5.88596e-09
-4.07 573.196 0.00169655 0.00169655 7.61081e-09
-3.97 582.6 0.00299704 0.00299703 7.01864e-09
-3.82 609.516 0.00190157 0.00190156 1.39595e-08
-3.67 636.432 0.00302684 0.00302682 2.00785e-08
-3.57 658.587 0.00198804 0.00198801 3.43825e-08
-3.47 680.741 0.00385807 0.00385802 5.07305e-08
-3.32 698.891 0.00371315 0.00371309 6.71349e-08
-3.17 717.042 0.00330635 0.00330626 8.83626e-08
-3.07 723.696 0.00384749 0.00384741 8.63326e-08
-2.97 730.349 0.00416237 0.00416227 9.27675e-08
-2.825 736.75 0.00325849 0.00325841 7.94239e-08
-2.68 743.151 0.00399283 0.00399272 1.08513e-07
-2.5775 753.834 0.00400204 0.0040019 1.43229e-07
-2.475 764.518 0.00407397 0.00407382 1.46983e-07
-2.325 773.516 0.00534645 0.00534629 1.55693e-07
-2.175 782.515 0.00484303 0.00484283 1.96777e-07
-2.0775 797.676 0.00443431 0.00443411 2.058e-07
-1.98 812.836 0.00485778 0.0048575 2.74441e-07
-1.8375 832.944 0.0060859 0.00608555 3.53267e-07
-1.695 853.051 0.00431286 0.00431233 5.33661e-07
-1.595 864.147 0.00619514 0.00619464 4.98505e-07
-1.495 875.242 0.00610026 0.00609972 5.38774e-07
-1.3525 884.468 0.00589676 0.00589617 5.86249e-07
-1.21 893.695 0.00659431 0.00659369 6.27286e-07
-1.115 897.633 0.00543145 0.00543072 7.28716e-07
-1.02 901.571 0.00823275 0.0082319 8.47658e-07
-0.8825 906.226 0.00791764 0.00791687 7.62127e-07
-0.745 910.88 0.00787554 0.00787467 8.72476e-07
-0.655 910.847 0.00662773 0.00662693 7.95456e-07
-0.565 910.814 0.00718129 0.00718048 8.09604e-07
-0.4325 914.032 0.00726735 0.00726652 8.30805e-07
-0.3 917.25 0.00655563 0.0065548 8.29787e-07
-0.2 918.7 0.00608078 0.00607991 8.76123e-07
-0.1 920.151 0.00722919 0.00722804 1.14385e-06
0 920.151 0.00801836 0.00801737 9.95618e-07
