-4.67 1028.68 0.0787029 0.0786948 8.0634e-06
-4.57 1044.93 0.103726 0.103717 8.796e-06
-4.47 1061.17 0.0846589 0.0846471 1.18024e-05
-4.32 1075.43 0.079491 0.079479 1.20297e-05
-4.17 1089.7 0.138796 0.138783 1.28777e-05
-4.07 1110.85 0.113595 0.113578 1.70051e-05
-3.97 1132 0.125747 0.125727 1.96579e-05
-3.82 1185.74 0.138309 0.13828 2.90274e-05
-3.67 1239.49 0.129216 0.129168 4.79246e-05
-3.57 1281.03 0.119425 0.119368 5.70904e-05
-3.47 1322.58 0.161217 0.161146 7.05106e-05
-3.32 1346.19 0.168111 0.168029 8.17206e-05
-3.17 1369.81 0.168783 0.168694 8.9053e-05
-3.07 1384.57 0.190964 0.190871 9.2946e-05
-2.97 1399.33 0.194219 0.194096 0.000122679
-2.825 1416.63 0.195521 0.195396 0.000124627
-2.68 1433.94 0.21596 0.215827 0.000132886
-2.5775 1459.33 0.247989 0.247831 0.000157591
-2.475 1484.72 0.235861 0.235704 0.000156783
-2.325 1506.12 0.258023 0.257837 0.000186056
-2.175 1527.53 0.256022 0.255809 0.000212679
-2.0775 1563.86 0.234282 0.234016 0.000266524
-1.98 1600.18 0.327241 0.32692 0.000321328
-1.8375 1647.99 0.289106 0.288734 0.000372371
-1.695 1695.79 0.350333 0.349833 0.000499447
-1.595 1720.54 0.413151 0.412637 0.000514232
-1.495 1745.29 0.340371 0.339831 0.000539943
-1.3525 1763.16 0.399253 0.398641 0.000611892
-1.21 1781.04 0.416997 0.416373 0.000624783
-1.115 1789.94 0.459752 0.459009 0.000742964
-1.02 1798.84 0.472483 0.471813 0.000669968
-0.8825 1806.99 0.360833 0.360123 0.000710224
-0.745 1815.14 0.36386 0.363104 0.000756082
-0.655 1816.82 0.464656 0.463883 0.000772607
-0.565 1818.49 0.387288 0.386496 0.000792473
-0.4325 1825.69 0.51436 0.513584 0.000776121
-0.3 1832.89 0.409766 0.408972 0.000794069
-0.2 1835.55 0.414119 0.413285 0.000833352
-0.1 1838.21 0.494602 0.493785 0.000817038
0 1838.21 0.49817 0.497284 0.000886331
