-4.67 35.5852 3.81746e-07 3.81746e-07 1.01238e-35
-4.57 36.0783 2.45791e-05 2.45791e-05 2.9063e-24
-4.47 36.5714 1.90141e-06 1.90141e-06 3.66305e-19
-4.32 36.6301 8.98573e-08 8.98573e-08 5.18383e-30
-4.17 36.6888 1.71193e-06 1.71193e-06 1.88035e-35
-4.07 37.0444 2.19177e-07 2.19177e-07 1.21295e-35
-3.97 37.4 2.67882e-06 2.67882e-06 5.37217e-35
-3.82 38.6966 9.33976e-07 9.33976e-07 4.08438e-34
-3.67 39.9933 1.89002e-05 1.89002e-05 3.66839e-34
-3.57 41.1866 3.00063e-07 3.00063e-07 2.1707e-33
-3.47 42.3799 3.98787e-06 3.98787e-06 3.00504e-33
-3.32 43.9866 4.23814e-05 4.23814e-05 3.08662e-32
-3.17 45.5934 6.40859e-07 6.40859e-07 7.39972e-32
-3.07 45.9344 4.73985e-07 4.73985e-07 1.6227e-31
-2.97 46.2755 3.6415e-05 3.6415e-05 2.24284e-31
-2.825 46.2983 6.10798e-07 6.10798e-07 1.56319e-31
-2.68 46.3211 1.63815e-05 1.63815e-05 8.52892e-32
-2.5775 46.5796 6.57167e-06 6.57167e-06 2.8825e-31
-2.475 46.8381 2.69487e-07 2.69487e-07 1.831e-31
-2.325 47.1377 5.45467e-07 5.45467e-07 2.28347e-31
-2.175 47.4374 5.21092e-07 5.21092e-07 3.66461e-31
-2.0775 47.5326 1.0541e-06 1.0541e-06 7.13535e-31
-1.98 47.6279 2.46868e-06 2.46868e-06 2.8258e-31
-1.8375 48.2089 3.00343e-07 3.00343e-07 1.07204e-30
-1.695 48.7899 8.69751e-06 8.69751e-06 9.35843e-31
-1.595 49.2905 6.47955e-05 6.47955e-05 1.36074e-30
-1.495 49.7911 1.00429e-05 1.00429e-05 2.13073e-30
-1.3525 50.4145 6.04498e-07 6.04498e-07 3.93957e-30
-1.21 51.038 4.49543e-06 4.49543e-06 7.93754e-30
-1.115 51.1244 6.01906e-07 6.01906e-07 3.26378e-30
-1.02 51.2109 9.11918e-06 9.11918e-06 1.08451e-29
-0.8825 51.3549 3.63851e-07 3.63851e-07 6.6014e-30
-0.745 51.4989 9.10386e-06 9.10386e-06 4.63911e-30
-0.655 51.2711 5.33024e-06 5.33024e-06 1.68383e-29
-0.565 51.0433 1.55598e-06 1.55598e-06 1.46809e-29
-0.4325 51.1156 3.82669e-07 3.82669e-07 3.69382e-30
-0.3 51.1879 6.75688e-07 6.75688e-07 5.01397e-30
-0.2 51.1989 7.62053e-06 7.62053e-06 6.40236e-30
-0.1 51.2098 5.98006e-06 5.98006e-06 8.33943e-30
0 51.2098 5.81727e-06 5.81727e-06 5.31954e-30
