-4.67 784.47 0.00683178 0.00683159 1.94335e-07
-4.57 795.62 0.00563396 0.0055564 7.75581e-05
-4.47 806.769 0.00519774 0.00519746 2.7949e-07
-4.32 816.932 0.00491015 0.00490981 3.39329e-07
-4.17 827.094 0.00613342 0.00613314 2.80129e-07
-4.07 842.397 0.00628532 0.00628496 3.56938e-07
-3.97 857.7 0.00702401 0.00702358 4.31785e-07
-3.82 897.626 0.0061524 0.00615172 6.74626e-07
-3.67 937.552 0.00812919 0.00812806 1.13119e-06
-3.57 968.841 0.00711526 0.00711386 1.40111e-06
-3.47 1000.13 0.00997346 0.00997161 1.84292e-06
-3.32 1021.28 0.00928663 0.00928439 2.23906e-06
-3.17 1042.42 0.00921316 0.00921021 2.94821e-06
-3.07 1054.89 0.00952274 0.00951992 2.82525e-06
-2.97 1067.36 0.0134036 0.0134005 3.05094e-06
-2.825 1077.45 0.0121229 0.0121198 3.00713e-06
-2.68 1087.54 0.0110875 0.0110839 3.57285e-06
-2.5775 1104.82 0.0118404 0.0118355 4.93714e-06
-2.475 1122.1 0.0134655 0.0134605 4.96634e-06
-2.325 1136.78 0.0103405 0.0103347 5.81381e-06
-2.175 1151.47 0.0138951 0.0138897 5.40333e-06
-2.0775 1176.44 0.0171661 0.0171578 8.37626e-06
-1.98 1201.41 0.0124668 0.0124573 9.48512e-06
-1.8375 1234.56 0.0170932 0.0170798 1.33786e-05
-1.695 1267.71 0.0185851 0.0185719 1.31694e-05
-1.595 1285.09 0.0177332 0.017718 1.51508e-05
-1.495 1302.47 0.0176595 0.0176422 1.72456e-05
-1.3525 1316.21 0.0213065 0.0212866 1.9903e-05
-1.21 1329.95 0.0243931 0.0243727 2.03847e-05
-1.115 1335.78 0.019947 0.0199277 1.9239e-05
-1.02 1341.6 0.0228598 0.0228405 1.93062e-05
-0.8825 1348.44 0.021748 0.021727 2.10074e-05
-0.745 1355.29 0.0223409 0.0223204 2.04975e-05
-0.655 1356.35 0.0207659 0.0207441 2.17292e-05
-0.565 1357.41 0.0209359 0.0209135 2.23759e-05
-0.4325 1362.16 0.0267063 0.0266838 2.24658e-05
-0.3 1366.92 0.0242414 0.0242127 2.87902e-05
-0.2 1369.16 0.0217635 0.0217385 2.49794e-05
-0.1 1371.4 0.0229323 0.0229073 2.49859e-05
0 1371.4 0.0232705 0.0232442 2.63886e-05
