-4.67 73.5627 4.52934e-05 4.52934e-05 1.20057e-24
-4.57 74.302 2.76906e-05 2.76906e-05 3.57627e-25
-4.47 75.0413 3.58614e-05 3.58614e-05 2.40795e-24
-4.32 75.3062 2.6239e-05 2.6239e-05 1.95396e-24
-4.17 75.571 5.3962e-06 5.3962e-06 1.3426e-24
-4.07 76.4355 9.50439e-07 9.50439e-07 5.64645e-24
-3.97 77.3 0.000112424 0.000112424 3.76428e-24
-3.82 80.3224 2.15712e-06 2.15712e-06 5.98039e-24
-3.67 83.3447 1.0851e-05 1.0851e-05 2.47391e-23
-3.57 86.0996 2.01477e-05 2.01477e-05 3.96256e-23
-3.47 88.8546 1.71442e-05 1.71442e-05 7.19894e-23
-3.32 92.0795 2.37509e-05 2.37509e-05 3.18592e-22
-3.17 95.3043 2.20964e-05 2.20964e-05 5.06763e-22
-3.07 95.9899 2.58714e-05 2.58714e-05 1.03791e-21
-2.97 96.6756 4.51736e-05 4.51736e-05 1.01466e-21
-2.825 97.0756 0.000318702 0.000318702 1.43755e-21
-2.68 97.4757 3.85383e-06 3.85383e-06 2.08666e-21
-2.5775 98.2451 2.36726e-05 2.36726e-05 6.37878e-22
-2.475 99.0146 7.94387e-05 7.94387e-05 3.14657e-21
-2.325 99.5803 8.43564e-05 8.43564e-05 2.25541e-21
-2.175 100.146 2.44273e-05 2.44273e-05 2.72209e-21
-2.0775 100.608 0.0010347 0.0010347 5.69568e-21
-1.98 101.069 7.90351e-06 7.90351e-06 2.07619e-21
-1.8375 102.728 2.95725e-05 2.95725e-05 6.39586e-21
-1.695 104.388 5.6376e-05 5.6376e-05 7.55597e-21
-1.595 105.572 3.39525e-05 3.39525e-05 1.17353e-20
-1.495 106.755 0.000144345 0.000144345 1.50601e-20
-1.3525 107.963 0.000159666 0.000159666 1.57074e-20
-1.21 109.171 8.62391e-05 8.62391e-05 1.54887e-20
-1.115 109.454 4.2708e-05 4.2708e-05 4.42126e-20
-1.02 109.738 9.14196e-05 9.14196e-05 2.81285e-20
-0.8825 110.172 4.08566e-05 4.08566e-05 2.03708e-20
-0.745 110.607 5.87531e-05 5.87531e-05 2.64703e-20
-0.655 110.273 0.000111252 0.000111252 1.39567e-20
-0.565 109.939 1.33183e-05 1.33183e-05 1.75639e-20
-0.4325 110.117 1.88142e-05 1.88142e-05 3.55238e-20
-0.3 110.295 6.91641e-05 6.91641e-05 2.79484e-20
-0.2 110.422 3.23528e-05 3.23528e-05 5.77851e-20
-0.1 110.548 5.3732e-05 5.3732e-05 3.25702e-20
0 110.548 7.25637e-05 7.25637e-05 3.94084e-20
