-4.67 358.743 0.000457626 0.000457626 1.91767e-11
-4.57 363.228 0.000300424 0.000300424 3.50476e-11
-4.47 367.713 0.000429127 0.000429127 2.4646e-11
-4.32 371.089 0.000888837 0.000888833 4.00566e-09
-4.17 374.465 0.000402152 0.000402152 5.40217e-11
-4.07 380.582 0.000556269 0.000556269 5.30087e-11
-3.97 386.7 0.000480228 0.000480228 5.55399e-11
-3.82 403.798 0.000722655 0.000722655 1.13613e-10
-3.67 420.896 0.000534031 0.000534031 1.58516e-10
-3.57 435.656 0.000604006 0.000604006 2.18396e-10
-3.47 450.415 0.000804605 0.000804605 4.47165e-10
-3.32 463.719 0.000816225 0.000816224 4.72827e-10
-3.17 477.023 0.00137278 0.00137278 5.45286e-10
-3.07 481.307 0.00108834 0.00108834 9.55563e-10
-2.97 485.591 0.00119368 0.00119368 8.7057e-10
-2.825 489.355 0.00124333 0.00124333 1.12294e-09
-2.68 493.118 0.00121743 0.00121743 1.11892e-09
-2.5775 499.686 0.000837415 0.000837414 1.784e-09
-2.475 506.254 0.00105537 0.00105537 1.70065e-09
-2.325 511.904 0.00124607 0.00124606 2.02662e-09
-2.175 517.554 0.00102841 0.00102841 2.05217e-09
-2.0775 524.963 0.00136715 0.00136715 2.93033e-09
-1.98 532.372 0.00129137 0.00129137 3.58975e-09
-1.8375 544.639 0.00120268 0.00120268 4.59957e-09
-1.695 556.907 0.0010927 0.0010927 5.51327e-09
-1.595 563.791 0.00191128 0.00191128 8.10834e-09
-1.495 570.675 0.00252559 0.00252558 7.57002e-09
-1.3525 576.159 0.00125607 0.00125606 8.62722e-09
-1.21 581.643 0.00257379 0.00257378 8.9141e-09
-1.115 584.263 0.0027894 0.00278939 1.00101e-08
-1.02 586.882 0.00195145 0.00195144 1.16805e-08
-0.8825 589.807 0.00192628 0.00192627 9.04154e-09
-0.745 592.733 0.00166704 0.00166702 1.14044e-08
-0.655 592.305 0.00354786 0.00354785 8.79048e-09
-0.565 591.878 0.00215489 0.00215488 1.05185e-08
-0.4325 593.942 0.00189422 0.00189421 1.22509e-08
-0.3 596.006 0.00274467 0.00274466 9.6963e-09
-0.2 596.843 0.00226636 0.00226635 1.23683e-08
-0.1 597.68 0.00181971 0.0018197 1.07025e-08
0 597.68 0.00225967 0.00225966 1.09313e-08
