-4.67 358.743 0.00781923 0.00781453 4.70786e-06
-4.57 363.228 0.00458991 0.00458991 5.69123e-11
-4.47 367.713 0.00490098 0.00490098 1.03744e-10
-4.32 371.089 0.00370818 0.00370818 1.05235e-10
-4.17 374.465 0.00472527 0.00472527 9.35155e-11
-4.07 380.582 0.00350063 0.00350063 1.34276e-10
-3.97 386.7 0.0028353 0.0028353 2.01146e-10
-3.82 403.798 0.00872261 0.00872261 2.95797e-10
-3.67 420.896 0.00954984 0.00954984 5.35169e-10
-3.57 435.656 0.00751307 0.00751307 7.9114e-10
-3.47 450.415 0.00796535 0.00796535 1.59753e-09
-3.32 463.719 0.00841183 0.00841183 1.6122e-09
-3.17 477.023 0.00703537 0.00703537 2.55628e-09
-3.07 481.307 0.0109108 0.0109108 2.84387e-09
-2.97 485.591 0.00474972 0.00474972 2.73563e-09
-2.825 489.355 0.00508935 0.00508935 3.80332e-09
-2.68 493.118 0.00725826 0.00725826 3.30513e-09
-2.5775 499.686 0.00881326 0.00881325 4.98109e-09
-2.475 506.254 0.00759465 0.00759464 6.37535e-09
-2.325 511.904 0.00773166 0.00773165 6.26322e-09
-2.175 517.554 0.0107207 0.0107207 5.94829e-09
-2.0775 524.963 0.0109794 0.0109794 7.90634e-09
-1.98 532.372 0.0165069 0.0165068 1.075e-08
-1.8375 544.639 0.0116806 0.0116806 1.7746e-08
-1.695 556.907 0.0186851 0.0186851 1.58533e-08
-1.595 563.791 0.00789996 0.00789994 2.40282e-08
-1.495 570.675 0.0140354 0.0140354 2.09113e-08
-1.3525 576.159 0.0239031 0.0239031 1.94371e-08
-1.21 581.643 0.0160497 0.0160497 2.81626e-08
-1.115 584.263 0.0239632 0.0239632 3.18201e-08
-1.02 586.882 0.0133642 0.0133642 2.83724e-08
-0.8825 589.807 0.0100372 0.0100371 3.5506e-08
-0.745 592.733 0.0212544 0.0212544 3.28162e-08
-0.655 592.305 0.0171717 0.0171717 3.517e-08
-0.565 591.878 0.0192831 0.0192831 3.55998e-08
-0.4325 593.942 0.0292835 0.0292835 3.0027e-08
-0.3 596.006 0.015422 0.0154219 2.9225e-08
-0.2 596.843 0.0110223 0.0110223 4.05993e-08
-0.1 597.68 0.021599 0.0215989 4.4971e-08
0 597.68 0.0148589 0.0148588 3.54031e-08
