-4.67 73.5627 4.22797e-06 4.22797e-06 7.64209e-26
-4.57 74.302 2.27178e-07 2.27178e-07 3.45869e-25
-4.47 75.0413 6.87717e-06 6.85882e-06 1.83437e-08
-4.32 75.3062 7.94531e-07 7.94531e-07 1.34985e-24
-4.17 75.571 4.82411e-06 4.82411e-06 7.24598e-25
-4.07 76.4355 8.35946e-07 8.35946e-07 1.96657e-24
-3.97 77.3 3.41596e-06 3.41596e-06 1.07504e-24
-3.82 80.3224 3.39806e-06 3.39806e-06 3.06585e-24
-3.67 83.3447 1.26444e-05 1.26444e-05 9.39526e-22
-3.57 86.0996 6.41025e-07 6.41025e-07 1.99367e-23
-3.47 88.8546 3.4136e-07 3.4136e-07 1.22345e-23
-3.32 92.0795 6.32539e-07 6.32539e-07 1.36183e-22
-3.17 95.3043 2.98541e-06 2.98541e-06 4.28269e-22
-3.07 95.9899 5.43712e-06 5.43712e-06 2.24119e-22
-2.97 96.6756 1.53378e-05 1.53378e-05 2.92997e-22
-2.825 97.0756 1.94352e-06 1.94352e-06 3.25261e-22
-2.68 97.4757 1.80617e-06 1.80617e-06 7.60452e-22
-2.5775 98.2451 9.87284e-07 9.87284e-07 3.68805e-22
-2.475 99.0146 7.8712e-06 7.8712e-06 7.81024e-22
-2.325 99.5803 1.77442e-05 1.77442e-05 9.1567e-22
-2.175 100.146 1.02178e-05 1.02178e-05 1.06757e-21
-2.0775 100.608 8.82556e-06 8.82556e-06 9.13922e-22
-1.98 101.069 3.26536e-06 3.26536e-06 1.02561e-21
-1.8375 102.728 7.36578e-06 7.36578e-06 2.2351e-21
-1.695 104.388 9.23688e-06 9.23688e-06 2.68099e-21
-1.595 105.572 2.1527e-05 2.1527e-05 2.11154e-21
-1.495 106.755 1.20232e-05 1.20232e-05 3.29009e-21
-1.3525 107.963 3.99072e-06 3.99072e-06 4.69615e-21
-1.21 109.171 1.71359e-05 1.71359e-05 1.24433e-20
-1.115 109.454 1.41955e-05 1.41955e-05 5.50922e-21
-1.02 109.738 6.82154e-06 6.82154e-06 6.53919e-21
-0.8825 110.172 7.78826e-07 7.78826e-07 1.22463e-20
-0.745 110.607 4.3421e-07 4.3421e-07 4.32781e-21
-0.655 110.273 8.34554e-06 8.34554e-06 1.51586e-20
-0.565 109.939 1.70528e-05 1.70528e-05 9.9475e-21
-0.4325 110.117 2.98192e-06 2.98192e-06 1.4223e-20
-0.3 110.295 2.82101e-05 2.82101e-05 9.69202e-21
-0.2 110.422 8.01797e-06 8.01797e-06 1.49903e-20
-0.1 110.548 7.13407e-06 7.13407e-06 1.75116e-20
0 110.548 4.16435e-06 4.16435e-06 5.778e-21
