-4.67 536.27 0.0120535 0.0120535 1.30458e-08
-4.57 543.62 0.0131137 0.00769586 0.00541782
-4.47 550.969 0.0103549 0.0103549 1.49603e-08
-4.32 557.38 0.0155423 0.0153257 0.000216536
-4.17 563.792 0.0166859 0.0166847 1.17627e-06
-4.07 573.196 0.0200408 0.0200408 2.71485e-08
-3.97 582.6 0.0107922 0.0107921 2.76805e-08
-3.82 609.516 0.0164011 0.016401 4.40714e-08
-3.67 636.432 0.0138335 0.0138334 6.80411e-08
-3.57 658.587 0.022132 0.0221318 1.23983e-07
-3.47 680.741 0.0235115 0.0235114 1.41717e-07
-3.32 698.891 0.0242977 0.0242975 2.31621e-07
-3.17 717.042 0.0286804 0.0286801 2.55317e-07
-3.07 723.696 0.0369418 0.0369415 2.83071e-07
-2.97 730.349 0.0466706 0.0466703 2.80425e-07
-2.825 736.75 0.0317236 0.0317232 3.18981e-07
-2.68 743.151 0.0297418 0.0297415 3.57622e-07
-2.5775 753.834 0.0274472 0.0274467 5.03298e-07
-2.475 764.518 0.0277418 0.0277413 5.16034e-07
-2.325 773.516 0.0513203 0.0513197 5.77417e-07
-2.175 782.515 0.0396193 0.0396185 7.44299e-07
-2.0775 797.676 0.0451877 0.0451869 8.12321e-07
-1.98 812.836 0.0638519 0.0638509 9.4811e-07
-1.8375 832.944 0.0339885 0.0339874 1.11993e-06
-1.695 853.051 0.0323907 0.032389 1.63288e-06
-1.595 864.147 0.0726173 0.0726152 2.05931e-06
-1.495 875.242 0.0452 0.0451982 1.77096e-06
-1.3525 884.468 0.0526235 0.0526214 2.12765e-06
-1.21 893.695 0.0530692 0.0530668 2.36511e-06
-1.115 897.633 0.0531066 0.0531044 2.1743e-06
-1.02 901.571 0.050301 0.0502984 2.58913e-06
-0.8825 906.226 0.0592252 0.0592224 2.75455e-06
-0.745 910.88 0.0769734 0.0769707 2.73159e-06
-0.655 910.847 0.0487661 0.0487633 2.74571e-06
-0.565 910.814 0.0673642 0.0673613 2.9075e-06
-0.4325 914.032 0.055182 0.0551794 2.61855e-06
-0.3 917.25 0.0512673 0.0512648 2.57097e-06
-0.2 918.7 0.0680869 0.0680843 2.66693e-06
-0.1 920.151 0.0589413 0.0589382 3.06353e-06
0 920.151 0.0407637 0.0407605 3.23533e-06
