-4.67 35.5852 7.72515e-09 7.72475e-09 3.99798e-13
-4.57 36.0783 1.52667e-09 1.52667e-09 2.67992e-36
-4.47 36.5714 2.20384e-08 2.20384e-08 2.77532e-35
-4.32 36.6301 4.29525e-08 4.29525e-08 2.97564e-36
-4.17 36.6888 1.36305e-07 1.36305e-07 4.91661e-36
-4.07 37.0444 4.38784e-09 4.38784e-09 1.79781e-35
-3.97 37.4 3.86266e-07 3.86266e-07 2.0869e-35
-3.82 38.6966 4.55322e-08 4.55322e-08 1.81571e-34
-3.67 39.9933 1.07773e-05 1.07773e-05 1.05951e-20
-3.57 41.1866 3.39018e-09 3.39018e-09 3.23776e-34
-3.47 42.3799 5.50763e-08 5.50763e-08 3.74858e-33
-3.32 43.9866 1.57466e-07 1.57466e-07 6.60421e-33
-3.17 45.5934 1.0287e-05 1.0287e-05 2.06851e-32
-3.07 45.9344 1.04011e-07 1.04011e-07 1.1478e-32
-2.97 46.2755 7.79469e-08 7.79469e-08 4.65953e-32
-2.825 46.2983 8.20577e-08 8.20577e-08 2.33313e-32
-2.68 46.3211 9.91071e-08 9.91071e-08 9.49404e-32
-2.5775 46.5796 6.16356e-07 6.16356e-07 4.70439e-32
-2.475 46.8381 4.96645e-06 4.96645e-06 3.53435e-32
-2.325 47.1377 9.8548e-07 9.8548e-07 3.27912e-32
-2.175 47.4374 9.09052e-07 9.09052e-07 9.53002e-32
-2.0775 47.5326 1.19286e-07 1.19286e-07 3.06381e-31
-1.98 47.6279 2.96015e-08 2.96015e-08 2.49149e-31
-1.8375 48.2089 3.7021e-07 3.7021e-07 9.55638e-32
-1.695 48.7899 1.14692e-07 1.14692e-07 1.3458e-30
-1.595 49.2905 5.8793e-08 5.8793e-08 5.15415e-31
-1.495 49.7911 2.33175e-06 2.33175e-06 1.00349e-30
-1.3525 50.4145 2.07355e-06 2.07355e-06 1.93536e-30
-1.21 51.038 1.91156e-07 1.91156e-07 2.58212e-30
-1.115 51.1244 4.06473e-07 4.06473e-07 4.83547e-30
-1.02 51.2109 1.71226e-06 1.71226e-06 1.08279e-30
-0.8825 51.3549 4.65183e-07 4.65183e-07 2.7254e-30
-0.745 51.4989 4.60275e-07 4.60275e-07 9.98131e-31
-0.655 51.2711 1.28796e-08 1.28796e-08 2.15629e-30
-0.565 51.0433 3.83882e-06 3.83882e-06 2.59343e-30
-0.4325 51.1156 1.62993e-07 1.62993e-07 1.58645e-30
-0.3 51.1879 1.63917e-08 1.63917e-08 3.09875e-30
-0.2 51.1989 7.91519e-08 7.91519e-08 4.99783e-30
-0.1 51.2098 5.66896e-06 5.66896e-06 2.05391e-30
0 51.2098 1.06374e-07 1.06374e-07 7.54477e-31
