-4.67 135.563 6.75325e-06 6.75325e-06 9.56658e-19
-4.57 137.077 7.52247e-06 7.52247e-06 1.63002e-18
-4.47 138.592 3.92491e-05 3.92491e-05 8.72453e-19
-4.32 139.234 3.70908e-06 3.70908e-06 1.72628e-18
-4.17 139.876 0.000291098 1.47049e-05 0.000276394
-4.07 141.838 2.69634e-05 2.69634e-05 1.70061e-18
-3.97 143.8 1.77577e-05 1.77577e-05 3.03203e-18
-3.82 149.953 6.93146e-05 6.93146e-05 5.86898e-18
-3.67 156.106 1.53145e-05 1.53145e-05 2.40454e-17
-3.57 161.584 0.00014556 0.00014556 2.95489e-17
-3.47 167.063 0.000166974 0.000166974 9.92768e-17
-3.32 172.911 3.95718e-05 3.95718e-05 1.01947e-16
-3.17 178.758 2.97575e-05 2.97575e-05 2.12015e-16
-3.07 179.868 3.28189e-05 3.28189e-05 3.7919e-16
-2.97 180.978 3.18659e-05 3.18659e-05 2.95584e-16
-2.825 181.973 6.34965e-05 6.34965e-05 4.50823e-16
-2.68 182.968 9.02017e-05 9.02017e-05 4.62294e-16
-2.5775 185.16 0.000236582 0.000236582 5.44135e-16
-2.475 187.352 0.000114193 0.000114193 6.83351e-16
-2.325 189.058 7.16811e-05 7.16811e-05 6.50686e-16
-2.175 190.763 2.32984e-05 2.32984e-05 9.53126e-16
-2.0775 192.167 9.92329e-05 9.92329e-05 6.54158e-16
-1.98 193.571 7.47059e-05 7.47059e-05 1.33205e-15
-1.8375 196.583 4.93718e-05 4.93718e-05 1.74419e-15
-1.695 199.595 5.23066e-05 5.23066e-05 2.26888e-15
-1.595 201.875 4.16293e-05 4.16293e-05 2.80982e-15
-1.495 204.154 8.82203e-05 8.82203e-05 3.27922e-15
-1.3525 206.112 0.000113569 0.000113569 3.47071e-15
-1.21 208.07 2.11295e-05 2.11295e-05 5.08149e-15
-1.115 208.824 0.000271634 0.000271634 4.29487e-15
-1.02 209.578 0.000107518 0.000107518 5.47898e-15
-0.8825 210.323 7.4089e-05 7.4089e-05 4.84301e-15
-0.745 211.068 0.000111373 0.000111373 6.16412e-15
-0.655 210.706 0.000130517 0.000130517 6.12165e-15
-0.565 210.343 3.35821e-05 3.35821e-05 2.99676e-15
-0.4325 210.933 1.41807e-05 1.41807e-05 8.67326e-15
-0.3 211.523 4.92017e-05 4.92017e-05 6.75557e-15
-0.2 211.723 5.02495e-05 5.02495e-05 7.02226e-15
-0.1 211.923 0.000179428 0.000179428 6.78402e-15
0 211.923 0.000144375 0.000144375 6.03656e-15
