-4.67 1.89718
-4.47 2.0734
-4.17 2.31273
-3.97 2.45476
-3.67 2.63974
-3.47 2.74582
-3.17 2.87645
-2.97 2.94396
-2.68 3.02111
-2.474 3.06494
-2.175 3.11579
-1.98 3.14911
-1.695 3.20522
-1.495 3.2473
-1.21 3.30341
-1.02 3.33497
-0.745 3.37354
-0.565 3.39195
-0.3 3.41036
-0.1 3.41738
0.1 3.41738
0.3 3.41036
0.565 3.39195
0.745 3.37354
1.02 3.33497
1.21 3.30341
1.495 3.2473
1.695 3.20522
1.98 3.14911
2.175 3.11579
2.4749 3.06407
2.68 3.02111
2.97 2.94396
3.17 2.87645
3.47 2.74582
3.67 2.63974
3.97 2.45476
4.17 2.31273
4.47 2.0734
4.67 1.89718
