-4.67 4.42322
-4.47 4.83406
-4.17 5.39207
-3.97 5.7232
-3.67 6.15448
-3.47 6.40181
-3.17 6.70636
-2.97 6.86375
-2.68 7.04362
-2.474 7.14582
-2.175 7.26438
-1.98 7.34205
-1.695 7.47286
-1.495 7.57098
-1.21 7.70179
-1.02 7.77538
-0.745 7.86531
-0.565 7.90824
-0.3 7.95116
-0.1 7.96751
0.1 7.96751
0.3 7.95116
0.565 7.90824
0.745 7.86531
1.02 7.77538
1.21 7.70179
1.495 7.57098
1.695 7.47286
1.98 7.34205
2.175 7.26438
2.4749 7.14378
2.68 7.04362
2.97 6.86375
3.17 6.70636
3.47 6.40181
3.67 6.15448
3.97 5.7232
4.17 5.39207
4.47 4.83406
4.67 4.42322
