-4.67 0.129667
-4.47 0.141711
-4.17 0.158069
-3.97 0.167776
-3.67 0.180419
-3.47 0.187669
-3.17 0.196598
-2.97 0.201211
-2.68 0.206484
-2.474 0.20948
-2.175 0.212956
-1.98 0.215233
-1.695 0.219068
-1.495 0.221944
-1.21 0.225779
-1.02 0.227936
-0.745 0.230572
-0.565 0.23183
-0.3 0.233089
-0.1 0.233568
0.1 0.233568
0.3 0.233089
0.565 0.23183
0.745 0.230572
1.02 0.227936
1.21 0.225779
1.495 0.221944
1.695 0.219068
1.98 0.215233
2.175 0.212956
2.4749 0.20942
2.68 0.206484
2.97 0.201211
3.17 0.196598
3.47 0.187669
3.67 0.180419
3.97 0.167776
4.17 0.158069
4.47 0.141711
4.67 0.129667
