-4.67 0.0516114
-4.47 0.0564052
-4.17 0.0629163
-3.97 0.06678
-3.67 0.0718123
-3.47 0.0746982
-3.17 0.0782518
-2.97 0.0800883
-2.68 0.0821871
-2.474 0.0833796
-2.175 0.0847629
-1.98 0.0856692
-1.695 0.0871956
-1.495 0.0883404
-1.21 0.0898668
-1.02 0.0907254
-0.745 0.0917748
-0.565 0.0922757
-0.3 0.0927765
-0.1 0.0929673
0.1 0.0929673
0.3 0.0927765
0.565 0.0922757
0.745 0.0917748
1.02 0.0907254
1.21 0.0898668
1.495 0.0883404
1.695 0.0871956
1.98 0.0856692
2.175 0.0847629
2.4749 0.0833557
2.68 0.0821871
2.97 0.0800883
3.17 0.0782518
3.47 0.0746982
3.67 0.0718123
3.97 0.06678
4.17 0.0629163
4.47 0.0564052
4.67 0.0516114
