-4.67 0.0181408
-4.47 0.0198258
-4.17 0.0221144
-3.97 0.0234724
-3.67 0.0252412
-3.47 0.0262556
-3.17 0.0275046
-2.97 0.0281501
-2.68 0.0288878
-2.474 0.029307
-2.175 0.0297932
-1.98 0.0301117
-1.695 0.0306482
-1.495 0.0310506
-1.21 0.0315871
-1.02 0.0318889
-0.745 0.0322578
-0.565 0.0324338
-0.3 0.0326099
-0.1 0.0326769
0.1 0.0326769
0.3 0.0326099
0.565 0.0324338
0.745 0.0322578
1.02 0.0318889
1.21 0.0315871
1.495 0.0310506
1.695 0.0306482
1.98 0.0301117
2.175 0.0297932
2.4749 0.0292986
2.68 0.0288878
2.97 0.0281501
3.17 0.0275046
3.47 0.0262556
3.67 0.0252412
3.97 0.0234724
4.17 0.0221144
4.47 0.0198258
4.67 0.0181408
