-4.67 5.64371
-4.47 6.16792
-4.17 6.8799
-3.97 7.3024
-3.67 7.85269
-3.47 8.16826
-3.17 8.55685
-2.97 8.75766
-2.68 8.98717
-2.474 9.11757
-2.175 9.26883
-1.98 9.36794
-1.695 9.53485
-1.495 9.66003
-1.21 9.82694
-1.02 9.92083
-0.745 10.0356
-0.565 10.0904
-0.3 10.1451
-0.1 10.166
0.1 10.166
0.3 10.1451
0.565 10.0904
0.745 10.0356
1.02 9.92083
1.21 9.82694
1.495 9.66003
1.695 9.53485
1.98 9.36794
2.175 9.26883
2.4749 9.11496
2.68 8.98717
2.97 8.75766
3.17 8.55685
3.47 8.16826
3.67 7.85269
3.97 7.3024
4.17 6.8799
4.47 6.16792
4.67 5.64371
