-4.67 1.72673
-4.47 1.88712
-4.17 2.10495
-3.97 2.23422
-3.67 2.40258
-3.47 2.49913
-3.17 2.61803
-2.97 2.67947
-2.68 2.74969
-2.474 2.78958
-2.175 2.83586
-1.98 2.86618
-1.695 2.91725
-1.495 2.95555
-1.21 3.00662
-1.02 3.03535
-0.745 3.07046
-0.565 3.08722
-0.3 3.10397
-0.1 3.11035
0.1 3.11035
0.3 3.10397
0.565 3.08722
0.745 3.07046
1.02 3.03535
1.21 3.00662
1.495 2.95555
1.695 2.91725
1.98 2.86618
2.175 2.83586
2.4749 2.78878
2.68 2.74969
2.97 2.67947
3.17 2.61803
3.47 2.49913
3.67 2.40258
3.97 2.23422
4.17 2.10495
4.47 1.88712
4.67 1.72673
