-4.67 73.5627 2.45969e-05 2.45969e-05 7.95439e-14
-4.57 74.302 1.92751e-05 1.92194e-05 5.57047e-08
-4.47 75.0413 1.41379e-05 1.41379e-05 4.66261e-16
-4.32 75.3062 2.30822e-05 2.30822e-05 8.19138e-16
-4.17 75.571 1.31725e-05 1.31725e-05 5.56803e-16
-4.07 76.4355 1.88613e-05 1.88613e-05 7.73286e-16
-3.97 77.3 2.83289e-05 2.83289e-05 5.63002e-16
-3.82 80.3224 1.8295e-05 1.8295e-05 9.27707e-16
-3.67 83.3447 2.93309e-05 2.93309e-05 1.50088e-15
-3.57 86.0996 5.62306e-06 5.62306e-06 4.85465e-15
-3.47 88.8546 8.75241e-06 8.75241e-06 7.69831e-15
-3.32 92.0795 1.95247e-05 1.95247e-05 8.90614e-15
-3.17 95.3043 1.21973e-05 1.21973e-05 2.51592e-14
-3.07 95.9899 0.000200571 0.000200571 1.41964e-14
-2.97 96.6756 9.03525e-06 9.03525e-06 3.97051e-14
-2.825 97.0756 1.80338e-05 1.80338e-05 2.11704e-14
-2.68 97.4757 3.12093e-05 3.12093e-05 4.96032e-14
-2.5775 98.2451 1.24589e-05 1.24589e-05 3.36762e-14
-2.475 99.0146 7.45467e-05 7.45467e-05 3.18405e-14
-2.325 99.5803 1.31466e-05 1.31466e-05 4.33333e-14
-2.175 100.146 5.0438e-05 5.0438e-05 5.52902e-14
-2.0775 100.608 3.20208e-05 3.20208e-05 6.31543e-14
-1.98 101.069 3.70286e-05 3.70286e-05 4.66927e-14
-1.8375 102.728 5.6247e-05 5.6247e-05 7.19545e-14
-1.695 104.388 6.84476e-05 6.84476e-05 6.80021e-14
-1.595 105.572 7.93769e-05 7.93769e-05 9.63654e-14
-1.495 106.755 8.61876e-05 8.61876e-05 1.22123e-13
-1.3525 107.963 4.33634e-05 4.33634e-05 8.86277e-14
-1.21 109.171 7.14942e-05 7.14942e-05 2.24745e-13
-1.115 109.454 6.6111e-05 6.6111e-05 1.92657e-13
-1.02 109.738 4.13173e-05 4.13173e-05 1.79843e-13
-0.8825 110.172 3.99905e-05 3.99905e-05 2.63762e-13
-0.745 110.607 0.000125679 0.000125679 1.62906e-13
-0.655 110.273 0.000168164 0.000168164 4.33529e-13
-0.565 109.939 4.13235e-05 4.13235e-05 1.92526e-13
-0.4325 110.117 4.01276e-05 4.01276e-05 1.7589e-13
-0.3 110.295 4.15223e-05 4.15223e-05 1.81302e-13
-0.2 110.422 9.20527e-05 9.20527e-05 2.86185e-13
-0.1 110.548 5.63144e-05 5.63144e-05 1.5527e-13
0 110.548 7.24177e-05 7.24177e-05 1.2222e-13
