-4.67 228.662 0.000619231 0.000619229 2.55434e-09
-4.57 231.139 0.000411801 0.000411797 3.38248e-09
-4.47 233.617 0.000662652 0.000662649 2.94161e-09
-4.32 235.649 0.000400819 0.000400816 2.84492e-09
-4.17 237.68 0.00064441 0.000644405 5.14854e-09
-4.07 241.19 0.000534509 0.000534505 4.57622e-09
-3.97 244.7 0.000826718 0.000826711 6.96957e-09
-3.82 255.304 0.000642855 0.000642847 8.70388e-09
-3.67 265.909 0.000737903 0.00073788 2.2941e-08
-3.57 274.988 0.00134583 0.00134582 1.47037e-08
-3.47 284.068 0.000767183 0.000767152 3.143e-08
-3.32 293.678 0.000835918 0.000835878 4.0574e-08
-3.17 303.287 0.000883642 0.000883598 4.42186e-08
-3.07 305.711 0.00086648 0.000866423 5.68067e-08
-2.97 308.135 0.000999895 0.00099984 5.51762e-08
-2.825 310.2 0.00129313 0.00129307 5.65477e-08
-2.68 312.264 0.00189479 0.00189471 7.83236e-08
-2.5775 316.238 0.00146095 0.00146087 7.72138e-08
-2.475 320.211 0.00145836 0.00145827 9.48518e-08
-2.325 323.451 0.00122978 0.00122969 9.45656e-08
-2.175 326.69 0.00124595 0.00124584 1.08982e-07
-2.0775 330.399 0.00164817 0.00164802 1.46428e-07
-1.98 334.109 0.00253151 0.00253137 1.42517e-07
-1.8375 339.882 0.00197907 0.00197889 1.7968e-07
-1.695 345.656 0.00207078 0.00207064 1.36723e-07
-1.595 349.539 0.00197607 0.00197585 2.20678e-07
-1.495 353.423 0.00188616 0.00188592 2.39762e-07
-1.3525 356.827 0.00164451 0.00164426 2.50126e-07
-1.21 360.231 0.00163442 0.00163419 2.32438e-07
-1.115 361.774 0.00139949 0.00139919 2.99488e-07
-1.02 363.318 0.0023637 0.00236339 3.14193e-07
-0.8825 364.993 0.00169658 0.00169628 2.91673e-07
-0.745 366.668 0.00204466 0.0020443 3.60845e-07
-0.655 366.361 0.00177987 0.00177948 3.87096e-07
-0.565 366.053 0.00209349 0.00209321 2.73939e-07
-0.4325 367.062 0.00194478 0.00194454 2.38125e-07
-0.3 368.071 0.0016377 0.00163744 2.6123e-07
-0.2 368.379 0.00145853 0.00145815 3.83152e-07
-0.1 368.687 0.00255735 0.00255707 2.88488e-07
0 368.687 0.00207301 0.00207267 3.39839e-07
