-4.67 784.47 0.0179208 0.0178111 0.000109673
-4.57 795.62 0.0191997 0.019075 0.000124704
-4.47 806.769 0.0178324 0.0177071 0.000125335
-4.32 816.932 0.0242563 0.024106 0.000150278
-4.17 827.094 0.0211546 0.0209836 0.000170998
-4.07 842.397 0.0184924 0.0183421 0.000150305
-3.97 857.7 0.0212827 0.0210995 0.000183171
-3.82 897.626 0.0268152 0.0265581 0.000257112
-3.67 937.552 0.0300109 0.0296514 0.000359549
-3.57 968.841 0.0316524 0.0312272 0.000425198
-3.47 1000.13 0.0352159 0.0346628 0.000553097
-3.32 1021.28 0.0394475 0.0389504 0.000497135
-3.17 1042.42 0.0398456 0.0392071 0.000638488
-3.07 1054.89 0.0372796 0.0365077 0.000771857
-2.97 1067.36 0.0385622 0.0377485 0.00081367
-2.825 1077.45 0.0417242 0.0408689 0.000855384
-2.68 1087.54 0.0399766 0.0390839 0.000892707
-2.5775 1104.82 0.0427175 0.0417495 0.000968018
-2.475 1122.1 0.0500209 0.0490545 0.000966388
-2.325 1136.78 0.0537895 0.0527261 0.00106344
-2.175 1151.47 0.0536338 0.0524973 0.00113647
-2.0775 1176.44 0.0576109 0.0562425 0.00136842
-1.98 1201.41 0.0604408 0.0589384 0.00150238
-1.8375 1234.56 0.0625338 0.0605207 0.00201305
-1.695 1267.71 0.0591429 0.0573274 0.00181552
-1.595 1285.09 0.0740145 0.071639 0.00237547
-1.495 1302.47 0.072531 0.0701371 0.00239384
-1.3525 1316.21 0.0748957 0.0722318 0.00266389
-1.21 1329.95 0.0740456 0.0713972 0.00264846
-1.115 1335.78 0.0745428 0.0720477 0.00249506
-1.02 1341.6 0.0741564 0.0714312 0.00272522
-0.8825 1348.44 0.078246 0.0756058 0.00264015
-0.745 1355.29 0.0891389 0.0864622 0.00267679
-0.655 1356.35 0.0829301 0.0801216 0.00280845
-0.565 1357.41 0.0826689 0.0797138 0.00295507
-0.4325 1362.16 0.0851444 0.0822903 0.00285412
-0.3 1366.92 0.0789238 0.0760958 0.00282809
-0.2 1369.16 0.0790409 0.0764053 0.00263555
-0.1 1371.4 0.0767446 0.0735881 0.00315645
0 1371.4 0.074699 0.0713178 0.00338118
