-4.67 536.27 0.00716379 0.00715708 6.71236e-06
-4.57 543.62 0.00728466 0.00727691 7.74829e-06
-4.47 550.969 0.00718425 0.00717463 9.61896e-06
-4.32 557.38 0.00596509 0.00595414 1.09488e-05
-4.17 563.792 0.00756857 0.00755857 1.00023e-05
-4.07 573.196 0.00752523 0.00751114 1.40945e-05
-3.97 582.6 0.00598255 0.00596688 1.56716e-05
-3.82 609.516 0.00918741 0.00916742 1.99858e-05
-3.67 636.432 0.0123646 0.0123372 2.73829e-05
-3.57 658.587 0.0115043 0.0114715 3.27862e-05
-3.47 680.741 0.0130922 0.0130518 4.045e-05
-3.32 698.891 0.0126933 0.0126407 5.25356e-05
-3.17 717.042 0.012994 0.0129279 6.61586e-05
-3.07 723.696 0.0174745 0.01741 6.45684e-05
-2.97 730.349 0.0150001 0.0149371 6.30159e-05
-2.825 736.75 0.0147086 0.014628 8.06137e-05
-2.68 743.151 0.0173072 0.0172305 7.66273e-05
-2.5775 753.834 0.0179412 0.0178615 7.97058e-05
-2.475 764.518 0.0163392 0.0162432 9.60608e-05
-2.325 773.516 0.0169331 0.0168472 8.58981e-05
-2.175 782.515 0.0172527 0.0171285 0.000124243
-2.0775 797.676 0.0198485 0.0197221 0.000126444
-1.98 812.836 0.0186926 0.0185718 0.000120889
-1.8375 832.944 0.0216721 0.0215215 0.000150613
-1.695 853.051 0.0216677 0.0214802 0.000187481
-1.595 864.147 0.0213015 0.0211259 0.000175643
-1.495 875.242 0.0227159 0.0225051 0.000210703
-1.3525 884.468 0.0264409 0.0261856 0.000255311
-1.21 893.695 0.0243426 0.0240653 0.000277257
-1.115 897.633 0.0225535 0.0222832 0.000270335
-1.02 901.571 0.0222119 0.0219499 0.000262059
-0.8825 906.226 0.028849 0.0285368 0.000312128
-0.745 910.88 0.0274112 0.0271045 0.000306689
-0.655 910.847 0.0273499 0.0270897 0.000260198
-0.565 910.814 0.0223416 0.0220616 0.00027996
-0.4325 914.032 0.028182 0.0278886 0.000293402
-0.3 917.25 0.0256211 0.025327 0.000294109
-0.2 918.7 0.0355227 0.0352193 0.000303357
-0.1 920.151 0.0298624 0.0295233 0.000339069
0 920.151 0.0303198 0.0300095 0.000310308
