-4.67 135.563 0.000103134 0.000103134 5.98504e-12
-4.57 137.077 0.000147661 0.000147661 3.64647e-12
-4.47 138.592 0.00034341 0.00034341 9.02616e-12
-4.32 139.234 0.000121214 0.000121214 5.85778e-12
-4.17 139.876 0.00015614 0.00015614 5.29547e-12
-4.07 141.838 0.000159533 0.000159533 6.68442e-12
-3.97 143.8 0.000197707 0.000197707 1.06782e-11
-3.82 149.953 0.000138984 0.000138984 1.1671e-11
-3.67 156.106 9.6672e-05 9.6672e-05 2.36248e-11
-3.57 161.584 8.48348e-05 8.48347e-05 4.39156e-11
-3.47 167.063 0.000203327 0.000203327 4.75573e-11
-3.32 172.911 0.000127453 0.000127453 1.20512e-10
-3.17 178.758 0.00015064 0.00015064 1.65238e-10
-3.07 179.868 0.000359608 0.000359608 1.55237e-10
-2.97 180.978 0.000429716 0.000429716 1.38713e-10
-2.825 181.973 0.000189951 0.000189951 2.54577e-10
-2.68 182.968 0.00015956 0.00015956 1.82989e-10
-2.5775 185.16 0.000207915 0.000207915 2.45714e-10
-2.475 187.352 0.00036363 0.000363629 2.6529e-10
-2.325 189.058 0.000541908 0.000541908 2.42239e-10
-2.175 190.763 0.000550539 0.000550538 2.65379e-10
-2.0775 192.167 0.000291694 0.000291694 4.1843e-10
-1.98 193.571 0.000356992 0.000356992 4.33068e-10
-1.8375 196.583 0.000361611 0.000361611 5.99626e-10
-1.695 199.595 0.000246032 0.000246032 5.39206e-10
-1.595 201.875 0.00036895 0.00036895 7.58831e-10
-1.495 204.154 0.000543559 0.000543558 6.8629e-10
-1.3525 206.112 0.000386812 0.000386811 1.27529e-09
-1.21 208.07 0.000479913 0.000479912 9.37822e-10
-1.115 208.824 0.000215238 0.000215237 9.4673e-10
-1.02 209.578 0.000391833 0.000391831 1.30672e-09
-0.8825 210.323 0.000468751 0.00046875 1.07334e-09
-0.745 211.068 0.000648969 0.000648967 1.96786e-09
-0.655 210.706 0.000202751 0.00020275 1.00692e-09
-0.565 210.343 0.000185322 0.000185321 1.07837e-09
-0.4325 210.933 0.000286915 0.000286914 1.06664e-09
-0.3 211.523 0.000363073 0.000363072 1.33045e-09
-0.2 211.723 0.000483798 0.000483797 1.03261e-09
-0.1 211.923 0.000420072 0.000420071 1.26857e-09
0 211.923 0.000514001 0.000513999 1.20299e-09
