0.0001001 0.277391 0.083655 4583.78
0.0002002 0.256326 0.084089 2291.78
0.0003003 0.241706 0.0840921 1527.61
0.0004004 0.235196 0.0837272 1145.86
0.000500501 0.217769 0.0822151 916.67
0.000600601 0.216911 0.0827825 763.925
0.000700701 0.209334 0.0821883 654.745
0.000800801 0.204382 0.0813587 572.893
0.000900901 0.204855 0.0815236 509.296
0.001001 0.201497 0.0810127 458.323
0.0011011 0.19563 0.0809231 416.679
0.0012012 0.191803 0.0801735 381.916
0.0013013 0.189362 0.0799541 352.598
0.0014014 0.18874 0.0798782 327.393
0.0015015 0.183112 0.0788547 305.53
0.0016016 0.184711 0.0794593 286.443
0.0017017 0.181624 0.0787987 269.573
0.0018018 0.18162 0.0787195 254.617
0.0019019 0.175555 0.0779542 241.271
0.002002 0.17504 0.0774513 229.182
0.0021021 0.173071 0.0772829 218.239
0.0022022 0.170618 0.0768048 208.354
0.0023023 0.169562 0.0764028 199.298
0.0024024 0.166646 0.0763832 190.959
0.0025025 0.165722 0.0761413 183.313
0.0026026 0.163592 0.0753161 176.273
0.0027027 0.162659 0.0753754 169.766
0.0028028 0.160652 0.0749145 163.667
0.0029029 0.158324 0.0744066 158.05
0.003003 0.159162 0.0744071 152.804
0.0031031 0.159713 0.0746285 147.834
0.0032032 0.155615 0.073505 143.221
0.0033033 0.156309 0.0742231 138.876
0.0034034 0.152636 0.0727663 134.824
0.0035035 0.15315 0.0729956 130.94
0.0036036 0.153861 0.0731452 127.303
0.0037037 0.153369 0.0731989 123.892
0.0038038 0.151521 0.0728929 120.598
0.0039039 0.149114 0.0720335 117.541
0.004004 0.150543 0.0723876 114.574
0.0041041 0.149688 0.0724169 111.773
0.0042042 0.146553 0.0716764 109.126
0.0043043 0.146959 0.0712875 106.581
0.0044044 0.145758 0.0714983 104.169
0.0045045 0.146454 0.0714056 101.842
0.0046046 0.143676 0.0709075 99.6317
0.0047047 0.143401 0.0706486 97.5294
0.0048048 0.143706 0.0705657 95.4928
0.0049049 0.141902 0.0703091 93.5518
0.00500501 0.140382 0.0698365 91.6666
0.00510511 0.140192 0.0697251 89.8663
0.00520521 0.140227 0.0696803 88.1456
0.00530531 0.140441 0.0700488 86.4681
0.00540541 0.139015 0.0696507 84.862
0.00550551 0.140148 0.0694652 83.3231
0.00560561 0.140052 0.0697326 81.8473
0.00570571 0.137729 0.0690537 80.4021
0.00580581 0.13662 0.0690359 79.0142
0.00590591 0.13598 0.0684581 77.6804
0.00600601 0.137386 0.0689104 76.3977
0.00610611 0.13431 0.0681276 75.1364
0.00620621 0.13388 0.0681955 73.9219
0.00630631 0.135279 0.0681424 72.7517
0.00640641 0.133238 0.0679643 71.6236
0.00650651 0.133428 0.0680261 70.5103
0.00660661 0.13255 0.0674582 69.4357
0.00670671 0.131425 0.0669541 68.398
0.00680681 0.132447 0.0674392 67.3954
0.00690691 0.131203 0.0672604 66.4263
0.00700701 0.131227 0.0671127 65.4657
0.00710711 0.129034 0.0666073 64.5592
0.00720721 0.129015 0.0666424 63.6591
0.00730731 0.129725 0.0668775 62.7874
0.00740741 0.129399 0.0666608 61.9428
0.00750751 0.129198 0.0667022 61.1025
0.00760761 0.125869 0.0656244 60.309
0.00770771 0.127205 0.0659391 59.5181
0.00780781 0.128132 0.0663499 58.7507
0.00790791 0.126257 0.0658154 58.0259
0.00800801 0.125346 0.0653275 57.2818
0.00810811 0.125832 0.0653995 56.5786
0.00820821 0.124155 0.0650419 55.8952
0.00830831 0.125822 0.0654123 55.2115
0.00840841 0.123073 0.0646316 54.5655
0.00850851 0.123591 0.0648299 53.9182
0.00860861 0.125011 0.0653394 53.2882
0.00870871 0.12415 0.0647388 52.6749
0.00880881 0.123317 0.0646298 52.0776
0.00890891 0.121844 0.0643816 51.4958
0.00900901 0.123672 0.0648466 50.9288
0.00910911 0.121467 0.0639539 50.3587
0.00920921 0.121318 0.0638441 49.8202
0.00930931 0.121476 0.0641926 49.2779
0.00940941 0.121411 0.064103 48.7657
0.00950951 0.119295 0.0631975 48.2493
0.00960961 0.11945 0.063514 47.7453
0.00970971 0.119255 0.0634298 47.2532
0.00980981 0.120604 0.0636129 46.7727
0.00990991 0.118692 0.0631596 46.3034
0.01001 0.11837 0.0628305 45.829
0.0101101 0.117902 0.0629129 45.3811
0.0102102 0.118344 0.0633919 44.9279
0.0103103 0.117624 0.0628358 44.5001
0.0104104 0.117357 0.0628272 44.0666
0.0105105 0.118106 0.062868 43.6576
0.0106106 0.11742 0.0626977 43.2426
0.0107107 0.115394 0.0620577 42.8366
0.0108108 0.116254 0.062281 42.4393
0.0109109 0.116351 0.0623142 42.0503
0.011011 0.115513 0.0618666 41.6695
0.0111111 0.116154 0.0622454 41.2966
0.0112112 0.114894 0.0621677 40.9173
0.0113113 0.115145 0.0619092 40.5597
0.0114114 0.114202 0.0617127 40.2092
0.0115115 0.113721 0.0614423 39.8522
0.0116116 0.114156 0.0616524 39.5158
0.0117117 0.114107 0.0615284 39.1726
0.0118118 0.113957 0.0614323 38.8361
0.0119119 0.112831 0.061144 38.5192
0.012012 0.113667 0.0612551 38.1955
0.0121121 0.113328 0.0614191 37.8779
0.0122122 0.112618 0.060872 37.5663
0.0123123 0.11094 0.0604987 37.2605
0.0124124 0.11417 0.0614449 36.9604
0.0125125 0.111984 0.0607403 36.6658
0.0126126 0.111226 0.0604483 36.3767
0.0127127 0.11029 0.0600941 36.0927
0.0128128 0.112179 0.060655 35.8018
0.0129129 0.111338 0.0604137 35.5281
0.013013 0.110618 0.0605606 35.2592
0.0131131 0.110538 0.0603239 34.9832
0.0132132 0.109411 0.0600954 34.7238
0.0133133 0.110251 0.060094 34.4572
0.0134134 0.11066 0.0603667 34.2068
0.0135135 0.110362 0.0602751 33.9492
0.0136136 0.109592 0.0599875 33.6959
0.0137137 0.108592 0.0596538 33.4582
0.0138138 0.109193 0.0597357 33.2132
0.0139139 0.109351 0.0597311 32.9724
0.014014 0.108198 0.059399 32.7355
0.0141141 0.108568 0.0596354 32.5024
0.0142142 0.105789 0.0585493 32.2732
0.0143143 0.107431 0.0591033 32.0476
0.0144144 0.106948 0.058992 31.8256
0.0145145 0.10764 0.0592589 31.6072
0.0146146 0.108434 0.0595499 31.3922
0.0147147 0.106083 0.0587666 31.1806
0.0148148 0.106969 0.0589781 30.9723
0.0149149 0.106546 0.0586198 30.7569
0.015015 0.105367 0.058394 30.5551
0.0151151 0.105756 0.0587206 30.3563
0.0152152 0.104539 0.0583129 30.1505
0.0153153 0.10534 0.0584813 29.9577
0.0154154 0.105727 0.0583539 29.7579
0.0155155 0.103412 0.0579396 29.571
0.0156156 0.105366 0.0582789 29.377
0.0157157 0.10508 0.0581521 29.1956
0.0158158 0.104196 0.0580412 29.0072
0.0159159 0.103746 0.057731 28.8215
0.016016 0.105131 0.0580745 28.648
0.0161161 0.105023 0.0580038 28.4675
0.0162162 0.101885 0.0572974 28.2896
0.0163163 0.103625 0.0578253 28.1142
0.0164164 0.103934 0.0578232 27.9506
0.0165165 0.103172 0.0576646 27.78
0.0166166 0.103165 0.057565 27.6118
0.0167167 0.103025 0.0574813 27.4459
0.0168168 0.102406 0.0573245 27.2823
0.0169169 0.10254 0.057421 27.1209
0.017017 0.102922 0.0573579 26.9617
0.0171171 0.101912 0.0568459 26.8047
0.0172172 0.102323 0.0571694 26.6497
0.0173173 0.102213 0.0570375 26.4969
0.0174174 0.100416 0.0565193 26.3373
0.0175175 0.102262 0.0572941 26.1885
0.0176176 0.100958 0.0565551 26.0417
0.0177177 0.10125 0.0567137 25.8967
0.0178178 0.100986 0.0568338 25.7452
0.0179179 0.100323 0.056321 25.604
0.018018 0.0999604 0.0563249 25.4646
0.0181181 0.100088 0.0562059 25.3187
0.0182182 0.0992231 0.0561701 25.1829
0.0183183 0.0990274 0.0558951 25.0488
0.0184184 0.098537 0.0558078 24.9083
0.0185185 0.0987115 0.0557899 24.7776
0.0186186 0.0992445 0.0559186 24.6404
0.0187187 0.100377 0.0562932 24.513
0.0188188 0.0993805 0.0560524 24.3791
0.0189189 0.0982363 0.0556344 24.2469
0.019019 0.0996709 0.0559551 24.1241
0.0191191 0.0987174 0.0556985 23.995
0.0192192 0.0967044 0.0551263 23.8753
0.0193193 0.0982827 0.055669 23.7492
0.0194194 0.096698 0.0549491 23.6246
0.0195195 0.0986031 0.0557426 23.5015
0.0196196 0.0982559 0.0556025 23.3875
0.0197197 0.0967971 0.05502 23.2672
0.0198198 0.097717 0.0554022 23.1483
0.0199199 0.0970558 0.0551163 23.0308
0.02002 0.0983327 0.055529 22.9147
0.0201201 0.0970923 0.0551416 22.7998
0.0202202 0.0961082 0.0547127 22.6863
0.0203203 0.0970435 0.0549506 22.5814
0.0204204 0.0968095 0.0551994 22.4704
0.0205205 0.0961651 0.0546986 22.3607
0.0206206 0.0954199 0.0544799 22.2522
0.0207207 0.096138 0.0547733 22.1448
0.0208208 0.0963202 0.0546751 22.0387
0.0209209 0.0960822 0.0547729 21.9267
0.021021 0.0948567 0.0543179 21.8229
0.0211211 0.0959041 0.0546229 21.7203
0.0212212 0.0959211 0.0546767 21.6187
0.0213213 0.0960367 0.054606 21.5183
0.0214214 0.0953903 0.0545535 21.419
0.0215215 0.0940135 0.0539509 21.3207
0.0216216 0.0949536 0.0542485 21.2166
0.0217217 0.0942281 0.0541261 21.1205
0.0218218 0.0949456 0.0543435 21.0253
0.0219219 0.0942224 0.053976 20.9312
0.022022 0.0947923 0.0544105 20.8313
0.0221221 0.0935408 0.0537818 20.7392
0.0222222 0.0942558 0.0539714 20.648
0.0223223 0.0939399 0.0538628 20.5511
0.0224224 0.0945232 0.054041 20.4618
0.0225225 0.0954759 0.0543585 20.3735
0.0226226 0.093835 0.0537413 20.2795
0.0227227 0.0928893 0.0534474 20.1929
0.0228228 0.094104 0.0538509 20.1008
0.0229229 0.0930022 0.0534539 20.016
0.023023 0.093721 0.053713 19.9257
0.0231231 0.0932461 0.053313 19.8426
0.0232232 0.092475 0.0531538 19.7541
0.0233233 0.0927339 0.0532808 19.6727
0.0234234 0.0936664 0.0536592 19.5858
0.0235235 0.0919043 0.053247 19.5061
0.0236236 0.0929725 0.053478 19.4208
0.0237237 0.0915726 0.0528706 19.3365
0.0238238 0.0910011 0.0526343 19.2591
0.0239239 0.0917755 0.0529242 19.1763
0.024024 0.0919999 0.0530271 19.0943
0.0241241 0.0913865 0.0529169 19.0192
0.0242242 0.0919836 0.053003 18.9387
0.0243243 0.0908365 0.0527244 18.859
0.0244244 0.0909463 0.0526537 18.786
0.0245245 0.0909982 0.0527622 18.7078
0.0246246 0.0903934 0.0525559 18.6303
0.0247247 0.0914984 0.0528056 18.5535
0.0248248 0.0902973 0.0523302 18.4833
0.0249249 0.0917215 0.0528742 18.408
0.025025 0.0902346 0.0522858 18.3333
0.0251251 0.0897984 0.0523086 18.2592
0.0252252 0.0910463 0.052704 18.1859
0.0253253 0.0901997 0.0523299 18.1132
0.0254254 0.0909914 0.0526516 18.047
0.0255255 0.0899853 0.0523099 17.9756
0.0256256 0.0897915 0.0521552 17.9048
0.0257257 0.0909987 0.0526005 17.8347
0.0258258 0.0900827 0.0523049 17.7652
0.0259259 0.0890666 0.0518885 17.6964
0.026026 0.0890801 0.0519722 17.6281
0.0261261 0.0903003 0.0523431 17.5605
0.0262262 0.0881871 0.0515804 17.4934
0.0263263 0.0882278 0.0515237 17.4269
0.0264264 0.0886208 0.0516045 17.361
0.0265265 0.0887735 0.0518284 17.2957
0.0266266 0.0875066 0.0511891 17.231
0.0267267 0.0891904 0.0519394 17.1668
0.0268268 0.0882971 0.051571 17.1031
0.0269269 0.0885478 0.0514905 17.04
0.027027 0.088737 0.0516562 16.9775
0.0271271 0.0887633 0.0516198 16.9101
0.0272272 0.0874347 0.0511742 16.8486
0.0273273 0.0886708 0.0516643 16.7877
0.0274274 0.0875431 0.0512662 16.7272
0.0275275 0.0875644 0.0512651 16.6673
0.0276276 0.0877661 0.0514884 16.6078
0.0277277 0.0875495 0.0511996 16.5489
0.0278278 0.0877829 0.0512925 16.4852
0.0279279 0.0879535 0.0512888 16.4273
0.028028 0.087794 0.0513728 16.3698
0.0281281 0.0863452 0.0507432 16.3128
0.0282282 0.0864864 0.0509745 16.2511
0.0283283 0.0871082 0.0510493 16.1951
0.0284284 0.0873492 0.0509607 16.1395
0.0285285 0.0875349 0.0510174 16.0843
0.0286286 0.086562 0.0507373 16.0246
0.0287287 0.0866094 0.0509503 15.9703
0.0288288 0.0863377 0.0505567 15.9165
0.0289289 0.0869255 0.0509975 15.8581
0.029029 0.0861609 0.0505288 15.8052
0.0291291 0.0866058 0.0508642 15.7527
0.0292292 0.0867719 0.0509175 15.6956
0.0293293 0.0864864 0.050659 15.6439
0.0294294 0.0857998 0.0504551 15.5878
0.0295295 0.0853229 0.0505031 15.5369
0.0296296 0.0863917 0.0506468 15.4865
0.0297297 0.0851393 0.0503261 15.4316
0.0298298 0.0861207 0.0504622 15.3819
0.0299299 0.0865632 0.0507126 15.3278
0.03003 0.0857517 0.0504769 15.2789
0.0301301 0.0853144 0.0501558 15.2257
0.0302302 0.0860797 0.0505765 15.1776
0.0303303 0.0849445 0.0501709 15.1251
0.0304304 0.0855926 0.0503302 15.0777
0.0305305 0.0849498 0.0501479 15.026
0.0306306 0.0863188 0.0504972 14.9793
0.0307307 0.0842429 0.0499191 14.9284
0.0308308 0.0852693 0.0502512 14.8825
0.0309309 0.0836583 0.0494388 14.8322
0.031031 0.0842774 0.0497417 14.787
0.0311311 0.0849321 0.0501445 14.7375
0.0312312 0.0832669 0.0494054 14.6884
0.0313313 0.0830522 0.0493282 14.6442
0.0314314 0.0846024 0.0499702 14.5958
0.0315315 0.0834402 0.0494858 14.5522
0.0316316 0.0848243 0.0499599 14.5045
0.0317317 0.0844403 0.0499515 14.4571
0.0318318 0.0838025 0.0496727 14.4146
0.0319319 0.0838427 0.0495508 14.3678
0.032032 0.0844797 0.0498401 14.3214
0.0321321 0.0843857 0.0498995 14.2798
0.0322322 0.082788 0.0492594 14.2341
0.0323323 0.0824785 0.0492207 14.1887
0.0324324 0.0838579 0.0495546 14.148
0.0325325 0.0829982 0.0492166 14.1032
0.0326326 0.0831117 0.0492884 14.0587
0.0327327 0.0825785 0.0492844 14.0145
0.0328328 0.0828525 0.0491844 13.975
0.0329329 0.0840625 0.049655 13.9315
0.033033 0.0833847 0.0494332 13.8882
0.0331331 0.083631 0.0494886 13.8452
0.0332332 0.0837621 0.0496299 13.8069
0.0333333 0.0829534 0.0492067 13.7645
0.0334334 0.0820934 0.0489298 13.7224
0.0335335 0.0821163 0.0489591 13.6806
0.0336336 0.0826959 0.0489834 13.6391
0.0337337 0.0824514 0.0489774 13.6021
0.0338338 0.0822656 0.0488801 13.5611
0.0339339 0.0819679 0.0488428 13.5204
0.034034 0.082033 0.0488989 13.48
0.0341341 0.0820265 0.0488264 13.4399
0.0342342 0.0816955 0.0485594 13.4
0.0343343 0.0805994 0.0482913 13.3604
0.0344344 0.0812676 0.0485624 13.3252
0.0345345 0.0803842 0.0482034 13.2862
0.0346346 0.0820954 0.0488188 13.2473
0.0347347 0.08108 0.0484466 13.2088
0.0348348 0.0816329 0.0485839 13.1704
0.0349349 0.0813987 0.0484295 13.1324
0.035035 0.0804542 0.0482014 13.0946
0.0351351 0.0801256 0.047979 13.057
0.0352352 0.0808671 0.0481638 13.0197
0.0353353 0.0808789 0.0482793 12.9826
0.0354354 0.0803003 0.0482014 12.9458
0.0355355 0.0819038 0.0487519 12.9092
0.0356356 0.0807035 0.0482836 12.8729
0.0357357 0.0805663 0.0480261 12.8367
0.0358358 0.0809752 0.0484763 12.8008
0.0359359 0.0804133 0.0481283 12.7652
0.036036 0.0806313 0.0481865 12.7298
0.0361361 0.0811782 0.0482938 12.6946
0.0362362 0.0803827 0.0481476 12.6596
0.0363363 0.0807011 0.0481045 12.6248
0.0364364 0.0803768 0.0481846 12.5903
0.0365365 0.0797532 0.0478224 12.556
0.0366366 0.0801601 0.0478917 12.5219
0.0367367 0.0800454 0.0479665 12.488
0.0368368 0.0802555 0.0479673 12.4543
0.0369369 0.07932 0.047775 12.4208
0.037037 0.0791623 0.047688 12.3876
0.0371371 0.07947 0.0478751 12.3545
0.0372372 0.0795545 0.047878 12.3217
0.0373373 0.079286 0.0477328 12.289
0.0374374 0.0802817 0.048144 12.2566
0.0375375 0.0790564 0.0475277 12.2206
0.0376376 0.079658 0.0478537 12.1886
0.0377377 0.0790094 0.0475598 12.1567
0.0378378 0.0785204 0.0473616 12.1251
0.0379379 0.0794051 0.0475614 12.0936
0.038038 0.0802808 0.0480016 12.0624
0.0381381 0.0784311 0.0471232 12.0313
0.0382382 0.0784436 0.0472661 11.9967
0.0383383 0.0790656 0.0474676 11.966
0.0384384 0.0778273 0.0470197 11.9355
0.0385385 0.0787507 0.0474301 11.9052
0.0386386 0.078266 0.0472492 11.8751
0.0387387 0.0785846 0.0473837 11.8415
0.0388388 0.0772396 0.0467886 11.8117
0.0389389 0.0789615 0.0474752 11.7821
0.039039 0.0789652 0.0474181 11.7527
0.0391391 0.0784319 0.0472505 11.7235
0.0392392 0.0795433 0.0476226 11.6908
0.0393393 0.0783584 0.0472367 11.6619
0.0394394 0.0782217 0.0472138 11.6332
0.0395395 0.0773743 0.0469451 11.6046
0.0396396 0.0781996 0.0471402 11.5727
0.0397397 0.0788951 0.0473765 11.5445
0.0398398 0.0773202 0.0467816 11.5164
0.0399399 0.0773555 0.046725 11.4885
0.04004 0.0774297 0.0469256 11.4573
0.0401401 0.0781179 0.0470911 11.4297
0.0402402 0.0767585 0.0465402 11.4023
0.0403403 0.0775379 0.0468332 11.3716
0.0404404 0.0780453 0.0469685 11.3445
0.0405405 0.0775062 0.0467829 11.3176
0.0406406 0.0778801 0.0469563 11.2874
0.0407407 0.0775069 0.0468003 11.2608
0.0408408 0.0768054 0.0465288 11.2343
0.0409409 0.0771096 0.0465666 11.2046
0.041041 0.0759493 0.0461777 11.1784
0.0411411 0.0774773 0.0468416 11.1524
0.0412412 0.0760202 0.0462562 11.1232
0.0413413 0.0770775 0.0466267 11.0975
0.0414414 0.0773729 0.0468159 11.0719
0.0415415 0.0763851 0.0464038 11.0431
0.0416416 0.0768006 0.0465346 11.0179
0.0417417 0.07653 0.0463134 10.9927
0.0418418 0.0770378 0.0465994 10.9644
0.0419419 0.0756909 0.0461271 10.9395
0.042042 0.0759528 0.0462155 10.9115
0.0421421 0.0765667 0.0463019 10.8869
0.0422422 0.0765839 0.046383 10.8625
0.0423423 0.0761711 0.0463156 10.8349
0.0424424 0.0783525 0.0470187 10.8108
0.0425425 0.0765796 0.0461964 10.7834
0.0426426 0.0763751 0.0462446 10.7596
0.0427427 0.0762581 0.0463399 10.7325
0.0428428 0.0773058 0.0466641 10.7089
0.0429429 0.0759748 0.0460439 10.6822
0.043043 0.0752721 0.0458329 10.6588
0.0431431 0.0761598 0.0461936 10.6356
0.0432432 0.076098 0.0461117 10.6093
0.0433433 0.075265 0.0459134 10.5863
0.0434434 0.0753832 0.045798 10.5602
0.0435435 0.0735705 0.0451594 10.5375
0.0436436 0.0753663 0.0458749 10.5117
0.0437437 0.0755415 0.0459227 10.4892
0.0438438 0.0763854 0.0463911 10.4637
0.0439439 0.0751313 0.0458883 10.4415
0.044044 0.0749165 0.0456358 10.4162
0.0441441 0.075259 0.0456834 10.3942
0.0442442 0.0743785 0.0454254 10.3692
0.0443443 0.0748412 0.0457269 10.3821
0.0444444 0.0755716 0.0458049 10.3604
0.0445445 0.0746411 0.0453791 10.3357
0.0446446 0.0745764 0.0454167 10.311
0.0447447 0.0746303 0.0454455 10.2865
0.0448448 0.0751416 0.0456997 10.2622
0.0449449 0.0738833 0.0449724 10.2379
0.045045 0.0735642 0.0448182 10.2138
0.0451451 0.0741458 0.0451495 10.1898
0.0452452 0.0742318 0.0450028 10.166
0.0453453 0.0742431 0.0450304 10.1453
0.0454454 0.0730217 0.0445434 10.1216
0.0455455 0.0730413 0.0446361 10.0981
0.0456456 0.0734079 0.0446902 10.0747
0.0457457 0.0727192 0.0445317 10.0514
0.0458458 0.0734996 0.0445888 10.0283
0.0459459 0.0724364 0.0442916 10.0052
0.046046 0.0733644 0.0447213 9.9823
0.0461461 0.0729729 0.044587 9.95948
0.0462462 0.0735914 0.0447109 9.93677
0.0463463 0.0720936 0.0441173 9.91418
0.0464464 0.0725828 0.0443802 9.89169
0.0465465 0.0725489 0.0444149 9.86932
0.0466466 0.0725152 0.0444251 9.84707
0.0467467 0.0726662 0.0443128 9.82492
0.0468468 0.0737204 0.0448648 9.80287
0.0469469 0.0727614 0.0443779 9.78094
0.047047 0.0720635 0.0441376 9.75911
0.0471471 0.072763 0.0444089 9.7374
0.0472472 0.0723075 0.0443248 9.71578
0.0473473 0.0738186 0.0450218 9.69427
0.0474474 0.0722417 0.0442363 9.67287
0.0475475 0.0727526 0.0443904 9.65157
0.0476476 0.0719745 0.0442106 9.63037
0.0477477 0.0728625 0.0443783 9.60928
0.0478478 0.0724414 0.0442244 9.58828
0.0479479 0.0723957 0.0441586 9.56739
0.048048 0.070975 0.0437082 9.5466
0.0481481 0.071867 0.043955 9.52591
0.0482482 0.0714948 0.0439675 9.50531
0.0483483 0.0715891 0.0439135 9.48481
0.0484484 0.0717174 0.0439536 9.46442
0.0485485 0.0717206 0.043829 9.44411
0.0486486 0.0715471 0.043825 9.42391
0.0487487 0.0711299 0.0437806 9.4038
0.0488488 0.0708229 0.0434394 9.38378
0.0489489 0.0707045 0.0434362 9.36386
0.049049 0.0714061 0.0438694 9.34403
0.0491491 0.0708623 0.0435489 9.3243
0.0492492 0.0712184 0.0437326 9.30465
0.0493493 0.0720566 0.0439941 9.2851
0.0494494 0.0702903 0.043324 9.26285
0.0495495 0.0703681 0.0435048 9.24348
0.0496496 0.0706316 0.0433336 9.22421
0.0497497 0.0711978 0.0438008 9.20502
0.0498498 0.0702551 0.0434317 9.18593
0.0499499 0.070114 0.0432479 9.16692
0.0500501 0.0700545 0.0432099 9.148
0.0501502 0.0712514 0.043773 9.12917
0.0502503 0.0703264 0.0433465 9.11042
0.0503504 0.0704425 0.0432868 9.09176
0.0504505 0.0709539 0.0435438 9.07045
0.0505506 0.0707223 0.0434046 9.05196
0.0506507 0.0696149 0.0428818 9.03356
0.0507508 0.0700222 0.0430866 9.01525
0.0508509 0.0702955 0.0431647 8.99701
0.050951 0.069292 0.0428553 8.97886
0.0510511 0.0698668 0.0431226 8.96079
0.0511512 0.0694817 0.0430432 8.94011
0.0512513 0.0696678 0.042914 8.92221
0.0513514 0.0694533 0.0428063 8.90438
0.0514515 0.069544 0.0428224 8.88664
0.0515516 0.0695376 0.0428701 8.86898
0.0516517 0.0693821 0.0426881 8.85139
0.0517518 0.0693967 0.0427583 8.83123
0.0518519 0.0695625 0.0428667 8.81381
0.051952 0.0693448 0.042838 8.79646
0.0520521 0.0694135 0.0428889 8.7792
0.0521522 0.068692 0.0425278 8.762
0.0522523 0.069255 0.0426709 8.74489
0.0523524 0.0692826 0.0426413 8.72522
0.0524525 0.068884 0.042576 8.70826
0.0525526 0.0690465 0.0426578 8.69138
0.0526527 0.0686093 0.0424625 8.67457
0.0527528 0.0685658 0.0423909 8.65783
0.0528529 0.0683609 0.0424733 8.63857
0.052953 0.068268 0.0422353 8.62198
0.0530531 0.0689378 0.0426053 8.60546
0.0531532 0.0693383 0.0427443 8.58902
0.0532533 0.0683754 0.0422413 8.57007
0.0533534 0.0684704 0.0423062 8.55378
0.0534535 0.0683557 0.0423549 8.53755
0.0535536 0.0689738 0.0424685 8.52139
0.0536537 0.0686357 0.0423822 8.50531
0.0537538 0.0688456 0.0425275 8.48674
0.0538539 0.0677234 0.0421134 8.4708
0.053954 0.0683641 0.0423051 8.45492
0.0540541 0.0677415 0.0420065 8.43911
0.0541542 0.0679652 0.0421603 8.42085
0.0542543 0.0680741 0.0421305 8.40518
0.0543544 0.0677152 0.0419654 8.38957
0.0544545 0.0682622 0.0423338 8.37404
0.0545546 0.0679577 0.0422667 8.35606
0.0546547 0.0681309 0.0422494 8.34066
0.0547548 0.0682261 0.0423332 8.32533
0.0548549 0.0674796 0.0418084 8.30756
0.054955 0.0682888 0.0421594 8.29236
0.0550551 0.0679935 0.042224 8.27722
0.0551552 0.0681434 0.0421669 8.26215
0.0552553 0.067079 0.041758 8.24467
0.0553554 0.0680738 0.0421139 8.22972
0.0554555 0.0670411 0.0417218 8.21484
0.0555556 0.067596 0.0419488 8.19756
0.0556557 0.0677225 0.0418562 8.18281
0.0557558 0.0671517 0.0417913 8.16812
0.0558559 0.0675667 0.0419831 8.15104
0.055956 0.0670257 0.0416363 8.13648
0.0560561 0.0671878 0.0416545 8.12197
0.0561562 0.0664847 0.0413689 8.10752
0.0562563 0.0678508 0.0420117 8.09071
0.0563564 0.0670428 0.0415472 8.07638
0.0564565 0.0669008 0.0415988 8.06212
0.0565566 0.0674049 0.0416344 8.0455
0.0566567 0.0662374 0.0412984 8.03136
0.0567568 0.0666886 0.0413518 8.01727
0.0568569 0.0667093 0.0415832 8.00084
0.056957 0.0670122 0.0416769 7.98687
0.0570571 0.0673912 0.0418074 7.97058
0.0571572 0.0667764 0.0414169 7.95673
0.0572573 0.0667926 0.0414093 7.94293
0.0573574 0.0668478 0.0415246 7.92682
0.0574575 0.0667164 0.0413827 7.91314
0.0575576 0.0655889 0.040994 7.89951
0.0576577 0.0660999 0.0412724 7.88358
0.0577578 0.066583 0.0414202 7.87007
0.0578579 0.0667023 0.0414077 7.85661
0.057958 0.0659208 0.0410974 7.84086
0.0580581 0.066959 0.0415294 7.82751
0.0581582 0.066381 0.0414252 7.81189
0.0582583 0.066912 0.0414084 7.79865
0.0583584 0.0665624 0.0414189 7.78546
0.0584585 0.0659192 0.0411102 7.77001
0.0585586 0.0662782 0.0412192 7.75693
0.0586587 0.0655655 0.0409454 7.74391
0.0587588 0.0659123 0.0409922 7.72863
0.0588589 0.0651164 0.0407803 7.71571
0.058959 0.0662879 0.0411709 7.70054
0.0590591 0.0667706 0.0414656 7.68772
0.0591592 0.0649513 0.0408828 7.67496
0.0592593 0.0654997 0.0408351 7.65996
0.0593594 0.0664819 0.0412988 7.6473
0.0594595 0.0661344 0.0410259 7.63241
0.0595596 0.0655774 0.0408991 7.61985
0.0596597 0.0657935 0.0410412 7.60508
0.0597598 0.0644065 0.0403462 7.59262
0.0598599 0.0655415 0.0408569 7.58021
0.05996 0.0652218 0.0407227 7.56559
0.0600601 0.064661 0.0404813 7.55328
0.0601602 0.064455 0.0404534 7.53877
0.0602603 0.0646143 0.0405208 7.52656
0.0603604 0.0654923 0.0408874 7.51216
0.0604605 0.0651557 0.0407717 7.50004
0.0605606 0.0641428 0.0403588 7.48797
0.0606607 0.0646314 0.0404741 7.47373
0.0607608 0.065215 0.0406099 7.46175
0.0608609 0.0643899 0.0403487 7.44761
0.060961 0.06488 0.0405571 7.43573
0.0610611 0.0641601 0.0402738 7.42169
0.0611612 0.0651263 0.0406441 7.4099
0.0612613 0.0650439 0.0405978 7.39596
0.0613614 0.064783 0.04054 7.38427
0.0614615 0.0644207 0.0403401 7.37043
0.0615616 0.0645816 0.0404275 7.35883
0.0616617 0.0642051 0.0402538 7.34509
0.0617618 0.0641156 0.0402564 7.33358
0.0618619 0.0648465 0.0404481 7.32211
0.061962 0.0639977 0.040202 7.30851
0.0620621 0.0652421 0.0406296 7.29713
0.0621622 0.0648752 0.0405831 7.28363
0.0622623 0.0639846 0.0401112 7.27234
0.0623624 0.0642495 0.0403254 7.25894
0.0624625 0.0650726 0.04062 7.24774
0.0625626 0.0637359 0.0400296 7.23443
0.0626627 0.0648344 0.0404228 7.22331
0.0627628 0.0640061 0.0401726 7.21009
0.0628629 0.0633995 0.0398601 7.19906
0.062963 0.0638726 0.0401098 7.18594
0.0630631 0.0642151 0.0401659 7.17499
0.0631632 0.0639016 0.0400043 7.16196
0.0632633 0.0639744 0.0401089 7.15109
0.0633634 0.0636651 0.0400555 7.13815
0.0634635 0.0634082 0.0398828 7.12526
0.0635636 0.0638654 0.0400112 7.11452
0.0636637 0.0630115 0.0396103 7.10171
0.0637638 0.0645243 0.0403699 7.09106
0.0638639 0.0630967 0.0397253 7.07834
0.063964 0.0629349 0.0395619 7.06776
0.0640641 0.0633618 0.0397504 7.05513
0.0641642 0.0631989 0.0397622 7.04464
0.0642643 0.063121 0.0396241 7.03209
0.0643644 0.0644002 0.0402823 7.02168
0.0644645 0.0631511 0.0396412 7.00922
0.0645646 0.0630476 0.0395746 6.99888
0.0646647 0.0630374 0.0397377 6.98651
0.0647648 0.0632125 0.0397967 6.97624
0.0648649 0.0629442 0.0395589 6.96395
0.064965 0.0633229 0.0398042 6.95171
0.0650651 0.0617034 0.0391293 6.94156
0.0651652 0.0631495 0.0397014 6.9294
0.0652653 0.0634009 0.0398737 6.91933
0.0653654 0.063222 0.0397357 6.90725
0.0654655 0.0630803 0.0396857 6.89725
0.0655656 0.0615734 0.039026 6.88525
0.0656657 0.0629818 0.0395298 6.8733
0.0657658 0.0630159 0.039673 6.86341
0.0658659 0.0617462 0.0390581 6.85153
0.065966 0.0622986 0.0392947 6.84172
0.0660661 0.0629171 0.0395652 6.82992
0.0661662 0.0625868 0.0393889 6.82018
0.0662663 0.062359 0.0393336 6.80846
0.0663664 0.0633318 0.0398643 6.79678
0.0664665 0.0624951 0.0392666 6.78715
0.0665666 0.0617641 0.0391193 6.77555
0.0666667 0.0619631 0.0391502 6.76599
0.0667668 0.0626758 0.0393005 6.75446
0.0668669 0.0617355 0.0389358 6.74297
0.066967 0.062195 0.0392836 6.73352
0.0670671 0.061944 0.0392692 6.72211
0.0671672 0.0622084 0.0393013 6.71272
0.0672673 0.0622025 0.0391931 6.70138
0.0673674 0.0622662 0.0392673 6.69009
0.0674675 0.0621771 0.0392424 6.6808
0.0675676 0.0627194 0.0395272 6.66958
0.0676677 0.0614303 0.0388956 6.66036
0.0677678 0.0616743 0.03902 6.6492
0.0678679 0.0617829 0.0390062 6.63809
0.067968 0.0619262 0.0390397 6.62897
0.0680681 0.0614511 0.0387901 6.61793
0.0681682 0.0614353 0.0387605 6.60693
0.0682683 0.0618785 0.0390983 6.59791
0.0683684 0.0623319 0.0393156 6.58697
0.0684685 0.0613796 0.0388573 6.57802
0.0685686 0.0609509 0.0387238 6.56715
0.0686687 0.0611145 0.0387312 6.55633
0.0687688 0.0617775 0.0389781 6.54747
0.0688689 0.0609953 0.0386753 6.53671
0.068969 0.061384 0.0388099 6.52599
0.0690691 0.0614119 0.0388531 6.51722
0.0691692 0.0616625 0.0388747 6.50657
0.0692693 0.0608011 0.0386078 6.49595
0.0693694 0.0610477 0.0385536 6.48728
0.0694695 0.0610546 0.0386831 6.47672
0.0695696 0.0616247 0.0388517 6.46621
0.0696697 0.0612851 0.0387836 6.45763
0.0697698 0.061409 0.0388787 6.44718
0.0698699 0.0622123 0.0391401 6.43676
0.06997 0.0612363 0.0387363 6.42827
0.0700701 0.0613745 0.0388974 6.41792
0.0701702 0.0609217 0.0385976 6.4076
0.0702703 0.0613814 0.0388153 6.39921
0.0703704 0.0603917 0.0383723 6.38895
0.0704705 0.0611832 0.038715 6.37873
0.0705706 0.0602389 0.0382902 6.37042
0.0706707 0.0604096 0.0383449 6.36027
0.0707708 0.0598418 0.0380961 6.35014
0.0708709 0.061017 0.0385697 6.34192
0.070971 0.0613015 0.0387145 6.33186
0.0710711 0.0600956 0.0379836 6.32183
0.0711712 0.0612604 0.0387355 6.3137
0.0712713 0.0597447 0.0380858 6.30373
0.0713714 0.0613084 0.0388164 6.2938
0.0714715 0.0605053 0.0383263 6.28574
0.0715716 0.0602614 0.038306 6.27587
0.0716717 0.0604249 0.038193 6.26603
0.0717718 0.0599922 0.0381383 6.25806
0.0718719 0.0602916 0.0382547 6.24828
0.071972 0.0597423 0.0380267 6.23853
0.0720721 0.0606505 0.0385313 6.22881
0.0721722 0.0603518 0.0382916 6.22095
0.0722723 0.0608385 0.0385081 6.21129
0.0723724 0.0605643 0.0382789 6.20166
0.0724725 0.059927 0.0380158 6.19388
0.0725726 0.0596908 0.0380042 6.18431
0.0726727 0.0601434 0.0381194 6.17477
0.0727728 0.0596928 0.0380472 6.16526
0.0728729 0.060298 0.0382363 6.15759
0.072973 0.059553 0.037983 6.14813
0.0730731 0.0598803 0.0380449 6.13871
0.0731732 0.0597883 0.038016 6.13111
0.0732733 0.0603615 0.0383172 6.12175
0.0733734 0.0595766 0.0378964 6.11241
0.0734735 0.0595949 0.0378232 6.1031
0.0735736 0.059314 0.0377915 6.09561
0.0736737 0.0595806 0.0379073 6.08636
0.0737738 0.0596375 0.0379199 6.07713
0.0738739 0.0595647 0.0379932 6.06793
0.073974 0.0593822 0.0379136 6.06055
0.0740741 0.0590406 0.0376921 6.0514
0.0741742 0.0596474 0.0378692 6.04229
0.0742743 0.0594323 0.0377825 6.03321
0.0743744 0.0595397 0.0377601 6.02592
0.0744745 0.0592709 0.0378186 6.01688
0.0745746 0.058971 0.0376848 6.00788
0.0746747 0.0582502 0.0372832 5.9989
0.0747748 0.0590443 0.0376723 5.99171
0.0748749 0.0592044 0.0376875 5.98279
0.074975 0.0597172 0.0379238 5.97389
0.0750751 0.0589912 0.0375305 5.96502
0.0751752 0.058323 0.037327 5.95793
0.0752753 0.0588898 0.0376138 5.94911
0.0753754 0.0588022 0.037445 5.94032
0.0754755 0.0589159 0.037519 5.93156
0.0755756 0.0590449 0.0376694 5.92455
0.0756757 0.0593043 0.0378316 5.91584
0.0757758 0.058456 0.0374474 5.90715
0.0758759 0.058399 0.037281 5.89849
0.075976 0.0586621 0.0375171 5.88986
0.0760761 0.0586085 0.0374902 5.88297
0.0761762 0.0583262 0.0372218 5.87439
0.0762763 0.0583382 0.0373175 5.86583
0.0763764 0.0579873 0.0370189 5.8573
0.0764765 0.0589937 0.0375749 5.8505
0.0765766 0.0579103 0.0370913 5.84202
0.0766767 0.0582153 0.0373422 5.83356
0.0767768 0.058051 0.0371254 5.82513
0.0768769 0.0581982 0.037181 5.81672
0.076977 0.0593058 0.0377581 5.81003
0.0770771 0.0586991 0.0374757 5.80167
0.0771772 0.0582058 0.0372877 5.79334
0.0772773 0.0572685 0.0367719 5.78503
0.0773774 0.0583328 0.0373195 5.77674
0.0774775 0.0583325 0.0372368 5.77017
0.0775776 0.0574984 0.0368359 5.76193
0.0776777 0.05808 0.0371263 5.75371
0.0777778 0.0576616 0.0370485 5.74552
0.0778779 0.0581863 0.0371048 5.73735
0.077978 0.0579551 0.0371526 5.73089
0.0780781 0.058463 0.0372612 5.72277
0.0781782 0.0577909 0.0369894 5.71467
0.0782783 0.0578591 0.0370726 5.7066
0.0783784 0.0577693 0.0371074 5.69855
0.0784785 0.057942 0.0371089 5.69218
0.0785786 0.0580044 0.0371349 5.68418
0.0786787 0.0577382 0.0369324 5.6762
0.0787788 0.0570464 0.0366165 5.66824
0.0788789 0.0580029 0.0370762 5.6603
0.078979 0.0574846 0.0367884 5.65239
0.0790791 0.0575066 0.0368482 5.64615
0.0791792 0.0573927 0.0368334 5.63828
0.0792793 0.0581236 0.0371522 5.63044
0.0793794 0.057976 0.0371276 5.62262
0.0794795 0.0572696 0.0368179 5.61482
0.0795796 0.0579943 0.0369679 5.60704
0.0796797 0.0573045 0.0368428 5.60092
0.0797798 0.0570563 0.0367359 5.59318
0.0798799 0.0575249 0.0368533 5.58547
0.07998 0.0572048 0.0367293 5.57778
0.0800801 0.0568756 0.0365783 5.57011
0.0801802 0.0577083 0.0368799 5.56246
0.0802803 0.0580999 0.0371876 5.55646
0.0803804 0.0577593 0.0370541 5.54886
0.0804805 0.0566543 0.0364702 5.54127
0.0805806 0.0567897 0.0365093 5.53371
0.0806807 0.0576853 0.036946 5.52617
0.0807808 0.0565472 0.0363792 5.51865
0.0808809 0.0573814 0.0368757 5.51116
0.080981 0.0565889 0.0364528 5.50529
0.0810811 0.0566394 0.0364358 5.49783
0.0811812 0.0565161 0.0363827 5.49039
0.0812813 0.0566803 0.0364308 5.48298
0.0813814 0.0566199 0.036308 5.47558
0.0814815 0.056791 0.0365293 5.46821
0.0815816 0.0565532 0.0364004 5.46086
0.0816817 0.0565209 0.0364308 5.45512
0.0817818 0.0562893 0.0362843 5.4478
0.0818819 0.0570605 0.0366062 5.44051
0.081982 0.0571289 0.0366155 5.43324
0.0820821 0.0569991 0.0365689 5.42599
0.0821822 0.0560899 0.0361147 5.41876
0.0822823 0.0567402 0.0364656 5.41155
0.0823824 0.0567756 0.0364713 5.40435
0.0824825 0.0563396 0.0362284 5.39876
0.0825826 0.0570802 0.0365979 5.3916
0.0826827 0.0560441 0.036148 5.38447
0.0827828 0.0568835 0.0365081 5.37736
0.0828829 0.0566053 0.0363688 5.37026
0.082983 0.0569954 0.0366159 5.36319
0.0830831 0.0573475 0.0366512 5.35614
0.0831832 0.0558215 0.035984 5.3491
0.0832833 0.0568513 0.0365374 5.34364
0.0833834 0.0555792 0.0358982 5.33664
0.0834835 0.055964 0.0361177 5.32966
0.0835836 0.0562315 0.036162 5.3227
0.0836837 0.0561865 0.0362936 5.31576
0.0837838 0.0563456 0.0363578 5.30884
0.0838839 0.05629 0.0363207 5.30194
0.083984 0.0563522 0.0362187 5.29506
0.0840841 0.0561792 0.0362565 5.28819
0.0841842 0.0569872 0.0364869 5.28135
0.0842843 0.0557628 0.0359794 5.27605
0.0843844 0.0564598 0.0362773 5.26924
0.0844845 0.0560928 0.0361425 5.26245
0.0845846 0.0559847 0.0360725 5.25568
0.0846847 0.0560562 0.0362118 5.24892
0.0847848 0.0561381 0.0360916 5.24218
0.0848849 0.055089 0.0357041 5.23547
0.084985 0.0557066 0.0360553 5.22877
0.0850851 0.0562846 0.0362081 5.22208
0.0851852 0.0554396 0.0358024 5.21542
0.0852853 0.0553842 0.0358404 5.20877
0.0853854 0.0555116 0.0358521 5.20366
0.0854855 0.0560549 0.0361239 5.19704
0.0855856 0.0557784 0.0360506 5.19045
0.0856857 0.0558467 0.0359526 5.18387
0.0857858 0.055631 0.035886 5.17731
0.0858859 0.0563765 0.0363136 5.17077
0.085986 0.0550679 0.0356441 5.16425
0.0860861 0.0559885 0.0360685 5.15774
0.0861862 0.0553802 0.0358138 5.15125
0.0862863 0.0559201 0.0360576 5.14478
0.0863864 0.0557629 0.0358985 5.13832
0.0864865 0.055416 0.035769 5.13188
0.0865866 0.0555076 0.0357785 5.12546
0.0866867 0.0552524 0.0358506 5.11906
0.0867868 0.0545628 0.0353774 5.11416
0.0868869 0.0555165 0.0358272 5.10779
0.086987 0.0553018 0.0357182 5.10143
0.0870871 0.0559385 0.0360479 5.09509
0.0871872 0.0556022 0.0357622 5.08877
0.0872873 0.0549402 0.0356344 5.08247
0.0873874 0.0553409 0.0357567 5.07618
0.0874875 0.0550926 0.0356458 5.06991
0.0875876 0.0549894 0.0355913 5.06365
0.0876877 0.0549834 0.0355238 5.05741
0.0877878 0.0555197 0.0357181 5.05119
0.0878879 0.0551157 0.0356598 5.04499
0.087988 0.0550373 0.0355814 5.0388
0.0880881 0.0550469 0.0356707 5.03262
0.0881882 0.0542091 0.0352241 5.02647
0.0882883 0.0554336 0.0358718 5.02032
0.0883884 0.0548446 0.0354574 5.0142
0.0884885 0.0550046 0.0355537 5.00809
0.0885886 0.0552171 0.03567 5.002
0.0886887 0.0537063 0.0349849 4.99592
0.0887888 0.0551642 0.0356354 4.98986
0.0888889 0.0545678 0.0354292 4.98381
0.088989 0.0547052 0.0354467 4.97922
0.0890891 0.0551101 0.0356264 4.97321
0.0891892 0.0542928 0.0353312 4.9672
0.0892893 0.0548955 0.0355104 4.96122
0.0893894 0.0548935 0.0354607 4.95525
0.0894895 0.0550794 0.035596 4.94929
0.0895896 0.0544675 0.0353169 4.94335
0.0896897 0.0551873 0.0356835 4.93743
0.0897898 0.0545447 0.0353135 4.93152
0.0898899 0.0542209 0.0351877 4.92562
0.08999 0.0540225 0.035106 4.91975
0.0900901 0.0542414 0.0352301 4.91388
0.0901902 0.054741 0.0353688 4.90803
0.0902903 0.0545609 0.0353592 4.9022
0.0903904 0.0546606 0.0353855 4.89638
0.0904905 0.0541775 0.035173 4.89057
0.0905906 0.0540127 0.0351186 4.88478
0.0906907 0.0541201 0.035139 4.87901
0.0907908 0.0541981 0.0352379 4.87325
0.0908909 0.0535789 0.0349315 4.8675
0.090991 0.0538682 0.0350808 4.86177
0.0910911 0.0546306 0.0353346 4.85605
0.0911912 0.0539825 0.0350862 4.85035
0.0912913 0.0543562 0.0351049 4.84466
0.0913914 0.0537843 0.0349483 4.83899
0.0914915 0.0539898 0.0350623 4.83333
0.0915916 0.0543529 0.0353088 4.82768
0.0916917 0.0533228 0.034648 4.82205
0.0917918 0.0538588 0.0349362 4.81644
0.0918919 0.0536915 0.0349522 4.81083
0.091992 0.0536833 0.0348718 4.80524
0.0920921 0.0535329 0.0348174 4.79967
0.0921922 0.0534343 0.0349086 4.79411
0.0922923 0.0536861 0.0349739 4.78856
0.0923924 0.0537762 0.0348974 4.78303
0.0924925 0.0536469 0.0348735 4.77751
0.0925926 0.0536966 0.0349012 4.772
0.0926927 0.0533709 0.0346701 4.76651
0.0927928 0.0538991 0.035099 4.76103
0.0928929 0.0539124 0.0349404 4.75557
0.092993 0.0534156 0.0347636 4.75012
0.0930931 0.0527818 0.0344688 4.74468
0.0931932 0.0530685 0.0347594 4.73925
0.0932933 0.0531593 0.0346226 4.73384
0.0933934 0.053972 0.0350747 4.72844
0.0934935 0.052992 0.0345535 4.72306
0.0935936 0.0526529 0.0344504 4.71769
0.0936937 0.0541511 0.0350965 4.71233
0.0937938 0.0535202 0.0347583 4.70698
0.0938939 0.0531837 0.0345879 4.70165
0.093994 0.0534775 0.0347899 4.69633
0.0940941 0.0529289 0.0345496 4.69103
0.0941942 0.0536112 0.0348516 4.68574
0.0942943 0.053154 0.0345908 4.68046
0.0943944 0.0534724 0.0347659 4.67519
0.0944945 0.0530954 0.0345882 4.66993
0.0945946 0.0536675 0.0348666 4.66335
0.0946947 0.0527663 0.0345182 4.65812
0.0947948 0.0531662 0.0346453 4.65291
0.0948949 0.0524987 0.03432 4.6477
0.094995 0.0537128 0.0348902 4.64251
0.0950951 0.0525409 0.034385 4.63734
0.0951952 0.0530594 0.0346417 4.63217
0.0952953 0.0537206 0.0348538 4.62702
0.0953954 0.0521961 0.0341438 4.62188
0.0954955 0.0531935 0.0346256 4.61676
0.0955956 0.053202 0.0346005 4.61164
0.0956957 0.0524144 0.0343628 4.60654
0.0957958 0.0534992 0.0348835 4.60145
0.0958959 0.0531171 0.0345417 4.59637
0.095996 0.0523257 0.0341071 4.59131
0.0960961 0.0524773 0.0343441 4.58625
0.0961962 0.0524516 0.0343076 4.58121
0.0962963 0.0520226 0.0340826 4.57618
0.0963964 0.0527506 0.0344021 4.57117
0.0964965 0.0535164 0.0347388 4.56616
0.0965966 0.0527204 0.0344257 4.56117
0.0966967 0.0524105 0.0342958 4.55619
0.0967968 0.0530154 0.0345161 4.54991
0.0968969 0.0519827 0.0340474 4.54495
0.096997 0.0534321 0.0346989 4.54001
0.0970971 0.0526684 0.0342829 4.53507
0.0971972 0.0526148 0.0342989 4.53015
0.0972973 0.0531104 0.0345236 4.52524
0.0973974 0.0525668 0.0342372 4.52034
0.0974975 0.0524653 0.0342837 4.51546
0.0975976 0.0529536 0.0345756 4.51058
0.0976977 0.0526767 0.0343457 4.50572
0.0977978 0.052853 0.0344143 4.50087
0.0978979 0.0536163 0.0346813 4.49603
0.097998 0.0516914 0.0339451 4.4912
0.0980981 0.0517179 0.0339076 4.48638
0.0981982 0.0530923 0.0346002 4.48158
0.0982983 0.0523462 0.034274 4.47549
0.0983984 0.052813 0.0344239 4.47071
0.0984985 0.0522889 0.0341651 4.46594
0.0985986 0.0527453 0.0343118 4.46118
0.0986987 0.0525813 0.0342987 4.45643
0.0987988 0.051632 0.0338432 4.45169
0.0988989 0.0519983 0.0340304 4.44697
0.098999 0.0525184 0.0343631 4.44225
0.0990991 0.0521515 0.0341953 4.43754
0.0991992 0.0524012 0.0342107 4.43285
0.0992993 0.0519168 0.0339103 4.42817
0.0993994 0.0520341 0.0340065 4.4235
0.0994995 0.0518024 0.0339453 4.41883
0.0995996 0.052047 0.0340049 4.41291
0.0996997 0.0517849 0.0339212 4.40828
0.0997998 0.0517361 0.0339487 4.40365
0.0998999 0.0510155 0.0334989 4.39903
0.1 0.0523967 0.0341885 4.39442
