5.00501e-05 0.30423 0.084091 9166.16
0.0001001 0.281642 0.0840172 4583.78
0.00015015 0.263756 0.0841113 3055.57
0.0002002 0.256802 0.0844221 2291.78
0.00025025 0.249259 0.084274 1833.25
0.0003003 0.238996 0.083751 1527.61
0.00035035 0.235941 0.0835211 1309.38
0.0004004 0.230067 0.0834846 1145.86
0.00045045 0.228106 0.0837423 1018.53
0.000500501 0.225712 0.0833844 916.67
0.000550551 0.21879 0.0826799 833.304
0.000600601 0.216017 0.082414 763.925
0.000650651 0.214439 0.082414 705.183
0.000700701 0.210188 0.0819907 654.745
0.000750751 0.208509 0.0819246 611.067
0.000800801 0.204846 0.0813727 572.893
0.000850851 0.205777 0.0817958 539.167
0.000900901 0.200649 0.0808822 509.296
0.000950951 0.198994 0.0804924 482.416
0.001001 0.199809 0.0810778 458.323
0.00105105 0.201998 0.0813462 436.495
0.0011011 0.195816 0.0807137 416.679
0.00115115 0.193159 0.0805528 398.591
0.0012012 0.189713 0.0798206 381.916
0.00125125 0.193804 0.0806062 366.694
0.0013013 0.185865 0.0792969 352.598
0.00135135 0.186958 0.0792971 339.492
0.0014014 0.187631 0.079406 327.393
0.00145145 0.186978 0.0792185 316.123
0.0015015 0.18307 0.0786511 305.53
0.00155155 0.184291 0.079187 295.721
0.0016016 0.180635 0.0785459 286.443
0.00165165 0.183696 0.0790262 277.755
0.0017017 0.179975 0.0785333 269.573
0.00175175 0.17875 0.0782944 261.953
0.0018018 0.178635 0.0782803 254.617
0.00185185 0.175005 0.077771 247.736
0.0019019 0.175016 0.0776147 241.271
0.00195195 0.17573 0.0777767 235.002
0.002002 0.172174 0.0768491 229.182
0.00205205 0.172196 0.0771254 223.601
0.0021021 0.171665 0.0769939 218.239
0.00215215 0.172094 0.0770316 213.164
0.0022022 0.171983 0.0772661 208.354
0.00225225 0.16693 0.076184 203.71
0.0023023 0.170015 0.0765835 199.298
0.00235235 0.168269 0.0759156 195.026
0.0024024 0.166694 0.0761398 190.959
0.00245245 0.165983 0.0761886 187.082
0.0025025 0.167497 0.0764063 183.313
0.00255255 0.166284 0.075752 179.714
0.0026026 0.165995 0.0758781 176.273
0.00265265 0.162017 0.0750096 172.982
0.0027027 0.164132 0.0759703 169.766
0.00275275 0.161626 0.0752441 166.685
0.0028028 0.162349 0.0750317 163.667
0.00285285 0.162149 0.0749868 160.832
0.0029029 0.160053 0.0746005 158.05
0.00295295 0.160762 0.0749117 155.375
0.003003 0.158978 0.0744683 152.804
0.00305305 0.159143 0.0747896 150.272
0.0031031 0.159076 0.0743772 147.834
0.00315315 0.159056 0.0747774 145.485
0.0032032 0.157138 0.073754 143.221
0.00325325 0.155672 0.0736779 141.036
0.0033033 0.156041 0.0737743 138.876
0.00335335 0.156967 0.0740211 136.841
0.0034034 0.156125 0.0738018 134.824
0.00345345 0.156103 0.0737712 132.875
0.0035035 0.154933 0.0737514 130.94
0.00355355 0.152038 0.0728996 129.116
0.0036036 0.153651 0.0733643 127.303
0.00365365 0.152016 0.0727913 125.547
0.0037037 0.15391 0.0731802 123.892
0.00375375 0.150807 0.0726064 122.243
0.0038038 0.150972 0.072688 120.598
0.00385385 0.151085 0.072547 119.046
0.0039039 0.150932 0.0726023 117.541
0.00395395 0.149103 0.0724225 116.036
0.004004 0.14928 0.0723236 114.574
0.00405405 0.148624 0.0718268 113.154
0.0041041 0.147786 0.0718914 111.773
0.00415415 0.146927 0.0716888 110.431
0.0042042 0.14756 0.0720208 109.126
0.00425425 0.146279 0.0718592 107.856
0.0043043 0.148172 0.0717047 106.581
0.00435435 0.147468 0.0719517 105.378
0.0044044 0.147559 0.0720077 104.169
0.00445445 0.146407 0.0717164 102.99
0.0045045 0.144771 0.0711289 101.842
0.00455455 0.145485 0.0708228 100.723
0.0046046 0.145414 0.0713068 99.6317
0.00465465 0.144729 0.0714766 98.5675
0.0047047 0.143773 0.0710904 97.5294
0.00475475 0.14298 0.0702843 96.4811
0.0048048 0.142757 0.0705396 95.4928
0.00485485 0.14174 0.0705547 94.4935
0.0049049 0.143924 0.0708331 93.5518
0.00495495 0.14209 0.0701662 92.5982
0.00500501 0.143195 0.0707117 91.6666
0.00505506 0.142465 0.0700591 90.7562
0.00510511 0.143546 0.0706273 89.8663
0.00515516 0.142222 0.0702107 88.9963
0.00520521 0.142634 0.0704047 88.1456
0.00525526 0.138761 0.0696252 87.3135
0.00530531 0.139371 0.069651 86.4681
0.00535536 0.139638 0.0696473 85.672
0.00540541 0.139237 0.0696885 84.862
0.00545546 0.139867 0.0696818 84.0997
0.00550551 0.138268 0.0693539 83.3231
0.00555556 0.13931 0.0694967 82.5925
0.00560561 0.13769 0.0692116 81.8473
0.00565566 0.138451 0.0691316 81.1174
0.00570571 0.136346 0.068708 80.4021
0.00575576 0.136533 0.068864 79.7012
0.00580581 0.137006 0.0687415 79.0142
0.00585586 0.135842 0.0686193 78.3407
0.00590591 0.135727 0.0687007 77.6804
0.00595596 0.134885 0.0680177 77.0328
0.00600601 0.137347 0.0687401 76.3977
0.00605606 0.134514 0.0683603 75.7474
0.00610611 0.135028 0.0683486 75.1364
0.00615616 0.135792 0.0684619 74.5368
0.00620621 0.134522 0.0683437 73.9219
0.00625626 0.133587 0.0679282 73.3446
0.00630631 0.132537 0.0675173 72.7517
0.00635636 0.134402 0.0682065 72.1696
0.00640641 0.133345 0.0679648 71.6236
0.00645646 0.133417 0.067614 71.062
0.00650651 0.133704 0.0681017 70.5103
0.00655656 0.132061 0.0675322 69.9682
0.00660661 0.134356 0.0682286 69.4357
0.00665666 0.132351 0.0674711 68.9123
0.00670671 0.132791 0.0675547 68.398
0.00675676 0.133046 0.0677364 67.8924
0.00680681 0.132947 0.0675204 67.3954
0.00685686 0.130925 0.0670245 66.9068
0.00690691 0.130803 0.0672751 66.4263
0.00695696 0.13064 0.0671164 65.9537
0.00700701 0.128014 0.0665318 65.4657
0.00705706 0.12988 0.0669308 65.0088
0.00710711 0.129461 0.066751 64.5592
0.00715716 0.129122 0.0667117 64.0942
0.00720721 0.128197 0.0661411 63.6591
0.00725726 0.129159 0.0666376 63.2086
0.00730731 0.130128 0.0665874 62.7874
0.00735736 0.12808 0.066375 62.3508
0.00740741 0.128378 0.0664014 61.9428
0.00745746 0.128787 0.0664535 61.5194
0.00750751 0.128491 0.0662821 61.1025
0.00755756 0.128221 0.0662969 60.7134
0.00760761 0.126163 0.0658237 60.309
0.00765766 0.126635 0.0657332 59.9106
0.00770771 0.12733 0.066068 59.5181
0.00775776 0.129153 0.0663313 59.1315
0.00780781 0.12574 0.0651101 58.7507
0.00785786 0.127075 0.0660935 58.3959
0.00790791 0.127569 0.0660703 58.0259
0.00795796 0.12646 0.0656112 57.6613
0.00800801 0.124734 0.0653936 57.2818
0.00805806 0.126173 0.065679 56.9277
0.00810811 0.126394 0.0655803 56.5786
0.00815816 0.125141 0.0654341 56.2345
0.00820821 0.125993 0.0655766 55.8952
0.00825826 0.124473 0.0652506 55.5607
0.00830831 0.124142 0.0650352 55.2115
0.00835836 0.122777 0.0649274 54.8863
0.00840841 0.124485 0.0647786 54.5655
0.00845846 0.12366 0.0646955 54.2491
0.00850851 0.123568 0.0647122 53.9182
0.00855856 0.12178 0.0642409 53.6104
0.00860861 0.122691 0.0644523 53.2882
0.00865866 0.122642 0.0644636 52.9887
0.00870871 0.122936 0.0645308 52.6749
0.00875876 0.122813 0.0642693 52.3834
0.00880881 0.124006 0.0650406 52.0776
0.00885886 0.124127 0.065041 51.7938
0.00890891 0.12401 0.0648857 51.4958
0.00895896 0.122604 0.0644739 51.2016
0.00900901 0.121667 0.0642017 50.9288
0.00905906 0.120164 0.0637098 50.642
0.00910911 0.121118 0.0641412 50.3587
0.00915916 0.120371 0.0639779 50.0964
0.00920921 0.120444 0.0640674 49.8202
0.00925926 0.12103 0.0641396 49.5473
0.00930931 0.121644 0.0642671 49.2779
0.00935936 0.120805 0.0640189 49.0117
0.00940941 0.120441 0.0636513 48.7657
0.00945946 0.119479 0.0634727 48.5059
0.00950951 0.120787 0.0638354 48.2493
0.00955956 0.120856 0.0638625 47.9958
0.00960961 0.119415 0.0633067 47.7453
0.00965966 0.120608 0.0635188 47.4978
0.00970971 0.11898 0.0634675 47.2532
0.00975976 0.119521 0.0635677 47.0115
0.00980981 0.117409 0.0630616 46.7727
0.00985986 0.119278 0.0634532 46.5367
0.00990991 0.119479 0.0636208 46.3034
0.00995996 0.118789 0.0631027 46.0569
0.01001 0.119308 0.0634373 45.829
0.0100601 0.120294 0.0638299 45.6038
0.0101101 0.117966 0.0630027 45.3811
0.0101602 0.119439 0.0631903 45.161
0.0102102 0.118176 0.0630224 44.9279
0.0102603 0.117707 0.0627108 44.7128
0.0103103 0.116537 0.062383 44.5001
0.0103604 0.118156 0.0630549 44.2897
0.0104104 0.117161 0.0627611 44.0666
0.0104605 0.117792 0.0627474 43.8609
0.0105105 0.118645 0.0631993 43.6576
0.0105606 0.117377 0.0624703 43.4415
0.0106106 0.116115 0.0622999 43.2426
0.0106607 0.117452 0.0627175 43.0312
0.0107107 0.115864 0.0623311 42.8366
0.0107608 0.116618 0.0622956 42.6296
0.0108108 0.114489 0.061863 42.4393
0.0108609 0.117715 0.0627078 42.2365
0.0109109 0.115634 0.0621195 42.0503
0.010961 0.115064 0.0617784 41.8517
0.011011 0.115629 0.0621398 41.6695
0.0110611 0.114612 0.061861 41.475
0.0111111 0.116263 0.0619684 41.2966
0.0111612 0.113679 0.061782 41.106
0.0112112 0.114571 0.0617589 40.9173
0.0112613 0.114336 0.0616776 40.7445
0.0113113 0.113314 0.0614126 40.5597
0.0113614 0.114773 0.0618087 40.3767
0.0114114 0.113811 0.0615586 40.2092
0.0114615 0.114703 0.0618059 40.0298
0.0115115 0.113594 0.0614881 39.8522
0.0115616 0.113551 0.0614624 39.6764
0.0116116 0.114439 0.0616322 39.5158
0.0116617 0.115158 0.0616769 39.3433
0.0117117 0.113325 0.0612712 39.1726
0.0117618 0.112861 0.0611735 39.0035
0.0118118 0.11226 0.0608276 38.8361
0.0118619 0.114951 0.0617988 38.6835
0.0119119 0.112898 0.0613281 38.5192
0.011962 0.112724 0.0611346 38.3566
0.012012 0.112362 0.0610158 38.1955
0.0120621 0.112441 0.060919 38.0359
0.0121121 0.11277 0.061039 37.8779
0.0121622 0.111276 0.0606331 37.7213
0.0122122 0.113087 0.0612675 37.5663
0.0122623 0.112852 0.0608677 37.4127
0.0123123 0.111006 0.0607675 37.2605
0.0123624 0.113221 0.0613343 37.1098
0.0124124 0.111588 0.0606097 36.9604
0.0124625 0.112131 0.0609532 36.8124
0.0125125 0.111481 0.0607109 36.6658
0.0125626 0.109966 0.0601141 36.5206
0.0126126 0.112113 0.0607542 36.3767
0.0126627 0.111765 0.0604222 36.234
0.0127127 0.11106 0.0604923 36.0927
0.0127628 0.11134 0.0606006 35.9527
0.0128128 0.110342 0.0603615 35.8018
0.0128629 0.11107 0.0606523 35.6643
0.0129129 0.112359 0.0607747 35.5281
0.012963 0.109908 0.0600719 35.393
0.013013 0.109995 0.0602465 35.2592
0.0130631 0.110554 0.0602572 35.1265
0.0131131 0.11039 0.0602959 34.9832
0.0131632 0.111241 0.0603663 34.8529
0.0132132 0.110076 0.0598974 34.7238
0.0132633 0.108898 0.0597306 34.5958
0.0133133 0.109657 0.0600279 34.4572
0.0133634 0.109134 0.0597195 34.3315
0.0134134 0.110213 0.0602956 34.2068
0.0134635 0.109442 0.0600086 34.0717
0.0135135 0.107962 0.0595517 33.9492
0.0135636 0.108635 0.0598057 33.8277
0.0136136 0.107977 0.0594775 33.6959
0.0136637 0.107956 0.0594081 33.5765
0.0137137 0.108226 0.0595441 33.4582
0.0137638 0.108356 0.059553 33.3296
0.0138138 0.109137 0.0596291 33.2132
0.0138639 0.106835 0.0590013 33.0979
0.0139139 0.109205 0.0598513 32.9724
0.013964 0.107374 0.0592972 32.8589
0.014014 0.107696 0.0592467 32.7355
0.0140641 0.109025 0.0594621 32.6239
0.0141141 0.1084 0.0593784 32.5024
0.0141642 0.106894 0.0589165 32.3928
0.0142142 0.106724 0.0589375 32.2732
0.0142643 0.106946 0.0590707 32.1653
0.0143143 0.108844 0.0594944 32.0476
0.0143644 0.106016 0.0588496 31.9415
0.0144144 0.107634 0.0592012 31.8256
0.0144645 0.107393 0.0592812 31.7213
0.0145145 0.106556 0.0587961 31.6072
0.0145646 0.106742 0.0587149 31.5046
0.0146146 0.106601 0.0587194 31.3922
0.0146647 0.105052 0.0586227 31.2808
0.0147147 0.106966 0.0589422 31.1806
0.0147648 0.1059 0.0587427 31.0709
0.0148148 0.106483 0.0589269 30.9723
0.0148649 0.106607 0.0589188 30.8642
0.0149149 0.106189 0.058636 30.7569
0.014965 0.10523 0.0584588 30.6607
0.015015 0.106445 0.0587049 30.5551
0.0150651 0.104387 0.0580984 30.4502
0.0151151 0.106172 0.0587628 30.3563
0.0151652 0.104529 0.0582679 30.253
0.0152152 0.105831 0.0586254 30.1505
0.0152653 0.104948 0.0583297 30.0587
0.0153153 0.104906 0.0581288 29.9577
0.0153654 0.105685 0.058551 29.8574
0.0154154 0.105285 0.0583392 29.7579
0.0154655 0.102905 0.0576078 29.669
0.0155155 0.105084 0.0585922 29.571
0.0155656 0.10524 0.0582571 29.4736
0.0156156 0.104607 0.058027 29.377
0.0156657 0.105077 0.0583925 29.2908
0.0157157 0.103486 0.0578885 29.1956
0.0157658 0.103531 0.057706 29.101
0.0158158 0.104415 0.0581598 29.0072
0.0158659 0.103716 0.0576166 28.914
0.0159159 0.103502 0.0578327 28.8215
0.015966 0.104915 0.0581089 28.7392
0.016016 0.103228 0.0576693 28.648
0.0160661 0.104278 0.0580415 28.5574
0.0161161 0.104211 0.0580432 28.4675
0.0161662 0.103361 0.0577309 28.3782
0.0162162 0.104211 0.0582211 28.2896
0.0162663 0.103235 0.0575283 28.2016
0.0163163 0.103043 0.0575321 28.1142
0.0163664 0.103904 0.0577489 28.0367
0.0164164 0.101262 0.0570293 27.9506
0.0164665 0.102268 0.0569472 27.865
0.0165165 0.104217 0.0578596 27.78
0.0165666 0.102676 0.0572374 27.6956
0.0166166 0.102879 0.0573604 27.6118
0.0166667 0.102261 0.0571788 27.5286
0.0167167 0.102716 0.057444 27.4459
0.0167668 0.101684 0.0571172 27.3638
0.0168168 0.103634 0.0575593 27.2823
0.0168669 0.101486 0.0568112 27.2013
0.0169169 0.102448 0.0571765 27.1209
0.016967 0.103331 0.0575283 27.0411
0.017017 0.10203 0.0571547 26.9617
0.0170671 0.103602 0.0576949 26.8829
0.0171171 0.102676 0.0574075 26.8047
0.0171672 0.10203 0.0570581 26.727
0.0172172 0.1015 0.0567805 26.6497
0.0172673 0.101691 0.0568765 26.573
0.0173173 0.10122 0.0568664 26.4969
0.0173674 0.102861 0.0573865 26.4212
0.0174174 0.101255 0.0568338 26.3373
0.0174675 0.101087 0.0566246 26.2627
0.0175175 0.100858 0.0567479 26.1885
0.0175676 0.100779 0.0567655 26.1148
0.0176176 0.101434 0.0567691 26.0417
0.0176677 0.101037 0.0567268 25.9689
0.0177177 0.100812 0.0566351 25.8967
0.0177678 0.101398 0.0568594 25.8249
0.0178178 0.100111 0.0564044 25.7452
0.0178679 0.0991971 0.0561704 25.6744
0.0179179 0.100074 0.0563461 25.604
0.017968 0.100563 0.056525 25.5341
0.018018 0.101164 0.0567482 25.4646
0.0180681 0.101234 0.0565372 25.3956
0.0181181 0.0992741 0.0561399 25.3187
0.0181682 0.100373 0.0562781 25.2506
0.0182182 0.100963 0.056453 25.1829
0.0182683 0.0999035 0.0563323 25.1157
0.0183183 0.0996043 0.0561582 25.0488
0.0183684 0.0990567 0.0559177 24.9742
0.0184184 0.0996238 0.0559915 24.9083
0.0184685 0.100151 0.0563985 24.8427
0.0185185 0.0982875 0.0558389 24.7776
0.0185686 0.099503 0.056285 24.7047
0.0186186 0.100197 0.0564226 24.6404
0.0186687 0.101029 0.0565041 24.5765
0.0187187 0.100343 0.0564065 24.513
0.0187688 0.0996015 0.0560527 24.4418
0.0188188 0.0985858 0.0556704 24.3791
0.0188689 0.098982 0.0561291 24.3168
0.0189189 0.0991504 0.0560097 24.2469
0.018969 0.097909 0.0553729 24.1853
0.019019 0.0997909 0.0562002 24.1241
0.0190691 0.0994943 0.0561033 24.0633
0.0191191 0.0994875 0.0561585 23.995
0.0191692 0.0994994 0.0561031 23.935
0.0192192 0.0986116 0.0558747 23.8753
0.0192693 0.0985624 0.0558211 23.8082
0.0193193 0.0970759 0.0553854 23.7492
0.0193694 0.0989125 0.0559682 23.6829
0.0194194 0.0982898 0.0556193 23.6246
0.0194695 0.0976091 0.0552728 23.5667
0.0195195 0.0978072 0.0555336 23.5015
0.0195696 0.0974749 0.0553404 23.4443
0.0196196 0.0978884 0.0552209 23.3875
0.0196697 0.097574 0.0555316 23.3234
0.0197197 0.0961401 0.0548563 23.2672
0.0197698 0.0980628 0.0554873 23.2038
0.0198198 0.0984023 0.0557197 23.1483
0.0198699 0.0978264 0.0553799 23.0932
0.0199199 0.0978534 0.055399 23.0308
0.01997 0.0983288 0.05561 22.9763
0.02002 0.0964357 0.0548429 22.9147
0.0200701 0.0976255 0.0553282 22.8608
0.0201201 0.0970118 0.0551468 22.7998
0.0201702 0.0965372 0.0548624 22.7466
0.0202202 0.0977267 0.0553856 22.6863
0.0202703 0.0964136 0.0549509 22.6337
0.0203203 0.0967427 0.0551288 22.5814
0.0203704 0.0968236 0.0550214 22.5221
0.0204204 0.0967109 0.0549145 22.4704
0.0204705 0.0971312 0.0550398 22.4118
0.0205205 0.0965917 0.0549529 22.3607
0.0205706 0.0961198 0.0549875 22.3027
0.0206206 0.0959848 0.0548337 22.2522
0.0206707 0.097056 0.0551859 22.1948
0.0207207 0.0965463 0.0547237 22.1448
0.0207708 0.0949621 0.0543785 22.0881
0.0208208 0.0966964 0.0548986 22.0387
0.0208709 0.095791 0.0545456 21.9825
0.0209209 0.0958401 0.0545559 21.9267
0.020971 0.0968398 0.054829 21.8782
0.021021 0.0953269 0.0545477 21.8229
0.0210711 0.0961933 0.0547801 21.775
0.0211211 0.0949523 0.0542754 21.7203
0.0211712 0.0951894 0.0543431 21.6729
0.0212212 0.0949353 0.0542965 21.6187
0.0212713 0.0946266 0.054361 21.5719
0.0213213 0.0954251 0.0546087 21.5183
0.0213714 0.0944898 0.0541398 21.465
0.0214214 0.0943155 0.0541778 21.419
0.0214715 0.0964132 0.0548611 21.3662
0.0215215 0.0956394 0.0546797 21.3207
0.0215716 0.0947162 0.0541542 21.2685
0.0216216 0.0958981 0.0544306 21.2166
0.0216717 0.0954235 0.0543642 21.1718
0.0217217 0.0948142 0.0542207 21.1205
0.0217718 0.0942588 0.0539719 21.0762
0.0218218 0.0940232 0.0539122 21.0253
0.0218719 0.0949827 0.0543402 20.9747
0.0219219 0.094713 0.0541257 20.9312
0.021972 0.0941524 0.0539626 20.8811
0.022022 0.0941529 0.0540074 20.8313
0.0220721 0.0939667 0.0539397 20.7885
0.0221221 0.0936964 0.053827 20.7392
0.0221722 0.0951966 0.0544966 20.6901
0.0222222 0.0950028 0.054349 20.648
0.0222723 0.0934693 0.0537866 20.5994
0.0223223 0.0936525 0.0537916 20.5511
0.0223724 0.0924411 0.053319 20.5097
0.0224224 0.0938852 0.0538904 20.4618
0.0224725 0.093177 0.0535721 20.4142
0.0225225 0.0931742 0.0536032 20.3735
0.0225726 0.0926269 0.0534358 20.3263
0.0226226 0.0939658 0.0539724 20.2795
0.0226727 0.0940971 0.0536875 20.2328
0.0227227 0.0924078 0.0532382 20.1929
0.0227728 0.0930078 0.0535635 20.1467
0.0228228 0.0918099 0.0531303 20.1008
0.0228729 0.0924842 0.0532705 20.0615
0.0229229 0.0929416 0.0533337 20.016
0.022973 0.0928958 0.053427 19.9707
0.023023 0.0931842 0.0537373 19.9257
0.0230731 0.091582 0.0530652 19.8872
0.0231231 0.0927913 0.0535026 19.8426
0.0231732 0.093588 0.0538526 19.7982
0.0232232 0.0925332 0.0533662 19.7541
0.0232733 0.0927104 0.0532624 19.7101
0.0233233 0.0925515 0.0533514 19.6727
0.0233734 0.0929609 0.0535479 19.6291
0.0234234 0.0925519 0.0533391 19.5858
0.0234735 0.0934408 0.0536703 19.5427
0.0235235 0.092116 0.0530789 19.5061
0.0235736 0.0924772 0.0533192 19.4633
0.0236236 0.093664 0.0536843 19.4208
0.0236737 0.0923667 0.0530372 19.3785
0.0237237 0.0921737 0.053155 19.3365
0.0237738 0.0925977 0.0532552 19.3008
0.0238238 0.0933444 0.0533979 19.2591
0.0238739 0.0923969 0.0532121 19.2176
0.0239239 0.0914583 0.0527559 19.1763
0.023974 0.0928048 0.0533065 19.1352
0.024024 0.0910536 0.052745 19.0943
0.0240741 0.0915248 0.0528253 19.0597
0.0241241 0.0909626 0.0526439 19.0192
0.0241742 0.0927798 0.0532218 18.9788
0.0242242 0.0928141 0.0530933 18.9387
0.0242743 0.0922895 0.0531207 18.8987
0.0243243 0.0909387 0.0527159 18.859
0.0243744 0.091006 0.0527736 18.8254
0.0244244 0.0917875 0.0530153 18.786
0.0244745 0.0908333 0.0524769 18.7468
0.0245245 0.090819 0.0526047 18.7078
0.0245746 0.0904201 0.0523526 18.669
0.0246246 0.0921606 0.0530621 18.6303
0.0246747 0.0917219 0.0527588 18.5918
0.0247247 0.0902301 0.0522821 18.5535
0.0247748 0.0902789 0.0524904 18.5213
0.0248248 0.0910898 0.0526283 18.4833
0.0248749 0.0902023 0.0522218 18.4456
0.0249249 0.0914938 0.0527856 18.408
0.024975 0.0904683 0.052494 18.3705
0.025025 0.091731 0.0528587 18.3333
0.0250751 0.0904463 0.0523708 18.2962
0.0251251 0.0904961 0.0524397 18.2592
0.0251752 0.0910694 0.0526633 18.2225
0.0252252 0.0899148 0.0522807 18.1859
0.0252753 0.0897844 0.051987 18.1495
0.0253253 0.0895904 0.0520212 18.1132
0.0253754 0.0907964 0.0525173 18.0829
0.0254254 0.0891774 0.052184 18.047
0.0254755 0.0911151 0.052483 18.0112
0.0255255 0.0891601 0.0520112 17.9756
0.0255756 0.0899457 0.0521822 17.9401
0.0256256 0.0901848 0.0522396 17.9048
0.0256757 0.0897775 0.0521299 17.8697
0.0257257 0.0881018 0.0516848 17.8347
0.0257758 0.0903783 0.0524671 17.7999
0.0258258 0.0898418 0.0523149 17.7652
0.0258759 0.0896959 0.0521245 17.7307
0.0259259 0.0889941 0.052031 17.6964
0.025976 0.0894576 0.051918 17.6622
0.026026 0.088794 0.0518166 17.6281
0.0260761 0.0886286 0.0514302 17.5942
0.0261261 0.0902543 0.0524162 17.5605
0.0261762 0.0891352 0.0520359 17.5269
0.0262262 0.0890667 0.0518938 17.4934
0.0262763 0.089242 0.0518943 17.4601
0.0263263 0.0891698 0.0520528 17.4269
0.0263764 0.0888161 0.0518857 17.3939
0.0264264 0.0886893 0.0518147 17.361
0.0264765 0.089103 0.0518494 17.3283
0.0265265 0.0872667 0.0512817 17.2957
0.0265766 0.0878194 0.0513999 17.2633
0.0266266 0.0882212 0.0514868 17.231
0.0266767 0.0890444 0.0516781 17.1988
0.0267267 0.0892701 0.0520239 17.1668
0.0267768 0.0882312 0.0514507 17.1349
0.0268268 0.0885636 0.0514829 17.1031
0.0268769 0.0886258 0.0517596 17.0715
0.0269269 0.0890679 0.0519201 17.04
0.026977 0.0881269 0.0515543 17.0087
0.027027 0.0889818 0.0518574 16.9775
0.0270771 0.0890801 0.0518061 16.9464
0.0271271 0.0883916 0.0517349 16.9101
0.0271772 0.0883915 0.0516759 16.8793
0.0272272 0.0882676 0.0514325 16.8486
0.0272773 0.088321 0.0514406 16.8181
0.0273273 0.0877122 0.0513527 16.7877
0.0273774 0.0882609 0.0515501 16.7574
0.0274274 0.0880554 0.0514772 16.7272
0.0274775 0.0875881 0.0510172 16.6972
0.0275275 0.0882776 0.0514736 16.6673
0.0275776 0.0873694 0.0511742 16.6375
0.0276276 0.0876958 0.0511537 16.6078
0.0276777 0.087084 0.0511867 16.5783
0.0277277 0.0883779 0.0515399 16.5489
0.0277778 0.0862859 0.0506959 16.5144
0.0278278 0.088153 0.0512114 16.4852
0.0278779 0.0874047 0.0511795 16.4562
0.0279279 0.0877662 0.0511751 16.4273
0.027978 0.0871951 0.0510705 16.3985
0.028028 0.0872786 0.0510817 16.3698
0.0280781 0.0867441 0.0508371 16.3412
0.0281281 0.0883952 0.051493 16.3128
0.0281782 0.0875159 0.0512317 16.2793
0.0282282 0.0882292 0.0513212 16.2511
0.0282783 0.0877577 0.0513264 16.223
0.0283283 0.0872801 0.0510343 16.1951
0.0283784 0.0867062 0.0509443 16.1672
0.0284284 0.086481 0.0507079 16.1395
0.0284785 0.0868683 0.0509539 16.1118
0.0285285 0.086062 0.0506644 16.0843
0.0285786 0.0867298 0.0509713 16.0518
0.0286286 0.0865278 0.0508857 16.0246
0.0286787 0.0870365 0.0509421 15.9974
0.0287287 0.0865439 0.0505657 15.9703
0.0287788 0.0860907 0.0504648 15.9434
0.0288288 0.086258 0.0508667 15.9165
0.0288789 0.0866592 0.0507058 15.8847
0.0289289 0.0875725 0.051119 15.8581
0.028979 0.0874867 0.0509774 15.8316
0.029029 0.0858601 0.0505889 15.8052
0.0290791 0.0863997 0.0506683 15.7789
0.0291291 0.0855906 0.0502856 15.7527
0.0291792 0.0873495 0.051156 15.7216
0.0292292 0.0867293 0.0507551 15.6956
0.0292793 0.0857615 0.0504522 15.6697
0.0293293 0.0865041 0.0506338 15.6439
0.0293794 0.0862177 0.0507746 15.6183
0.0294294 0.0850645 0.0502616 15.5878
0.0294795 0.0855149 0.0503229 15.5623
0.0295295 0.0856496 0.0502802 15.5369
0.0295796 0.0855587 0.0504024 15.5116
0.0296296 0.0853719 0.0502856 15.4865
0.0296797 0.0851836 0.0502253 15.4565
0.0297297 0.0870339 0.0509415 15.4316
0.0297798 0.0866 0.0506439 15.4067
0.0298298 0.0859971 0.0504499 15.3819
0.0298799 0.0860886 0.0503929 15.3524
0.0299299 0.0843521 0.0498916 15.3278
0.02998 0.0855796 0.0504264 15.3033
0.03003 0.0846159 0.0499939 15.2789
0.0300801 0.0856499 0.0502168 15.2546
0.0301301 0.0866625 0.0508335 15.2257
0.0301802 0.084983 0.0501242 15.2016
0.0302302 0.0846698 0.0499864 15.1776
0.0302803 0.084557 0.0499924 15.1536
0.0303303 0.0848458 0.0500914 15.1251
0.0303804 0.0848717 0.0500939 15.1013
0.0304304 0.0860962 0.0504666 15.0777
0.0304805 0.0850724 0.0503125 15.0542
0.0305305 0.0850287 0.0500879 15.026
0.0305806 0.0860121 0.050573 15.0026
0.0306306 0.0860408 0.0504738 14.9793
0.0306807 0.0843822 0.0498632 14.9515
0.0307307 0.0841734 0.0497531 14.9284
0.0307808 0.0846371 0.0499585 14.9054
0.0308308 0.0854768 0.0503818 14.8825
0.0308809 0.0848842 0.0500435 14.855
0.0309309 0.0860604 0.0504769 14.8322
0.030981 0.084549 0.0499915 14.8096
0.031031 0.0838753 0.049779 14.787
0.0310811 0.0852346 0.0502134 14.7599
0.0311311 0.085043 0.0501277 14.7375
0.0311812 0.0842827 0.0497695 14.7152
0.0312312 0.0845983 0.0499698 14.6884
0.0312813 0.0838273 0.0496692 14.6663
0.0313313 0.0852677 0.0501377 14.6442
0.0313814 0.0848887 0.0500093 14.6177
0.0314314 0.0836363 0.0494857 14.5958
0.0314815 0.085088 0.0500369 14.574
0.0315315 0.0841422 0.0496844 14.5522
0.0315816 0.0837268 0.049557 14.5261
0.0316316 0.0838404 0.0497448 14.5045
0.0316817 0.0842011 0.0496621 14.483
0.0317317 0.0834624 0.0494886 14.4571
0.0317818 0.0836234 0.0496269 14.4358
0.0318318 0.0843316 0.0497735 14.4146
0.0318819 0.0834533 0.0495562 14.3889
0.0319319 0.0846737 0.0499214 14.3678
0.031982 0.0830879 0.0493426 14.3468
0.032032 0.0832051 0.0495746 14.3214
0.0320821 0.0847636 0.0498052 14.3006
0.0321321 0.0839508 0.049549 14.2798
0.0321822 0.0829017 0.049175 14.2547
0.0322322 0.0828724 0.0493595 14.2341
0.0322823 0.0839211 0.0495776 14.2135
0.0323323 0.0850472 0.0500942 14.1887
0.0323824 0.0832368 0.049313 14.1683
0.0324324 0.0827868 0.0493084 14.148
0.0324825 0.082894 0.0493777 14.1233
0.0325325 0.0845739 0.0496995 14.1032
0.0325826 0.0833291 0.0494766 14.0787
0.0326326 0.0835091 0.049419 14.0587
0.0326827 0.0840194 0.0495092 14.0388
0.0327327 0.0833889 0.0492461 14.0145
0.0327828 0.082915 0.0492862 13.9947
0.0328328 0.0827013 0.0490191 13.975
0.0328829 0.0816101 0.0488157 13.951
0.0329329 0.0827398 0.0491158 13.9315
0.032983 0.0828216 0.0490504 13.912
0.033033 0.0830772 0.0492482 13.8882
0.0330831 0.0841991 0.0497386 13.8688
0.0331331 0.0836921 0.0494539 13.8452
0.0331832 0.0831112 0.0493718 13.826
0.0332332 0.0824119 0.0490037 13.8069
0.0332833 0.0833283 0.0493283 13.7835
0.0333333 0.0830107 0.0491735 13.7645
0.0333834 0.0830843 0.0492435 13.7413
0.0334334 0.0821471 0.0488612 13.7224
0.0334835 0.0819323 0.0490119 13.7036
0.0335335 0.0827584 0.0491231 13.6806
0.0335836 0.0824783 0.0490276 13.6619
0.0336336 0.0828757 0.0491245 13.6391
0.0336837 0.0820554 0.0487803 13.6206
0.0337337 0.0832675 0.049284 13.6021
0.0337838 0.0824854 0.0489037 13.5795
0.0338338 0.0819895 0.0488131 13.5611
0.0338839 0.0819348 0.0488903 13.5386
0.0339339 0.0820152 0.0490578 13.5204
0.033984 0.0810662 0.0485683 13.5023
0.034034 0.0823556 0.0489991 13.48
0.0340841 0.0818382 0.0487052 13.462
0.0341341 0.0814388 0.0484785 13.4399
0.0341842 0.082119 0.0488062 13.422
0.0342342 0.0820889 0.0488867 13.4
0.0342843 0.0811715 0.0484247 13.3823
0.0343343 0.0814543 0.0486819 13.3604
0.0343844 0.0820713 0.048891 13.3428
0.0344344 0.0813133 0.0487249 13.3252
0.0344845 0.0813525 0.0486094 13.3036
0.0345345 0.0830046 0.0492161 13.2862
0.0345846 0.0817673 0.0487648 13.2646
0.0346346 0.080933 0.0485087 13.2473
0.0346847 0.0818975 0.0487012 13.226
0.0347347 0.0823671 0.0488679 13.2088
0.0347848 0.0809187 0.0483473 13.1875
0.0348348 0.0811322 0.0485918 13.1704
0.0348849 0.0817306 0.0486277 13.1534
0.0349349 0.0816822 0.0487917 13.1324
0.034985 0.0806366 0.0483854 13.1155
0.035035 0.0813166 0.0485606 13.0946
0.0350851 0.0805637 0.0481707 13.0778
0.0351351 0.0815993 0.0486658 13.057
0.0351852 0.0817792 0.0486457 13.0404
0.0352352 0.0812726 0.0484685 13.0197
0.0352853 0.0813343 0.0485877 13.0032
0.0353353 0.0817047 0.0485772 12.9826
0.0353854 0.0812496 0.0485936 12.9662
0.0354354 0.0816008 0.0485902 12.9458
0.0354855 0.0804231 0.048228 12.9295
0.0355355 0.0805472 0.0482566 12.9092
0.0355856 0.0808519 0.0482528 12.893
0.0356356 0.0802809 0.0480264 12.8729
0.0356857 0.0808319 0.0482929 12.8568
0.0357357 0.0804595 0.0481566 12.8367
0.0357858 0.0809904 0.048355 12.8207
0.0358358 0.0813346 0.0484635 12.8008
0.0358859 0.08078 0.0483103 12.785
0.0359359 0.0808696 0.0483569 12.7652
0.035986 0.0801518 0.0479683 12.7494
0.036036 0.0793098 0.047739 12.7298
0.0360861 0.081211 0.0485966 12.7141
0.0361361 0.0804815 0.048236 12.6946
0.0361862 0.0794994 0.0478352 12.679
0.0362362 0.0809221 0.0483029 12.6596
0.0362863 0.0806854 0.0482387 12.6441
0.0363363 0.0799607 0.0480065 12.6248
0.0363864 0.0795216 0.0477357 12.6095
0.0364364 0.0802767 0.0480613 12.5903
0.0364865 0.080268 0.0480709 12.575
0.0365365 0.0801619 0.0479966 12.556
0.0365866 0.0804882 0.0481262 12.5408
0.0366366 0.0802838 0.0480784 12.5219
0.0366867 0.079701 0.0479145 12.5068
0.0367367 0.079671 0.0478551 12.488
0.0367868 0.0808741 0.0482957 12.473
0.0368368 0.0792796 0.0476075 12.4543
0.0368869 0.0811748 0.0485959 12.4395
0.0369369 0.0796085 0.0477209 12.4208
0.036987 0.0798956 0.0479156 12.4023
0.037037 0.0791522 0.0476547 12.3876
0.0370871 0.0801872 0.0480501 12.3691
0.0371371 0.0791703 0.047529 12.3545
0.0371872 0.0790714 0.0476999 12.3362
0.0372372 0.0796735 0.0478846 12.3217
0.0372873 0.0788333 0.0474271 12.3034
0.0373373 0.078802 0.0472541 12.289
0.0373874 0.0802594 0.0478453 12.2709
0.0374374 0.0796771 0.0477938 12.2566
0.0374875 0.0794791 0.0476195 12.2386
0.0375375 0.0799112 0.0478544 12.2206
0.0375876 0.0786471 0.0474466 12.2064
0.0376376 0.078796 0.0475673 12.1886
0.0376877 0.0807594 0.0480914 12.1745
0.0377377 0.0789199 0.0474982 12.1567
0.0377878 0.0791387 0.0476703 12.1428
0.0378378 0.0781298 0.047271 12.1251
0.0378879 0.0801502 0.0479248 12.1075
0.0379379 0.0791382 0.0475458 12.0936
0.037988 0.0787129 0.047385 12.0761
0.038038 0.0788804 0.0474715 12.0624
0.0380881 0.0790541 0.0473693 12.045
0.0381381 0.0785821 0.0474154 12.0313
0.0381882 0.08012 0.048025 12.014
0.0382382 0.0791966 0.0476488 11.9967
0.0382883 0.0778588 0.0470417 11.9832
0.0383383 0.0805547 0.0480572 11.966
0.0383884 0.0783115 0.0472502 11.9526
0.0384384 0.0784432 0.0473214 11.9355
0.0384885 0.078688 0.0471594 11.9185
0.0385385 0.0789458 0.0474216 11.9052
0.0385886 0.078929 0.0473641 11.8883
0.0386386 0.0793942 0.047609 11.8751
0.0386887 0.0780834 0.0471176 11.8583
0.0387387 0.0783029 0.0472828 11.8415
0.0387888 0.0784365 0.0472794 11.8284
0.0388388 0.0777788 0.047045 11.8117
0.0388889 0.0783908 0.0473343 11.7987
0.0389389 0.0793438 0.0476823 11.7821
0.038989 0.0780023 0.0470607 11.7656
0.039039 0.0786415 0.0474268 11.7527
0.0390891 0.0780188 0.0471555 11.7363
0.0391391 0.0790565 0.0475449 11.7235
0.0391892 0.0790524 0.0474239 11.7071
0.0392392 0.0782159 0.0472201 11.6908
0.0392893 0.0781771 0.0472132 11.6781
0.0393393 0.0781468 0.0469842 11.6619
0.0393894 0.0790625 0.0474948 11.6493
0.0394394 0.0767454 0.0465588 11.6332
0.0394895 0.0782715 0.0471292 11.6171
0.0395395 0.0771596 0.0468143 11.6046
0.0395896 0.0779223 0.0470506 11.5886
0.0396396 0.077907 0.0469868 11.5727
0.0396897 0.0776044 0.0469171 11.5603
0.0397397 0.0795282 0.0475011 11.5445
0.0397898 0.0793126 0.0476025 11.5287
0.0398398 0.0777903 0.046904 11.5164
0.0398899 0.0774328 0.0469642 11.5007
0.0399399 0.0772863 0.0468911 11.4885
0.03999 0.0785843 0.0472668 11.4729
0.04004 0.0781271 0.0470704 11.4573
0.0400901 0.0767659 0.0464556 11.4453
0.0401401 0.0773631 0.0467176 11.4297
0.0401902 0.0776563 0.0468971 11.4143
0.0402402 0.0774205 0.04673 11.4023
0.0402903 0.0772623 0.0466502 11.387
0.0403403 0.0766445 0.0464518 11.3716
0.0403904 0.0772696 0.0467345 11.3598
0.0404404 0.0774115 0.0467582 11.3445
0.0404905 0.0778931 0.0469522 11.3293
0.0405405 0.077278 0.0467283 11.3176
0.0405906 0.0784466 0.0472658 11.3025
0.0406406 0.0763074 0.0463278 11.2874
0.0406907 0.077891 0.0468639 11.2758
0.0407407 0.077178 0.0467465 11.2608
0.0407908 0.0769729 0.0466654 11.2458
0.0408408 0.0769181 0.046638 11.2343
0.0408909 0.0763993 0.0462207 11.2194
0.0409409 0.0763736 0.0463837 11.2046
0.040991 0.0771594 0.0467578 11.1932
0.041041 0.0774445 0.046708 11.1784
0.0410911 0.0772706 0.0467789 11.1637
0.0411411 0.0758911 0.046155 11.1524
0.0411912 0.0780817 0.0470945 11.1378
0.0412412 0.0773071 0.0467862 11.1232
0.0412913 0.0759454 0.0463133 11.112
0.0413413 0.0775455 0.0467176 11.0975
0.0413914 0.0765374 0.0464246 11.083
0.0414414 0.0772805 0.0465519 11.0719
0.0414915 0.0772415 0.0467773 11.0575
0.0415415 0.0760314 0.0461507 11.0431
0.0415916 0.0767982 0.0463779 11.0322
0.0416416 0.0759958 0.0462765 11.0179
0.0416917 0.0760051 0.0461875 11.0036
0.0417417 0.0768969 0.0463737 10.9927
0.0417918 0.0768712 0.0464815 10.9785
0.0418418 0.0763848 0.0461878 10.9644
0.0418919 0.0771069 0.0466294 10.9503
0.0419419 0.0763743 0.0463277 10.9395
0.041992 0.0775705 0.0467847 10.9255
0.042042 0.0763983 0.0463329 10.9115
0.0420921 0.0759307 0.046203 10.9009
0.0421421 0.0768625 0.0464343 10.8869
0.0421922 0.0759594 0.0460333 10.873
0.0422422 0.0775489 0.0467367 10.8625
0.0422923 0.0765463 0.0464362 10.8487
0.0423423 0.0765778 0.0465383 10.8349
0.0423924 0.0763389 0.046332 10.8212
0.0424424 0.0759991 0.0460961 10.8108
0.0424925 0.0752753 0.0459089 10.7971
0.0425425 0.0765273 0.0463546 10.7834
0.0425926 0.0751459 0.0457222 10.7731
0.0426426 0.0762363 0.0462221 10.7596
0.0426927 0.074958 0.0457499 10.746
0.0427427 0.0762048 0.0462306 10.7325
0.0427928 0.075846 0.046 10.7224
0.0428428 0.0754236 0.0459719 10.7089
0.0428929 0.0757015 0.0460672 10.6955
0.0429429 0.0753854 0.0458269 10.6822
0.042993 0.0753668 0.0458602 10.6721
0.043043 0.0749908 0.04567 10.6588
0.0430931 0.0755734 0.0458557 10.6456
0.0431431 0.0746063 0.0456085 10.6356
0.0431932 0.07477 0.0456962 10.6224
0.0432432 0.0754559 0.0458764 10.6093
0.0432933 0.0754167 0.0459202 10.5961
0.0433433 0.0756507 0.0460061 10.5863
0.0433934 0.0762151 0.0462083 10.5732
0.0434434 0.0751783 0.045735 10.5602
0.0434935 0.0764317 0.0463047 10.5472
0.0435435 0.0756496 0.0460529 10.5375
0.0435936 0.0756499 0.04603 10.5246
0.0436436 0.0763088 0.0462825 10.5117
0.0436937 0.0748917 0.0457226 10.4988
0.0437437 0.076525 0.0463133 10.4892
0.0437938 0.0758719 0.0460864 10.4764
0.0438438 0.074833 0.0456631 10.4637
0.0438939 0.0748034 0.0456998 10.451
0.0439439 0.0750999 0.0457661 10.4415
0.043994 0.0755317 0.0459463 10.4288
0.044044 0.0750615 0.0457461 10.4162
0.0440941 0.0755267 0.0459547 10.4036
0.0441441 0.0750465 0.0458583 10.3942
0.0441942 0.074734 0.0456469 10.3817
0.0442442 0.0747319 0.0456812 10.3692
0.0442943 0.0739404 0.045214 10.3567
0.0443443 0.0753924 0.0458801 10.3821
0.0443944 0.0746129 0.0455648 10.3697
0.0444444 0.0747766 0.0455319 10.3604
0.0444945 0.0755591 0.0459372 10.348
0.0445445 0.0757158 0.0460128 10.3357
0.0445946 0.0743445 0.0452846 10.3233
0.0446446 0.0745747 0.0454354 10.311
0.0446947 0.0745909 0.0453733 10.2988
0.0447447 0.0753327 0.0456019 10.2865
0.0447948 0.0752088 0.0455821 10.2743
0.0448448 0.0735876 0.0450353 10.2622
0.0448949 0.0733463 0.0447463 10.25
0.0449449 0.073115 0.0446072 10.2379
0.044995 0.0731042 0.044717 10.2259
0.045045 0.0731708 0.0446958 10.2138
0.0450951 0.0741169 0.0450654 10.2018
0.0451451 0.073117 0.0446129 10.1898
0.0451952 0.0726176 0.0445462 10.1779
0.0452452 0.0732824 0.0447416 10.166
0.0452953 0.0729847 0.0445654 10.1541
0.0453453 0.0735274 0.0447582 10.1453
0.0453954 0.0741001 0.0450562 10.1334
0.0454454 0.0722327 0.0442644 10.1216
0.0454955 0.0739148 0.0448814 10.1099
0.0455455 0.0731356 0.0447607 10.0981
0.0455956 0.0732627 0.0446869 10.0864
0.0456456 0.0736806 0.0448122 10.0747
0.0456957 0.0736642 0.0447314 10.0631
0.0457457 0.073658 0.0448514 10.0514
0.0457958 0.072783 0.0445094 10.0398
0.0458458 0.0735637 0.0447303 10.0283
0.0458959 0.0734151 0.0447075 10.0167
0.0459459 0.0736581 0.0447943 10.0052
0.045996 0.0739346 0.0448934 9.99375
0.046046 0.0739122 0.0448587 9.9823
0.0460961 0.072702 0.044389 9.97087
0.0461461 0.072575 0.0443584 9.95948
0.0461962 0.0733864 0.0448162 9.94811
0.0462462 0.0725832 0.0443362 9.93677
0.0462963 0.0728468 0.0445492 9.92546
0.0463463 0.0724585 0.0443275 9.91418
0.0463964 0.0715074 0.0440552 9.90292
0.0464464 0.0734531 0.0446147 9.89169
0.0464965 0.07312 0.0446624 9.8805
0.0465465 0.0722297 0.0442447 9.86932
0.0465966 0.0730382 0.0445297 9.85818
0.0466466 0.073177 0.0446585 9.84707
0.0466967 0.0729381 0.0445923 9.83598
0.0467467 0.0719003 0.0441017 9.82492
0.0467968 0.0725863 0.0444919 9.81388
0.0468468 0.0723145 0.0442124 9.80287
0.0468969 0.0732338 0.0446995 9.79189
0.0469469 0.072343 0.0443078 9.78094
0.046997 0.0723383 0.0442861 9.77001
0.047047 0.0730174 0.0444295 9.75911
0.0470971 0.072354 0.0441996 9.74824
0.0471471 0.0722765 0.0442208 9.7374
0.0471972 0.0727553 0.0443674 9.72658
0.0472472 0.0716168 0.0440584 9.71578
0.0472973 0.0724918 0.044438 9.70502
0.0473473 0.0718968 0.044157 9.69427
0.0473974 0.0729994 0.0446061 9.68356
0.0474474 0.0728242 0.0445059 9.67287
0.0474975 0.0733594 0.0446978 9.66221
0.0475475 0.0713458 0.0437753 9.65157
0.0475976 0.0725434 0.0443839 9.64096
0.0476476 0.0722698 0.0443614 9.63037
0.0476977 0.0726656 0.0445584 9.61981
0.0477477 0.071607 0.0438327 9.60928
0.0477978 0.0706764 0.0436366 9.59877
0.0478478 0.0715287 0.0438806 9.58828
0.0478979 0.072232 0.0442043 9.57782
0.0479479 0.0715694 0.0438395 9.56739
0.047998 0.0722545 0.0441563 9.55698
0.048048 0.0712384 0.0437406 9.5466
0.0480981 0.0729528 0.0444034 9.53624
0.0481481 0.0726744 0.0442796 9.52591
0.0481982 0.0721685 0.044113 9.5156
0.0482482 0.0711208 0.0436263 9.50531
0.0482983 0.0710695 0.0437094 9.49505
0.0483483 0.0723301 0.0441252 9.48481
0.0483984 0.0715712 0.0439263 9.4746
0.0484484 0.0718525 0.0441627 9.46442
0.0484985 0.0708992 0.0435235 9.45425
0.0485485 0.0716276 0.0438841 9.44411
0.0485986 0.0711812 0.0436803 9.434
0.0486486 0.0719075 0.0440079 9.42391
0.0486987 0.0723158 0.0440968 9.41384
0.0487487 0.0708919 0.0437293 9.4038
0.0487988 0.0710338 0.0435641 9.39378
0.0488488 0.0707763 0.0435872 9.38378
0.0488989 0.0720513 0.0440541 9.37381
0.0489489 0.0715138 0.0438375 9.36386
0.048999 0.0708028 0.0435263 9.35393
0.049049 0.0707391 0.0434849 9.34403
0.0490991 0.0710674 0.043584 9.33415
0.0491491 0.0719211 0.0438585 9.3243
0.0491992 0.0711729 0.0436858 9.31446
0.0492492 0.0713782 0.0436744 9.30465
0.0492993 0.0708094 0.0435942 9.29487
0.0493493 0.0720026 0.0439932 9.2851
0.0493994 0.0713012 0.0435891 9.27536
0.0494494 0.0708152 0.0435581 9.26285
0.0494995 0.0703737 0.0434358 9.25315
0.0495495 0.0715393 0.0438009 9.24348
0.0495996 0.0714676 0.0437659 9.23383
0.0496496 0.0715241 0.043857 9.22421
0.0496997 0.0708137 0.0435016 9.21461
0.0497497 0.0711568 0.0436411 9.20502
0.0497998 0.0697844 0.0429822 9.19547
0.0498498 0.0701167 0.043355 9.18593
0.0498999 0.0708549 0.0433603 9.17641
0.0499499 0.0709301 0.043596 9.16692
0.05 0.0702002 0.0432918 9.15745
