0.000500501 0.221226 0.0826962 916.67
0.001001 0.198172 0.0809281 458.323
0.0015015 0.183464 0.0785292 305.53
0.002002 0.173485 0.0773826 229.182
0.0025025 0.164948 0.0757737 183.313
0.003003 0.158126 0.0745028 152.804
0.0035035 0.154113 0.073189 130.94
0.004004 0.148183 0.0722032 114.574
0.0045045 0.145819 0.0714291 101.842
0.00500501 0.14165 0.0699892 91.6666
0.00550551 0.139376 0.0695352 83.3231
0.00600601 0.137351 0.0690384 76.3977
0.00650651 0.132983 0.0679442 70.5103
0.00700701 0.130207 0.0670143 65.4657
0.00750751 0.129015 0.0663128 61.1025
0.00800801 0.127274 0.0659757 57.2818
0.00850851 0.123428 0.0648599 53.9182
0.00900901 0.123499 0.064514 50.9288
0.00950951 0.120806 0.0637261 48.2493
0.01001 0.118626 0.0633204 45.829
0.0105105 0.116688 0.0625427 43.6576
0.011011 0.114859 0.061874 41.6695
0.0115115 0.112807 0.0611277 39.8522
0.012012 0.112755 0.0609817 38.1955
0.0125125 0.112419 0.0608149 36.6658
0.013013 0.109616 0.0599594 35.2592
0.0135135 0.10983 0.0600007 33.9492
0.014014 0.108198 0.0594514 32.7355
0.0145145 0.108043 0.0592891 31.6072
0.015015 0.105653 0.0584723 30.5551
0.0155155 0.104385 0.0580131 29.571
0.016016 0.103912 0.0576407 28.648
0.0165165 0.103266 0.057405 27.78
0.017017 0.101743 0.0568174 26.9617
0.0175175 0.102145 0.0571939 26.1885
0.018018 0.101704 0.0567505 25.4646
0.0185185 0.100444 0.0565993 24.7776
0.019019 0.0984202 0.0557111 24.1241
0.0195195 0.0970867 0.055186 23.5015
0.02002 0.0953333 0.0545697 22.9147
0.0205205 0.0961912 0.0547846 22.3607
0.021021 0.095269 0.0544725 21.8229
0.0215215 0.0938833 0.0541194 21.3207
0.022022 0.0947462 0.0540198 20.8313
0.0225225 0.0945902 0.0541059 20.3735
0.023023 0.0923592 0.0533028 19.9257
0.0235235 0.0933177 0.053599 19.5061
0.024024 0.0913782 0.0528136 19.0943
0.0245245 0.0919049 0.0529851 18.7078
0.025025 0.0919578 0.0531251 18.3333
0.0255255 0.0886848 0.0518075 17.9756
0.026026 0.0909763 0.0524395 17.6281
0.0265265 0.0882256 0.0515457 17.2957
0.027027 0.088302 0.0516599 16.9775
0.0275275 0.0881599 0.0514536 16.6673
0.028028 0.086982 0.0509924 16.3698
0.0285285 0.0867196 0.0508284 16.0843
0.029029 0.0865911 0.0508632 15.8052
0.0295295 0.0864045 0.0505473 15.5369
0.03003 0.08613 0.0506109 15.2789
0.0305305 0.0842639 0.0498309 15.026
0.031031 0.0847631 0.0499096 14.787
0.0315315 0.0831972 0.0493729 14.5522
0.032032 0.0838281 0.049575 14.3214
0.0325325 0.0832853 0.0494441 14.1032
0.033033 0.0826874 0.0490715 13.8882
0.0335335 0.0826843 0.0490842 13.6806
0.034034 0.0820539 0.0487584 13.48
0.0345345 0.081324 0.0485915 13.2862
0.035035 0.0819194 0.0486942 13.0946
0.0355355 0.0812264 0.0484912 12.9092
0.036036 0.078921 0.0475506 12.7298
0.0365365 0.0801807 0.0480838 12.556
0.037037 0.0797021 0.0477144 12.3876
0.0375375 0.0785887 0.0473047 12.2206
0.038038 0.0790813 0.0475738 12.0624
0.0385385 0.0783911 0.047296 11.9052
0.039039 0.0787218 0.0473017 11.7527
0.0395395 0.0778747 0.0469975 11.6046
0.04004 0.0780752 0.047064 11.4573
0.0405405 0.0764254 0.0464006 11.3176
0.041041 0.0772821 0.0468359 11.1784
0.0415415 0.0771653 0.046616 11.0431
0.042042 0.0759687 0.0461766 10.9115
0.0425425 0.0757435 0.0459542 10.7834
0.043043 0.0770876 0.0465106 10.6588
0.0435435 0.0755416 0.0459089 10.5375
0.044044 0.075497 0.0458492 10.4162
0.0445445 0.0747021 0.0456627 10.3357
0.045045 0.0727745 0.0445864 10.2138
0.0455455 0.0739071 0.0447893 10.0981
0.046046 0.0733854 0.0446995 9.9823
0.0465465 0.0735305 0.0446864 9.86932
0.047047 0.0723053 0.0442772 9.75911
0.0475475 0.0722808 0.0443041 9.65157
0.048048 0.0723185 0.0442788 9.5466
0.0485485 0.0710375 0.0436206 9.44411
0.049049 0.0707047 0.0436017 9.34403
0.0495495 0.0705839 0.0434523 9.24348
0.0500501 0.0708531 0.0436369 9.148
0.0505506 0.0696229 0.0430387 9.05196
0.0510511 0.0694179 0.0429341 8.96079
0.0515516 0.0690275 0.0426636 8.86898
0.0520521 0.0690582 0.0428063 8.7792
0.0525526 0.0691712 0.0427665 8.69138
0.0530531 0.0688377 0.042531 8.60546
0.0535536 0.0685865 0.0425076 8.52139
0.0540541 0.0668644 0.0415622 8.43911
0.0545546 0.0678684 0.0420139 8.35606
0.0550551 0.0673647 0.0418073 8.27722
0.0555556 0.0671958 0.0418216 8.19756
0.0560561 0.0661605 0.0412443 8.12197
0.0565566 0.0667257 0.0414567 8.0455
0.0570571 0.0668858 0.0414535 7.97058
0.0575576 0.0662005 0.0412294 7.89951
0.0580581 0.0661124 0.041308 7.82751
0.0585586 0.0664123 0.0412513 7.75693
0.0590591 0.0654796 0.0409354 7.68772
0.0595596 0.066114 0.0412425 7.61985
0.0600601 0.0657847 0.0410332 7.55328
0.0605606 0.0646478 0.0404229 7.48797
0.0610611 0.0645202 0.0403905 7.42169
0.0615616 0.0648766 0.0405307 7.35883
0.0620621 0.0635437 0.0399396 7.29713
0.0625626 0.0635664 0.0401541 7.23443
0.0630631 0.0637723 0.040126 7.17499
0.0635636 0.0636289 0.0399129 7.11452
0.0640641 0.0641306 0.040113 7.05513
0.0645646 0.0632816 0.0398188 6.99888
0.0650651 0.0620346 0.0391362 6.94156
0.0655656 0.0616874 0.0391103 6.88525
0.0660661 0.062013 0.0391427 6.82992
0.0665666 0.06298 0.0397122 6.77555
0.0670671 0.0616084 0.0389632 6.72211
0.0675676 0.0623287 0.0392761 6.66958
0.0680681 0.0620108 0.0390765 6.61793
0.0685686 0.0614215 0.0388526 6.56715
0.0690691 0.0614434 0.0387938 6.51722
0.0695696 0.0609113 0.0384898 6.46621
0.0700701 0.0612108 0.0387147 6.41792
0.0705706 0.0604516 0.0383415 6.37042
0.0710711 0.0604006 0.0382837 6.32183
0.0715716 0.0601136 0.0382038 6.27587
0.0720721 0.0600793 0.0381828 6.22881
0.0725726 0.0596729 0.0380057 6.18431
0.0730731 0.0593901 0.0378577 6.13871
0.0735736 0.0600258 0.038116 6.09561
0.0740741 0.0591014 0.0376374 6.0514
0.0745746 0.05888 0.0375995 6.00788
0.0750751 0.0590644 0.0377601 5.96502
0.0755756 0.0588032 0.0375618 5.92455
0.0760761 0.0586324 0.0375609 5.88297
0.0765766 0.0586157 0.0373614 5.84202
0.0770771 0.0583833 0.0372157 5.80167
0.0775776 0.0583801 0.0372546 5.76193
0.0780781 0.0585255 0.037521 5.72277
0.0785786 0.0576822 0.0370729 5.68418
0.0790791 0.0573706 0.036834 5.64615
0.0795796 0.057982 0.0371215 5.60704
0.0800801 0.0575753 0.0369313 5.57011
0.0805806 0.0569312 0.0365348 5.53371
0.0810811 0.0570666 0.0366136 5.49783
0.0815816 0.0569136 0.0365206 5.46086
0.0820821 0.0566483 0.0364333 5.42599
0.0825826 0.0568809 0.0365353 5.3916
0.0830831 0.0565301 0.0363971 5.35614
0.0835836 0.0559788 0.036106 5.3227
0.0840841 0.0566959 0.0363542 5.28819
0.0845846 0.056377 0.0362218 5.25568
0.0850851 0.0552659 0.0356804 5.22208
0.0855856 0.0554697 0.0358562 5.19045
0.0860861 0.0556946 0.0358046 5.15774
0.0865866 0.0549507 0.0354704 5.12546
0.0870871 0.0549424 0.0354465 5.09509
0.0875876 0.0549841 0.0355574 5.06365
0.0880881 0.0550863 0.035702 5.03262
0.0885886 0.0542831 0.035167 5.002
0.0890891 0.0548449 0.035536 4.97321
0.0895896 0.0544687 0.0353242 4.94335
0.0900901 0.0536924 0.0349828 4.91388
0.0905906 0.0539885 0.0350369 4.88478
0.0910911 0.0539565 0.0350133 4.85605
0.0915916 0.052894 0.0344912 4.82768
0.0920921 0.0539613 0.0349936 4.79967
0.0925926 0.0541882 0.0351693 4.772
0.0930931 0.0537454 0.0348726 4.74468
0.0935936 0.053638 0.0348768 4.71769
0.0940941 0.0530425 0.0345072 4.69103
0.0945946 0.0529803 0.0346458 4.66335
0.0950951 0.0534776 0.034769 4.63734
0.0955956 0.0532865 0.0346838 4.61164
0.0960961 0.0535732 0.034778 4.58625
0.0965966 0.0524494 0.0342594 4.56117
0.0970971 0.052527 0.0343469 4.53507
0.0975976 0.052415 0.0342448 4.51058
0.0980981 0.0526715 0.0343984 4.48638
0.0985986 0.051846 0.0339753 4.46118
0.0990991 0.0517212 0.0339312 4.43754
0.0995996 0.0524396 0.034236 4.41291
0.1001 0.0512913 0.0336341 4.38983
0.100601 0.0515357 0.0337723 4.36701
0.101101 0.0515289 0.0337034 4.3432
0.101602 0.0518426 0.0339245 4.3209
0.102102 0.0517838 0.0338627 4.29762
0.102603 0.0512894 0.0337111 4.27459
0.103103 0.0508291 0.0334873 4.25305
0.103604 0.0505837 0.0333653 4.23053
0.104104 0.0509836 0.0334618 4.20947
0.104605 0.0501553 0.0331511 4.18744
0.105105 0.0506279 0.033298 4.16565
0.105606 0.0510345 0.0334745 4.14409
0.106106 0.0503533 0.0331466 4.12396
0.106607 0.0505621 0.0332517 4.10286
0.107107 0.049623 0.032767 4.08199
0.107608 0.050129 0.0331299 4.06134
0.108108 0.0504384 0.0331268 4.04207
0.108609 0.0503465 0.0330779 4.02186
0.109109 0.0496421 0.03271 4.00185
0.10961 0.0491299 0.0324939 3.98206
0.11011 0.0496193 0.0328329 3.96247
0.110611 0.0493481 0.0326178 3.94309
0.111111 0.0489824 0.0324565 3.92391
0.111612 0.0488999 0.0324355 3.90492
0.112112 0.0498278 0.0328255 3.88613
0.112613 0.0498685 0.0329642 3.86754
0.113113 0.0493392 0.0326752 3.84913
0.113614 0.0485762 0.0322713 3.83091
0.114114 0.0482165 0.0320834 3.81287
0.114615 0.0490668 0.0324754 3.79501
0.115115 0.0481975 0.0320627 3.77733
0.115616 0.0484838 0.032195 3.75983
0.116116 0.0482759 0.0319652 3.7425
0.116617 0.0476935 0.0317674 3.72534
0.117117 0.0480246 0.031934 3.70729
0.117618 0.0485868 0.0321448 3.69047
0.118118 0.0476196 0.0317367 3.67382
0.118619 0.0470553 0.031367 3.65732
0.119119 0.0477886 0.0318554 3.64099
0.11962 0.0474081 0.031611 3.62378
0.12012 0.0469161 0.031368 3.60776
0.120621 0.0477962 0.0318297 3.5919
0.121121 0.0469144 0.0313236 3.57517
0.121622 0.0476713 0.0317873 3.55961
0.122122 0.046405 0.0311517 3.54419
0.122623 0.0466476 0.0312409 3.52792
0.123123 0.0467832 0.031297 3.5128
0.123624 0.0462086 0.0310277 3.49682
0.124124 0.0471443 0.0315163 3.48199
0.124625 0.0460383 0.030878 3.46729
0.125125 0.0468195 0.0313174 3.45174
0.125626 0.046724 0.0312721 3.43731
0.126126 0.0464869 0.0312094 3.42205
0.126627 0.0462815 0.0309593 3.40788
0.127127 0.0460177 0.0309277 3.39289
0.127628 0.0464076 0.0310778 3.37899
0.128128 0.0457957 0.0308101 3.36425
0.128629 0.0455365 0.0306809 3.3506
0.129129 0.0455628 0.0306244 3.33613
0.12963 0.0457801 0.0308212 3.32179
0.13013 0.0453435 0.0304839 3.3085
0.130631 0.0457118 0.0307985 3.29441
0.131131 0.0454272 0.0305352 3.28136
0.131632 0.0452481 0.0304524 3.26751
0.132132 0.0450785 0.0303762 3.25377
0.132633 0.0449295 0.0303466 3.24107
0.133133 0.0449095 0.0303783 3.22757
0.133634 0.0451694 0.0305158 3.21418
0.134134 0.0452412 0.0305231 3.20091
0.134635 0.0452362 0.0304265 3.18865
0.135135 0.0450778 0.0304094 3.17561
0.135636 0.0445312 0.030116 3.16267
0.136136 0.0451588 0.0303967 3.14984
0.136637 0.0451061 0.0303802 3.138
0.137137 0.044609 0.0301233 3.12538
0.137638 0.045344 0.0304413 3.11287
0.138138 0.0444444 0.0300659 3.10046
0.138639 0.0438955 0.0297867 3.08816
0.139139 0.0440313 0.0298201 3.07595
0.13964 0.0444564 0.0300307 3.06471
0.14014 0.0440596 0.0299156 3.0527
0.140641 0.0434751 0.029505 3.04079
0.141141 0.0439203 0.0298055 3.02898
0.141642 0.0441025 0.0299184 3.01727
0.142142 0.043698 0.0296783 3.00564
0.142643 0.0439093 0.0297266 2.99412
0.143143 0.0433338 0.0293952 2.98268
0.143644 0.0431919 0.0293228 2.97134
0.144144 0.0432078 0.02938 2.96008
0.144645 0.0437388 0.0296855 2.94892
0.145145 0.043283 0.0293447 2.93785
0.145646 0.0431828 0.0293317 2.92686
0.146146 0.0430822 0.0293675 2.91596
0.146647 0.0428892 0.0292205 2.90514
0.147147 0.0430707 0.0292524 2.89441
0.147648 0.0433741 0.0294196 2.88376
0.148148 0.0428477 0.0292671 2.8732
0.148649 0.0425446 0.0289956 2.86271
0.149149 0.0432201 0.0293163 2.85231
0.14965 0.0427926 0.0291115 2.84199
0.15015 0.0421028 0.0287582 2.83095
0.150651 0.0427841 0.0291226 2.82079
0.151151 0.0431477 0.0293518 2.81071
0.151652 0.0427506 0.0290772 2.8007
0.152152 0.0422258 0.0288145 2.79077
0.152653 0.0420175 0.0287268 2.78091
0.153153 0.0423358 0.0288751 2.77035
0.153654 0.0416436 0.0284808 2.76064
0.154154 0.0420148 0.0287579 2.75101
0.154655 0.0416369 0.0285653 2.74144
0.155155 0.0419708 0.0287006 2.73195
0.155656 0.0416247 0.0285301 2.72177
0.156156 0.0416821 0.0285721 2.71242
0.156657 0.0419636 0.0287505 2.70314
0.157157 0.0415406 0.0284582 2.69392
0.157658 0.0416453 0.0285196 2.68403
0.158158 0.0409765 0.0281496 2.67495
0.158659 0.0416332 0.0284659 2.66594
0.159159 0.041301 0.0283887 2.65625
0.15966 0.0410715 0.028213 2.64737
0.16016 0.041474 0.0284283 2.63856
0.160661 0.0410471 0.0281682 2.62907
0.161161 0.040897 0.0280748 2.62039
0.161662 0.04153 0.0284164 2.61176
0.162162 0.040758 0.0279933 2.60247
0.162663 0.040396 0.0278184 2.59397
0.163163 0.0407435 0.028097 2.58553
0.163664 0.0406709 0.0280768 2.57643
0.164164 0.0413109 0.0283571 2.56811
0.164665 0.0411556 0.0283278 2.55913
0.165165 0.0404819 0.0278834 2.55093
0.165666 0.0405542 0.0279935 2.54208
0.166166 0.0409201 0.0281055 2.53399
0.166667 0.040035 0.0276616 2.52596
0.167167 0.0403135 0.0278041 2.51728
0.167668 0.0399772 0.0276363 2.50937
0.168168 0.0397583 0.0274629 2.50081
0.168669 0.0400586 0.0276936 2.493
0.169169 0.0391478 0.0271576 2.48455
0.16967 0.0401709 0.0277895 2.47685
0.17017 0.0396582 0.0274841 2.46852
0.170671 0.0394435 0.0273437 2.46092
0.171171 0.0394704 0.0274184 2.4527
0.171672 0.0395033 0.027321 2.44453
0.172172 0.0395712 0.0274217 2.43709
0.172673 0.0398635 0.0275064 2.42903
0.173173 0.0398701 0.0275256 2.42169
0.173674 0.0395689 0.0273956 2.41373
0.174174 0.0394685 0.0273782 2.40649
0.174675 0.0396332 0.0274274 2.39864
0.175175 0.0392461 0.0272128 2.39083
0.175676 0.0393472 0.0272361 2.38374
0.176176 0.039484 0.0273311 2.37603
0.176677 0.0391776 0.0271953 2.36904
0.177177 0.0395757 0.0274081 2.36143
0.177678 0.0389619 0.0270446 2.35387
0.178178 0.0390699 0.0270977 2.34701
0.178679 0.0393805 0.0272689 2.33955
0.179179 0.0386426 0.0268214 2.33213
0.17968 0.0385127 0.0268557 2.32541
0.18018 0.0390102 0.0270889 2.31809
0.180681 0.038682 0.0269024 2.31081
0.181181 0.0389455 0.0270301 2.30422
0.181682 0.0388827 0.0270037 2.29703
0.182182 0.0387251 0.0268803 2.28989
0.182683 0.0384757 0.0267778 2.2828
0.183183 0.0382573 0.0266733 2.27638
0.183684 0.0385271 0.0268088 2.26937
0.184184 0.0383086 0.0267212 2.2624
0.184685 0.0386547 0.0268379 2.2561
0.185185 0.0382739 0.0266201 2.24922
0.185686 0.0384322 0.0267472 2.24238
0.186186 0.0376181 0.0263022 2.23559
0.186687 0.0382579 0.0267131 2.22883
0.187187 0.0376708 0.0263034 2.22274
0.187688 0.0384351 0.0267442 2.21606
0.188188 0.0375 0.0262108 2.20943
0.188689 0.0376045 0.0262948 2.20284
0.189189 0.0376141 0.0261346 2.19629
0.18969 0.0381515 0.0265569 2.19038
0.19019 0.0371644 0.0260304 2.1839
0.190691 0.0375898 0.0263092 2.17747
0.191191 0.0378308 0.0264616 2.17107
0.191692 0.0380467 0.0265166 2.16471
0.192192 0.0373418 0.0261461 2.15839
0.192693 0.0376571 0.0263068 2.15271
0.193193 0.0373888 0.0261392 2.14646
0.193694 0.0377132 0.0263418 2.14025
0.194194 0.0372304 0.0260762 2.13408
0.194695 0.0368123 0.0258454 2.12794
0.195195 0.0373771 0.0261595 2.12184
0.195696 0.0375182 0.026272 2.11577
0.196196 0.036844 0.0258384 2.10974
0.196697 0.0372484 0.0261168 2.10375
0.197197 0.0369986 0.025941 2.09837
0.197698 0.037274 0.0261089 2.09245
0.198198 0.0371883 0.0261114 2.08655
0.198699 0.0367867 0.0257611 2.0807
0.199199 0.036457 0.0256549 2.07487
0.1997 0.036264 0.0255295 2.06908
0.2002 0.0363697 0.0256097 2.06333
0.200701 0.0363754 0.0255407 2.0576
0.201201 0.0361917 0.0255015 2.05191
0.201702 0.0366707 0.025721 2.04625
0.202202 0.0371326 0.0260216 2.04063
0.202703 0.0358343 0.0253602 2.03503
0.203203 0.036248 0.0255766 2.02947
0.203704 0.0360593 0.0254376 2.02394
0.204204 0.0361337 0.0254404 2.01844
0.204705 0.0364209 0.025603 2.01297
0.205205 0.0365027 0.0256475 2.00753
0.205706 0.0361683 0.0254991 2.00212
0.206206 0.0356758 0.025206 1.99675
0.206707 0.0356406 0.0251522 1.9914
0.207207 0.0361532 0.0254985 1.98608
0.207708 0.0359593 0.025287 1.98079
0.208208 0.0358395 0.0252844 1.97553
0.208709 0.0352059 0.0249586 1.9703
0.209209 0.0355134 0.0250607 1.9651
0.20971 0.0355028 0.0251442 1.95993
0.21021 0.0350853 0.0248867 1.95478
0.210711 0.0355571 0.0251605 1.94913
0.211211 0.0358271 0.0252646 1.94404
0.211712 0.0357697 0.0253012 1.93898
0.212212 0.035268 0.0249957 1.93395
0.212713 0.035839 0.0253049 1.92895
0.213213 0.035325 0.0249601 1.92397
0.213714 0.0352291 0.0249689 1.91902
0.214214 0.0352389 0.0249411 1.91409
0.214715 0.0354687 0.0251134 1.90919
0.215215 0.0349395 0.0247877 1.90432
0.215716 0.0351494 0.0248993 1.89895
0.216216 0.0352869 0.0249996 1.89413
0.216717 0.0353235 0.0249137 1.88934
0.217217 0.035263 0.0249402 1.88457
0.217718 0.035229 0.0249795 1.87983
0.218218 0.0350272 0.0248173 1.87511
0.218719 0.0347265 0.0246717 1.86991
0.219219 0.0349134 0.024787 1.86524
0.21972 0.034921 0.0248265 1.8606
0.22022 0.034897 0.0247594 1.85598
0.220721 0.0353373 0.0250265 1.85138
0.221221 0.0344568 0.0244972 1.84681
0.221722 0.0341964 0.024383 1.84176
0.222222 0.0345339 0.0246362 1.83724
0.222723 0.0344941 0.0245553 1.83274
0.223223 0.0341984 0.0243451 1.82827
0.223724 0.0346737 0.0246378 1.82382
0.224224 0.0341259 0.0243345 1.81889
0.224725 0.034422 0.0244688 1.81448
0.225225 0.0342284 0.0243609 1.8101
0.225726 0.0341223 0.0242853 1.80574
0.226226 0.0345572 0.0245421 1.80091
0.226727 0.0338037 0.0241731 1.79659
0.227227 0.0340002 0.0242831 1.7923
0.227728 0.0337885 0.024168 1.78803
0.228228 0.0343208 0.0244697 1.78329
0.228729 0.0338706 0.0241897 1.77906
0.229229 0.0336471 0.0240159 1.77486
0.22973 0.033999 0.0242873 1.77067
0.23023 0.0339392 0.024171 1.76602
0.230731 0.033648 0.0240053 1.76188
0.231231 0.0340921 0.0242715 1.75776
0.231732 0.0344707 0.0245461 1.75318
0.232232 0.0339059 0.0241777 1.7491
0.232733 0.0338906 0.024214 1.74504
0.233233 0.0333963 0.0238648 1.741
0.233734 0.0334381 0.0239165 1.73651
0.234234 0.0333231 0.0238247 1.73251
0.234735 0.0333545 0.0239071 1.72853
0.235235 0.0334962 0.0239948 1.7241
0.235736 0.0336301 0.0240405 1.72016
0.236236 0.0336181 0.0240078 1.71624
0.236737 0.0333649 0.0238773 1.71187
0.237237 0.0333027 0.0238346 1.70799
0.237738 0.032666 0.0235335 1.70413
0.238238 0.0337014 0.0240224 1.69982
0.238739 0.0329852 0.023645 1.696
0.239239 0.0327092 0.0235195 1.69219
0.23974 0.0327594 0.023524 1.68794
0.24024 0.0328668 0.0235576 1.68417
0.240741 0.0326447 0.0234984 1.67997
0.241241 0.0325052 0.023358 1.67623
0.241742 0.0326319 0.0234874 1.67252
0.242242 0.0328012 0.0235201 1.66837
0.242743 0.0330147 0.0236917 1.66469
0.243243 0.0329163 0.0236275 1.66103
0.243744 0.0330765 0.0237299 1.65694
0.244244 0.032589 0.0234615 1.65332
0.244745 0.0329526 0.0236557 1.64926
0.245245 0.0326332 0.0234736 1.64567
0.245746 0.0326783 0.0234836 1.64165
0.246246 0.0325672 0.0233858 1.6381
0.246747 0.0322815 0.0232428 1.63456
0.247247 0.0321834 0.0231913 1.63059
0.247748 0.032412 0.0233246 1.62709
0.248248 0.0324291 0.0233846 1.62316
0.248749 0.0322405 0.0232749 1.61969
0.249249 0.0319219 0.0230146 1.61623
0.24975 0.0319574 0.0230776 1.61235
0.25025 0.0322999 0.023292 1.60893
0.250751 0.0322018 0.023217 1.60509
0.251251 0.0320149 0.0231218 1.6017
0.251752 0.032351 0.0232463 1.59789
0.252252 0.0320039 0.0230971 1.59453
0.252753 0.0318413 0.0230102 1.59076
0.253253 0.0317719 0.0229469 1.58743
0.253754 0.0321437 0.0231152 1.58369
0.254254 0.0322994 0.023251 1.58039
0.254755 0.0319931 0.0230509 1.57668
0.255255 0.0322028 0.0232476 1.57342
0.255756 0.0320568 0.0231522 1.56974
0.256256 0.0313385 0.0226839 1.56651
0.256757 0.0318675 0.0229993 1.56286
0.257257 0.0317187 0.0228643 1.55966
0.257758 0.032067 0.0231402 1.55604
0.258258 0.0317127 0.022908 1.55287
0.258759 0.0321562 0.023145 1.54929
0.259259 0.0319054 0.023058 1.54614
0.25976 0.0316517 0.0228742 1.54259
0.26026 0.0316372 0.022894 1.53947
0.260761 0.0309696 0.0224317 1.53595
0.261261 0.0316053 0.0228647 1.53286
0.261762 0.0321213 0.0231187 1.52937
0.262262 0.0314218 0.0228338 1.52631
0.262763 0.0311051 0.0225679 1.52285
0.263263 0.0315145 0.0227922 1.51981
0.263764 0.0311892 0.0226377 1.51638
0.264264 0.0317573 0.0229778 1.51338
0.264765 0.031078 0.0225182 1.50997
0.265265 0.0313021 0.0226614 1.50699
0.265766 0.0308154 0.0224036 1.50362
0.266266 0.0305872 0.0222615 1.50026
0.266767 0.0306215 0.0222542 1.49732
0.267267 0.0308057 0.0224116 1.49399
0.267768 0.0309089 0.0224761 1.49107
0.268268 0.0309627 0.0224773 1.48777
0.268769 0.0309384 0.0224588 1.48488
0.269269 0.0309174 0.0224648 1.48161
0.26977 0.030855 0.0223885 1.47834
0.27027 0.0311213 0.0225744 1.47549
0.270771 0.0306205 0.0223072 1.47226
0.271271 0.0309191 0.0224246 1.46943
0.271772 0.0309775 0.022486 1.46623
0.272272 0.0307917 0.02241 1.46303
0.272773 0.0308902 0.0225122 1.46024
0.273273 0.0309474 0.0224866 1.45707
0.273774 0.030752 0.0223836 1.45431
0.274274 0.0306603 0.022293 1.45117
0.274775 0.0305473 0.0221994 1.44804
0.275275 0.0305982 0.0222332 1.44531
0.275776 0.0302598 0.0220571 1.4422
0.276276 0.030113 0.0219569 1.43911
0.276777 0.0306035 0.0222427 1.43642
0.277277 0.0304052 0.0221797 1.43335
0.277778 0.0303299 0.0221021 1.43069
0.278278 0.0301109 0.0219777 1.42764
0.278779 0.0301645 0.0219719 1.42461
0.279279 0.0302119 0.0220549 1.42198
0.27978 0.0304463 0.0221334 1.41897
0.28028 0.0305133 0.0221875 1.41598
0.280781 0.0299523 0.0218547 1.41338
0.281281 0.0301586 0.0220048 1.41041
0.281782 0.0299837 0.021869 1.40745
0.282282 0.0295769 0.0215971 1.40488
0.282783 0.0301366 0.0219202 1.40195
0.283283 0.0300408 0.0219373 1.39903
0.283784 0.0298249 0.0217906 1.39649
0.284284 0.0299396 0.0219364 1.39359
0.284785 0.0297202 0.0217051 1.3907
0.285285 0.029871 0.0218014 1.3882
0.285786 0.0297508 0.0217659 1.38534
0.286286 0.0298173 0.0218123 1.38248
0.286787 0.0296485 0.0216571 1.38001
0.287287 0.0296297 0.0217023 1.37718
0.287788 0.0295895 0.0216666 1.37436
0.288288 0.0296051 0.0216526 1.37155
0.288789 0.0292111 0.0214263 1.36912
0.289289 0.029166 0.0214094 1.36633
0.28979 0.0297485 0.0217723 1.36356
0.29029 0.0296277 0.0217024 1.36116
0.290791 0.0296899 0.0217298 1.3584
0.291291 0.0297221 0.0217528 1.35566
0.291792 0.0295562 0.0216909 1.35329
0.292292 0.0293748 0.0215457 1.35057
0.292793 0.0294935 0.0216062 1.34785
0.293293 0.0292179 0.0214682 1.34515
0.293794 0.0297134 0.0217937 1.34282
0.294294 0.02943 0.0215799 1.34014
0.294795 0.0295097 0.0216238 1.33747
0.295295 0.02947 0.021624 1.33481
0.295796 0.0286836 0.0211122 1.33251
0.296296 0.0292904 0.0214751 1.32987
0.296797 0.0290917 0.0213411 1.32724
0.297297 0.0292173 0.021417 1.32462
0.297798 0.0289087 0.0212611 1.32237
0.298298 0.0292371 0.0214606 1.31977
0.298799 0.029179 0.0214125 1.31718
0.299299 0.0293213 0.0215034 1.31459
0.2998 0.0290886 0.0213461 1.31238
0.3003 0.0290531 0.0213369 1.30981
0.300801 0.0289338 0.0212355 1.30726
0.301301 0.0292457 0.021479 1.30472
0.301802 0.0290714 0.0213513 1.30254
0.302302 0.0287842 0.0211777 1.30001
0.302803 0.0286313 0.021099 1.2975
0.303303 0.0288905 0.0212245 1.295
0.303804 0.0293087 0.0214718 1.2925
0.304304 0.0286101 0.0210955 1.29036
0.304805 0.0281539 0.0207738 1.28788
0.305305 0.0285137 0.0210272 1.28542
0.305806 0.028289 0.0208251 1.28296
0.306306 0.0282808 0.0208728 1.28051
0.306807 0.0285808 0.0210233 1.27841
0.307307 0.0280974 0.0207883 1.27598
0.307808 0.0286444 0.021064 1.27356
0.308308 0.0284273 0.0209348 1.27115
0.308809 0.0284355 0.0209984 1.26874
0.309309 0.028277 0.0208915 1.26669
0.30981 0.0284492 0.0209416 1.2643
0.31031 0.0280321 0.020699 1.26192
0.310811 0.0286139 0.0210957 1.25955
0.311311 0.0280832 0.0207791 1.25719
0.311812 0.0282451 0.0208346 1.25518
0.312312 0.0278738 0.0206991 1.25283
0.312813 0.0276013 0.0205041 1.2505
0.313313 0.0280534 0.0207432 1.24817
0.313814 0.0283651 0.0208876 1.24585
0.314314 0.0280692 0.0207376 1.24354
0.314815 0.0281804 0.0208288 1.24158
0.315315 0.0280342 0.0207399 1.23928
0.315816 0.0278977 0.0206067 1.237
0.316316 0.0283731 0.0210121 1.23472
0.316817 0.0282385 0.0208502 1.23245
0.317317 0.0278855 0.0206344 1.23019
0.317818 0.0274882 0.0204121 1.22827
0.318318 0.0277669 0.0205826 1.22603
0.318819 0.0282219 0.0208144 1.22379
0.319319 0.0276281 0.0204671 1.22156
0.31982 0.0281885 0.0207842 1.21934
0.32032 0.0274886 0.0203918 1.21713
0.320821 0.0275855 0.0204512 1.21493
0.321321 0.027933 0.0206066 1.21273
0.321822 0.0276849 0.0205355 1.21087
0.322322 0.0278641 0.020597 1.20869
0.322823 0.0275797 0.0204802 1.20651
0.323323 0.0277151 0.0205405 1.20435
0.323824 0.0278964 0.0206592 1.20219
0.324324 0.0269076 0.0200169 1.20004
0.324825 0.0275065 0.0204021 1.19789
0.325325 0.0269036 0.0200652 1.19576
0.325826 0.0276236 0.0204538 1.19395
0.326326 0.0273043 0.0203106 1.19183
0.326827 0.0273512 0.0203234 1.18972
0.327327 0.0273385 0.0202376 1.18761
0.327828 0.0274228 0.0203849 1.18551
0.328328 0.0274059 0.0203437 1.18342
0.328829 0.0270998 0.0201521 1.18134
0.329329 0.0272216 0.0202192 1.17926
0.32983 0.0275114 0.0204392 1.17719
0.33033 0.027277 0.0202715 1.17513
0.330831 0.0273752 0.0203282 1.17339
0.331331 0.0273372 0.02031 1.17134
0.331832 0.0271995 0.0201842 1.1693
0.332332 0.0272314 0.0202465 1.16727
0.332833 0.0272208 0.0201769 1.16524
0.333333 0.027523 0.0203994 1.16322
0.333834 0.0270524 0.0201449 1.16121
0.334334 0.027209 0.0202246 1.1592
0.334835 0.0269138 0.0200301 1.1572
0.335335 0.0274038 0.0203349 1.15521
0.335836 0.0265749 0.019824 1.15323
0.336336 0.0273836 0.0203377 1.15125
0.336837 0.0270745 0.0201335 1.14958
0.337337 0.0267027 0.0199329 1.14762
0.337838 0.0268295 0.0200292 1.14566
0.338338 0.0267166 0.0198979 1.14371
0.338839 0.0265914 0.0198849 1.14176
0.339339 0.0268808 0.0199722 1.13982
0.33984 0.0268231 0.0199788 1.13789
0.34034 0.0265707 0.0198453 1.13596
0.340841 0.0268438 0.0199742 1.13404
0.341341 0.0272486 0.0202703 1.13213
0.341842 0.0269688 0.0200885 1.13022
0.342342 0.0265161 0.0197819 1.12832
0.342843 0.0267102 0.0198793 1.12643
0.343343 0.026897 0.0199976 1.12454
0.343844 0.0268196 0.0199156 1.12266
0.344344 0.0263752 0.0196743 1.12079
0.344845 0.0264271 0.0197494 1.11892
0.345345 0.0262744 0.0196679 1.11706
0.345846 0.0270765 0.0201663 1.1152
0.346346 0.026493 0.0197484 1.11335
0.346847 0.0266671 0.0198438 1.11151
0.347347 0.0265579 0.0198321 1.10967
0.347848 0.0266029 0.0198621 1.10784
0.348348 0.0262141 0.0196152 1.10601
0.348849 0.0266604 0.0198889 1.10449
0.349349 0.0264398 0.0197615 1.10267
0.34985 0.0263679 0.019696 1.10087
0.35035 0.0263774 0.0196824 1.09906
0.350851 0.0258336 0.0193565 1.09727
0.351351 0.0264372 0.0197607 1.09548
0.351852 0.0260699 0.0194738 1.09369
0.352352 0.0260869 0.0195419 1.09191
0.352853 0.0260245 0.0195204 1.09014
0.353353 0.0260587 0.0195137 1.08837
0.353854 0.0266317 0.0198477 1.08661
0.354354 0.0264611 0.0197635 1.08486
0.354855 0.0260289 0.0194547 1.08311
0.355355 0.0259429 0.0194139 1.08136
0.355856 0.0264277 0.0197907 1.07962
0.356356 0.0256149 0.0192198 1.07789
0.356857 0.0259723 0.0194845 1.07616
0.357357 0.0257917 0.0193534 1.07444
0.357858 0.0257026 0.0193027 1.07273
0.358358 0.0257176 0.0192743 1.07102
0.358859 0.0260781 0.0195232 1.06931
0.359359 0.0260573 0.0195358 1.06733
0.35986 0.0258984 0.019398 1.06563
0.36036 0.0259143 0.019424 1.06394
0.360861 0.0259194 0.0194351 1.06226
0.361361 0.0254565 0.0191238 1.06058
0.361862 0.0256537 0.0192803 1.05891
0.362362 0.0257203 0.0192903 1.05724
0.362863 0.0260125 0.0194372 1.05558
0.363363 0.0258162 0.0193784 1.05392
0.363864 0.0256664 0.0192842 1.05227
0.364364 0.0256451 0.0192552 1.05063
0.364865 0.0257903 0.0193466 1.04899
0.365365 0.0253326 0.0190652 1.04735
0.365866 0.0257064 0.0193467 1.04572
0.366366 0.0254351 0.0191078 1.0441
0.366867 0.0257058 0.0192744 1.04248
0.367367 0.0255952 0.01922 1.04086
0.367868 0.0256762 0.0192622 1.03925
0.368368 0.0254073 0.0190802 1.03764
0.368869 0.0250093 0.018821 1.03604
0.369369 0.0252858 0.0190125 1.03445
0.36987 0.0256829 0.0193054 1.03286
0.37037 0.0254174 0.0191064 1.03127
0.370871 0.0250496 0.0188745 1.02969
0.371371 0.0251019 0.0188813 1.02812
0.371872 0.0253533 0.0190904 1.02627
0.372372 0.0255211 0.0191953 1.02471
0.372873 0.0251239 0.0189489 1.02315
0.373373 0.0254408 0.019103 1.02159
0.373874 0.0248418 0.0187409 1.02004
0.374374 0.0252316 0.0189647 1.0185
0.374875 0.0254225 0.0191046 1.01696
0.375375 0.0249999 0.0187975 1.01542
0.375876 0.0250156 0.0188691 1.01389
0.376376 0.0252154 0.0189934 1.01236
0.376877 0.0251877 0.0189716 1.01084
0.377377 0.0249231 0.0187928 1.00932
0.377878 0.0253778 0.019107 1.00781
0.378378 0.0247274 0.0186911 1.00603
0.378879 0.0247868 0.0187336 1.00453
0.379379 0.0251973 0.0189802 1.00303
0.37988 0.0252493 0.0190358 1.00153
0.38038 0.0254179 0.019089 1.00004
0.380881 0.0248827 0.0187407 0.998557
0.381381 0.0246947 0.0186569 0.997076
0.381882 0.0249687 0.0188332 0.9956
0.382382 0.0246611 0.018622 0.994128
0.382883 0.0249675 0.0188291 0.99266
0.383383 0.0251354 0.0189198 0.991197
0.383884 0.0246219 0.0185928 0.989474
0.384384 0.0248854 0.0187617 0.98802
0.384885 0.0245439 0.0185134 0.986571
0.385385 0.0246487 0.0186236 0.985125
0.385886 0.0246269 0.0186051 0.983684
0.386386 0.0246648 0.0186464 0.982248
0.386887 0.024638 0.0186038 0.980815
0.387387 0.0245914 0.0186089 0.979387
0.387888 0.0244434 0.0185101 0.977963
0.388388 0.0245152 0.0185513 0.976543
0.388889 0.0244236 0.01851 0.974868
0.389389 0.0245563 0.0185839 0.973457
0.38989 0.0243554 0.0184417 0.97205
0.39039 0.0247007 0.0186154 0.970647
0.390891 0.0249356 0.0188132 0.969249
0.391391 0.0246237 0.0186024 0.967855
0.391892 0.0242523 0.0184242 0.966464
0.392392 0.0246017 0.0185923 0.965078
0.392893 0.024243 0.0183588 0.963439
0.393393 0.0244296 0.0184898 0.962061
0.393894 0.0247217 0.0187115 0.960688
0.394394 0.0241722 0.0183212 0.959318
0.394895 0.0247444 0.0186783 0.957952
0.395395 0.0242708 0.0183887 0.95659
0.395896 0.0244001 0.0184962 0.955233
0.396396 0.0240022 0.0181964 0.953625
0.396897 0.0247648 0.0186899 0.952275
0.397397 0.0242066 0.018365 0.95093
0.397898 0.0242697 0.0183895 0.949588
0.398398 0.0244017 0.0185014 0.94825
0.398899 0.0241617 0.0183097 0.946916
0.399399 0.0238591 0.0181213 0.945586
0.3999 0.0239544 0.0182384 0.94426
0.4004 0.0241536 0.01828 0.942686
0.400901 0.0238517 0.0181284 0.941368
0.401401 0.0237321 0.0180466 0.940053
0.401902 0.0237425 0.0180437 0.938743
0.402402 0.0239385 0.0181489 0.937436
0.402903 0.0240093 0.0182177 0.936132
0.403403 0.0239411 0.0181629 0.934584
0.403904 0.0237475 0.0180799 0.933288
0.404404 0.0242038 0.0183581 0.931997
0.404905 0.0240549 0.018246 0.930708
0.405405 0.0239487 0.0182117 0.929424
0.405906 0.0237415 0.018074 0.928143
0.406406 0.0241857 0.0183426 0.926619
0.406907 0.0238676 0.0181169 0.925346
0.407407 0.0237203 0.0180282 0.924076
0.407908 0.0237723 0.0180887 0.92281
0.408408 0.0236912 0.0180374 0.921548
0.408909 0.0238979 0.0181351 0.920289
0.409409 0.0237802 0.0181079 0.918789
0.40991 0.0235414 0.0179562 0.917537
0.41041 0.023781 0.0181179 0.916289
0.410911 0.0235146 0.0179057 0.915045
0.411411 0.0235565 0.0179537 0.913804
0.411912 0.0239948 0.0182151 0.912566
0.412412 0.0237725 0.0180591 0.91109
0.412913 0.0238108 0.0180867 0.909859
0.413413 0.0239089 0.0181534 0.908633
0.413914 0.0235683 0.0179394 0.907409
0.414414 0.0233832 0.0178063 0.906189
0.414915 0.023454 0.0178339 0.904732
0.415415 0.0235184 0.0179182 0.903519
0.415916 0.0235196 0.0179189 0.902309
0.416416 0.0232807 0.0177327 0.901103
0.416917 0.023568 0.0179245 0.8999
0.417417 0.0235298 0.0179036 0.8987
0.417918 0.0231105 0.0176536 0.897265
0.418418 0.0235241 0.0179248 0.896072
0.418919 0.0228934 0.0174852 0.894883
0.419419 0.0235777 0.0179803 0.893697
0.41992 0.0230895 0.0176399 0.892514
0.42042 0.0228785 0.0174739 0.891097
0.420921 0.0235176 0.0179445 0.889921
0.421421 0.0233589 0.017817 0.888748
0.421922 0.0233839 0.0178568 0.887578
0.422422 0.0233024 0.0177789 0.886412
0.422923 0.0229416 0.0175229 0.885013
0.423423 0.0228992 0.0174955 0.883854
0.423924 0.0233088 0.0178143 0.882697
0.424424 0.0232534 0.0177612 0.881543
0.424925 0.0231774 0.0177134 0.880159
0.425425 0.0232755 0.0177533 0.879012
0.425926 0.0232744 0.0177646 0.877868
0.426426 0.0231087 0.017666 0.876727
0.426927 0.0231755 0.0177019 0.875589
0.427427 0.0233379 0.0177927 0.874222
0.427928 0.0231035 0.0176536 0.873091
0.428428 0.0229459 0.0175635 0.871963
0.428929 0.0232886 0.01775 0.870837
0.429429 0.023491 0.0179009 0.869715
0.42993 0.0229242 0.0175427 0.868365
0.43043 0.0229333 0.0175991 0.867249
0.430931 0.0231569 0.0176695 0.866136
0.431431 0.0225498 0.0173093 0.865026
0.431932 0.0229331 0.017558 0.86369
0.432432 0.0229299 0.0175345 0.862586
0.432933 0.0232014 0.0177551 0.861485
0.433433 0.0228519 0.0174492 0.860388
0.433934 0.0229771 0.0175819 0.859065
0.434434 0.0225881 0.0172944 0.857973
0.434935 0.0228931 0.0175334 0.856884
0.435435 0.0225285 0.0172883 0.855798
0.435936 0.0227759 0.0174289 0.854714
0.436436 0.0227772 0.0174116 0.853408
0.436937 0.0227802 0.0174628 0.852331
0.437437 0.0224699 0.0172217 0.851256
0.437938 0.022559 0.0173035 0.850185
0.438438 0.0224413 0.0172406 0.848891
0.438939 0.022753 0.0174561 0.847825
0.439439 0.0226704 0.0173764 0.846762
0.43994 0.0224119 0.0172072 0.845702
0.44044 0.0224597 0.0172127 0.844421
0.440941 0.022298 0.0171538 0.843367
0.441441 0.0227135 0.0174044 0.842315
0.441942 0.022486 0.0172539 0.841267
0.442442 0.0225005 0.0172323 0.839998
0.442943 0.0229132 0.0175068 0.838955
0.443443 0.0225509 0.0172571 0.837915
0.443944 0.0223265 0.0171712 0.836877
0.444444 0.0224451 0.0172256 0.835621
0.444945 0.0222402 0.0171145 0.834589
0.445445 0.0227596 0.0174227 0.833559
0.445946 0.0222759 0.0171211 0.832312
0.446446 0.022053 0.0169712 0.831289
0.446947 0.0221274 0.0170438 0.830268
0.447447 0.0218875 0.0168492 0.829249
0.447948 0.0222613 0.0171203 0.828014
0.448448 0.022381 0.0171689 0.827001
0.448949 0.0223311 0.0171569 0.825991
0.449449 0.0222376 0.0171068 0.824983
0.44995 0.0222117 0.0170842 0.82376
0.45045 0.0220435 0.0169855 0.822757
0.450951 0.021994 0.0169295 0.821757
0.451451 0.022458 0.0172597 0.82076
0.451952 0.0222337 0.0170996 0.819549
0.452452 0.0222475 0.0171039 0.818557
0.452953 0.0220985 0.0170043 0.817567
0.453453 0.0222696 0.0171648 0.816364
0.453954 0.0225048 0.0172781 0.81538
0.454454 0.0219702 0.0169067 0.814399
0.454955 0.0222568 0.0171083 0.81342
0.455455 0.0217402 0.0167808 0.812228
0.455956 0.0221905 0.0170562 0.811254
0.456456 0.0218327 0.0168122 0.810283
0.456957 0.0220065 0.0169454 0.809099
0.457457 0.0220307 0.0169639 0.808133
0.457958 0.0219294 0.0168972 0.807169
0.458458 0.0217019 0.0167514 0.806208
0.458959 0.02164 0.0166545 0.805036
0.459459 0.0218352 0.0168241 0.80408
0.45996 0.0216612 0.0167433 0.803126
0.46046 0.0216156 0.0166978 0.801962
0.460961 0.0219142 0.0168684 0.801013
0.461461 0.0216978 0.0167503 0.800066
0.461962 0.021821 0.0168277 0.799122
0.462462 0.0221245 0.0170151 0.797969
0.462963 0.0217462 0.0167819 0.79703
0.463463 0.0214844 0.0165959 0.796093
0.463964 0.0217454 0.016771 0.794948
0.464464 0.0217092 0.016745 0.794016
0.464965 0.0219619 0.0169113 0.793086
0.465465 0.0217129 0.0167286 0.792159
0.465966 0.0214792 0.0165579 0.791025
0.466466 0.0214071 0.016534 0.790102
0.466967 0.0218885 0.0168565 0.789182
0.467467 0.0217855 0.0167988 0.788055
0.467968 0.0215373 0.016635 0.78714
0.468468 0.021556 0.0166374 0.786227
0.468969 0.0214793 0.0165865 0.785108
0.469469 0.0214926 0.0165971 0.784199
0.46997 0.0214098 0.0165717 0.783293
0.47047 0.021793 0.0168205 0.782182
0.470971 0.0218094 0.0167971 0.781281
0.471471 0.0216337 0.0167297 0.780381
0.471972 0.0214917 0.0166512 0.779278
0.472472 0.0217719 0.0168102 0.778383
0.472973 0.0213735 0.0165518 0.77749
0.473473 0.0215656 0.0166535 0.7766
0.473974 0.0212811 0.0164654 0.775507
0.474474 0.0212559 0.0164404 0.774621
0.474975 0.0215013 0.0166129 0.773737
0.475475 0.021448 0.0165938 0.772651
0.475976 0.0213449 0.0165433 0.771772
0.476476 0.0216071 0.0166938 0.770895
0.476977 0.0214521 0.0165671 0.769816
0.477477 0.0214914 0.0166241 0.768944
0.477978 0.0211837 0.0164077 0.768073
0.478478 0.0210695 0.0163394 0.767002
0.478979 0.0212081 0.0164342 0.766136
0.479479 0.0213165 0.0165256 0.765272
0.47998 0.0212518 0.0164907 0.764208
0.48048 0.0211402 0.016362 0.763348
0.480981 0.0211693 0.0163884 0.762491
0.481481 0.0211726 0.0164013 0.761434
0.481982 0.021225 0.0164673 0.760581
0.482482 0.0212963 0.0164696 0.75973
0.482983 0.0210761 0.0163611 0.75868
0.483483 0.0211402 0.0163665 0.757833
0.483984 0.0213103 0.01651 0.756988
0.484484 0.0212166 0.0164439 0.755946
0.484985 0.0209984 0.0162889 0.755105
0.485485 0.0211162 0.0163684 0.754266
0.485986 0.0211266 0.0163648 0.753231
0.486486 0.0212254 0.0164641 0.752396
0.486987 0.0212414 0.0164244 0.751564
0.487487 0.0210748 0.016353 0.750535
0.487988 0.0209606 0.0162494 0.749707
0.488488 0.0211307 0.0163841 0.74888
0.488989 0.0209318 0.0162455 0.747858
0.489489 0.0208396 0.0162208 0.747036
0.48999 0.0208978 0.0162467 0.746216
0.49049 0.0207408 0.0161088 0.7452
0.490991 0.0210041 0.0162907 0.744384
0.491491 0.0208455 0.0161815 0.74357
0.491992 0.0209571 0.0162555 0.742561
0.492492 0.02119 0.0164477 0.741751
0.492993 0.0207478 0.0161282 0.740747
0.493493 0.0208072 0.016144 0.739941
0.493994 0.020938 0.0162623 0.739136
0.494494 0.020875 0.0161983 0.738139
0.494995 0.0207796 0.016135 0.737338
0.495495 0.0207386 0.0160839 0.73654
0.495996 0.0209619 0.016229 0.735549
0.496496 0.0208702 0.0162269 0.734754
0.496997 0.0210566 0.0163346 0.733961
0.497497 0.020828 0.0161866 0.732977
0.497998 0.0205243 0.0159863 0.732188
0.498498 0.0208451 0.0161618 0.7314
0.498999 0.0205372 0.0159933 0.730423
0.499499 0.0205258 0.0159882 0.729639
0.5 0.0206765 0.0160612 0.728665
