0.001 7.39749 7.39749 0
0.0110909 13.1114 13.1114 0
0.0211818 13.4341 13.4341 0
0.0312727 10.0121 10.0121 0
0.0413636 8.07344 8.07344 0
0.0514545 7.75956 7.75956 0
0.0615455 6.81663 6.81663 0
0.0716364 7.22296 7.22296 0
0.0817273 5.44384 5.44384 0
0.0918182 4.98399 4.98399 0
0.101909 4.66538 4.66538 0
0.112 4.27325 4.27325 0
0.122091 3.8341 3.8341 0
0.132182 3.23491 3.23491 0
0.142273 2.93156 2.93156 0
0.152364 3.25732 3.25732 0
0.162455 2.87823 2.87823 0
0.172545 2.466 2.466 0
0.182636 2.39875 2.39875 0
0.192727 2.46735 2.46735 0
0.202818 2.13791 2.13791 0
0.212909 1.97147 1.97147 0
0.223 2.06183 2.06183 0
0.233091 1.697 1.697 0
0.243182 1.74876 1.74876 0
0.253273 1.70663 1.70663 0
0.263364 1.45429 1.45429 0
0.273455 1.46151 1.46151 0
0.283545 1.40954 1.40954 0
0.293636 1.27749 1.27749 0
0.303727 1.19366 1.19366 0
0.313818 1.16607 1.16607 0
0.323909 1.06688 1.06688 0
0.334 0.973906 0.973906 0
0.344091 0.921643 0.921643 0
0.354182 0.965427 0.965427 0
0.364273 0.952357 0.952357 0
0.374364 0.852866 0.852866 0
0.384455 0.850978 0.850978 0
0.394545 0.840373 0.840373 0
0.404636 0.800648 0.800648 0
0.414727 0.774136 0.774136 0
0.424818 0.743129 0.743129 0
0.434909 0.666666 0.666666 0
0.445 0.657345 0.657345 0
0.455091 0.660453 0.660453 0
0.465182 0.641319 0.641319 0
0.475273 0.555332 0.555332 0
0.485364 0.571646 0.571646 0
0.495455 0.519091 0.519091 0
0.505545 0.540814 0.540814 0
0.515636 0.420314 0.420314 0
0.525727 0.522256 0.522256 0
0.535818 0.445598 0.445598 0
0.545909 0.425133 0.425133 0
0.556 0.455187 0.455187 0
0.566091 0.404111 0.404111 0
0.576182 0.394168 0.394168 0
0.586273 0.370675 0.370675 0
0.596364 0.339218 0.339218 0
0.606455 0.357548 0.357548 0
0.616545 0.34643 0.34643 0
0.626636 0.311744 0.311744 0
0.636727 0.326742 0.326742 0
0.646818 0.320467 0.320467 0
0.656909 0.282486 0.282486 0
0.667 0.296877 0.296877 0
0.677091 0.281353 0.281353 0
0.687182 0.264176 0.264176 0
0.697273 0.242789 0.242789 0
0.707364 0.26919 0.26919 0
0.717455 0.262099 0.262099 0
0.727545 0.21879 0.21879 0
0.737636 0.223476 0.223476 0
0.747727 0.247123 0.247123 0
0.757818 0.230177 0.230177 0
0.767909 0.21695 0.21695 0
0.778 0.201523 0.201523 0
0.788091 0.195253 0.195253 0
0.798182 0.198092 0.198092 0
0.808273 0.21085 0.21085 0
0.818364 0.187109 0.187109 0
0.828455 0.164489 0.164489 0
0.838545 0.168388 0.168388 0
0.848636 0.179746 0.179746 0
0.858727 0.144304 0.144304 0
0.868818 0.150678 0.150678 0
0.878909 0.160687 0.160687 0
0.889 0.143514 0.143514 0
0.899091 0.155693 0.155693 0
0.909182 0.132627 0.132627 0
0.919273 0.125989 0.125989 0
0.929364 0.136488 0.136488 0
0.939455 0.132489 0.132489 0
0.949545 0.140676 0.140676 0
0.959636 0.140686 0.140686 0
0.969727 0.124924 0.124924 0
0.979818 0.131844 0.131844 0
0.989909 0.103526 0.103526 0
1 0.115976 0.115976 0
