0.00040404 5.85839 5.85839 0
0.000808081 8.28133 8.28133 0
0.00121212 9.51881 9.51881 0
0.00161616 10.4092 10.4092 0
0.0020202 12.6083 12.6083 0
0.00242424 13.5388 13.5388 0
0.00282828 11.8984 11.8984 0
0.00323232 12.6396 12.6396 0
0.00363636 12.5871 12.5871 0
0.0040404 12.4896 12.4896 0
0.00444444 12.9374 12.9374 0
0.00484848 13.1119 13.1119 0
0.00525253 12.8126 12.8126 0
0.00565657 15.3141 15.3141 0
0.00606061 14.6295 14.6295 0
0.00646465 12.4903 12.4903 0
0.00686869 15.7026 15.7026 0
0.00727273 14.2098 14.2098 0
0.00767677 14.2746 14.2746 0
0.00808081 14.9228 14.9228 0
0.00848485 13.246 13.246 0
0.00888889 13.2567 13.2567 0
0.00929293 14.8926 14.8926 0
0.00969697 13.4221 13.4221 0
0.010101 13.7399 13.7399 0
0.0105051 14.1911 14.1911 0
0.0109091 13.7834 13.7834 0
0.0113131 12.7428 12.7428 0
0.0117172 13.2147 13.2147 0
0.0121212 14.1702 14.1702 0
0.0125253 13.2109 13.2109 0
0.0129293 13.6902 13.6902 0
0.0133333 13.6574 13.6574 0
0.0137374 13.1357 13.1357 0
0.0141414 13.6851 13.6851 0
0.0145455 13.2847 13.2847 0
0.0149495 13.4806 13.4806 0
0.0153535 12.9096 12.9096 0
0.0157576 11.9757 11.9757 0
0.0161616 12.349 12.349 0
0.0165657 12.9646 12.9646 0
0.0169697 13.4182 13.4182 0
0.0173737 13.9541 13.9541 0
0.0177778 12.9968 12.9968 0
0.0181818 12.2838 12.2838 0
0.0185859 12.8619 12.8619 0
0.0189899 10.9147 10.9147 0
0.0193939 12.6198 12.6198 0
0.019798 12.5261 12.5261 0
0.020202 13.0167 13.0167 0
0.0206061 12.3892 12.3892 0
0.0210101 12.646 12.646 0
0.0214141 11.4891 11.4891 0
0.0218182 12.5271 12.5271 0
0.0222222 11.4696 11.4696 0
0.0226263 12.0268 12.0268 0
0.0230303 12.3305 12.3305 0
0.0234343 11.8838 11.8838 0
0.0238384 11.6167 11.6167 0
0.0242424 11.0563 11.0563 0
0.0246465 11.4489 11.4489 0
0.0250505 11.8522 11.8522 0
0.0254545 10.7839 10.7839 0
0.0258586 11.7704 11.7704 0
0.0262626 11.6197 11.6197 0
0.0266667 11.7975 11.7975 0
0.0270707 11.068 11.068 0
0.0274747 12.5894 12.5894 0
0.0278788 10.7221 10.7221 0
0.0282828 11.6302 11.6302 0
0.0286869 11.2608 11.2608 0
0.0290909 11.6568 11.6568 0
0.0294949 11.1622 11.1622 0
0.029899 11.4197 11.4197 0
0.030303 11.9618 11.9618 0
0.0307071 11.0904 11.0904 0
0.0311111 10.1354 10.1354 0
0.0315152 11.3466 11.3466 0
0.0319192 10.8095 10.8095 0
0.0323232 9.78982 9.78982 0
0.0327273 10.356 10.356 0
0.0331313 10.3678 10.3678 0
0.0335354 10.9184 10.9184 0
0.0339394 11.1399 11.1399 0
0.0343434 9.62489 9.62489 0
0.0347475 10.0454 10.0454 0
0.0351515 10.689 10.689 0
0.0355556 10.4402 10.4402 0
0.0359596 10.5674 10.5674 0
0.0363636 9.79761 9.79761 0
0.0367677 9.91346 9.91346 0
0.0371717 8.91389 8.91389 0
0.0375758 9.4263 9.4263 0
0.0379798 9.13055 9.13055 0
0.0383838 10.5614 10.5614 0
0.0387879 9.99202 9.99202 0
0.0391919 9.70949 9.70949 0
0.039596 9.07028 9.07028 0
0.04 9.54019 9.54019 0
