#1-Q [GeV] 2--dN/dQdY [GeV-1] 3--dN_{PreEq}/dQdY [GeV-1] 3--dN_{Hydro}/dQdY [GeV-1]
0.04004 0.0764802 0.0784631
0.0800801 0.057804 0.0574278
0.12012 0.0468711 0.0475715
0.16016 0.0416563 0.0412728
0.2002 0.0367283 0.0365553
0.24024 0.033266 0.0327083
0.28028 0.0301439 0.030331
0.32032 0.0278216 0.0281571
0.36036 0.0257858 0.0260989
0.4004 0.0242202 0.0239904
0.44044 0.0226564 0.0226411
0.48048 0.0213831 0.0210981
0.520521 0.0198941 0.0200709
0.560561 0.0189762 0.0188553
0.600601 0.0182772 0.0183828
0.640641 0.0171145 0.0173984
0.680681 0.0167344 0.0162831
0.720721 0.0158147 0.0158135
0.760761 0.0151141 0.014997
0.800801 0.0144807 0.0144715
0.840841 0.0138086 0.0139899
0.880881 0.0134883 0.0133623
0.920921 0.012943 0.0128485
0.960961 0.0124474 0.0125344
1.001 0.0120144 0.0120836

