0.003003 0.160689 0.0748243
0.00600601 0.135883 0.0684216
0.00900901 0.123016 0.0643333
0.012012 0.112632 0.0608958
0.015015 0.10442 0.0581915
0.018018 0.0996633 0.0561546
0.021021 0.0955406 0.054393
0.024024 0.091535 0.0528793
0.027027 0.0873482 0.0510905
0.03003 0.0857926 0.0503218
0.033033 0.0824577 0.0488255
0.036036 0.0809871 0.048207
0.039039 0.0783305 0.0473706
0.042042 0.0762662 0.0461167
0.045045 0.0735601 0.044869
0.048048 0.0714083 0.0436913
0.0510511 0.0694567 0.0428603
0.0540541 0.0685374 0.042336
0.0570571 0.0669936 0.0416829
0.0600601 0.0652746 0.0408735
0.0630631 0.0634442 0.0399009
0.0660661 0.0620759 0.0392795
0.0690691 0.0613507 0.0386848
0.0720721 0.0600913 0.0382121
0.0750751 0.0586124 0.0374714
0.0780781 0.0577683 0.0369531
0.0810811 0.0569907 0.0366768
0.0840841 0.0558078 0.036045
0.0870871 0.0552476 0.0357873
0.0900901 0.0540518 0.035216
0.0930931 0.0538024 0.0349824
0.0960961 0.0526993 0.03435
0.0990991 0.0516596 0.0337989
0.102102 0.051405 0.0337084
0.105105 0.0505855 0.0333453
0.108108 0.050869 0.0334228
0.111111 0.0493928 0.0327044
0.114114 0.0484362 0.032194
0.117117 0.0485001 0.0322272
0.12012 0.0479411 0.0319561
0.123123 0.046536 0.0311783
0.126126 0.0461621 0.031043
0.129129 0.0463061 0.0309842
0.132132 0.0452866 0.0304939
0.135135 0.0448131 0.0302325
0.138138 0.0444163 0.0300123
0.141141 0.0429333 0.0291988
0.144144 0.0435109 0.0295221
0.147147 0.043105 0.0292515
0.15015 0.0424876 0.0289921
0.153153 0.0421142 0.0287724
0.156156 0.0420354 0.028721
0.159159 0.0409573 0.0281891
0.162162 0.0407447 0.0279579
0.165165 0.0406242 0.027986
0.168168 0.0398243 0.02756
0.171171 0.0401336 0.0276886
0.174174 0.0392318 0.0271619
0.177177 0.0392909 0.0272221
0.18018 0.0391093 0.0271064
0.183183 0.0383802 0.0267277
0.186186 0.0381547 0.0266387
0.189189 0.0375212 0.0262649
0.192192 0.0373171 0.0261416
0.195195 0.0367829 0.0258813
0.198198 0.0368966 0.0258985
0.201201 0.03645 0.0257036
0.204204 0.0363518 0.0256271
0.207207 0.0355951 0.0251131
0.21021 0.0354152 0.0250151
0.213213 0.0351072 0.0248957
0.216216 0.0351049 0.0248557
0.219219 0.0346939 0.0246977
0.222222 0.0350046 0.0247794
0.225225 0.0336558 0.0240692
0.228228 0.0341434 0.0243194
0.231231 0.0339829 0.024249
0.234234 0.0342059 0.0244316
0.237237 0.033214 0.023775
0.24024 0.0334277 0.023931
0.243243 0.0327838 0.0235677
0.246246 0.0329108 0.0236151
0.249249 0.0323214 0.0233197
0.252252 0.0320837 0.0231435
0.255255 0.0316554 0.0228805
0.258258 0.0315708 0.0228128
0.261261 0.0315853 0.0228399
0.264264 0.0310243 0.0224688
0.267267 0.0306987 0.0223075
0.27027 0.0310909 0.0225481
0.273273 0.0308414 0.0224216
0.276276 0.0301188 0.0219639
0.279279 0.0300048 0.0219069
0.282282 0.0296114 0.0217135
0.285285 0.029953 0.0219454
0.288288 0.029793 0.0217724
0.291291 0.0293461 0.0215247
0.294294 0.0293903 0.0216025
0.297297 0.0288024 0.0211444
0.3003 0.0290164 0.0213355
0.303303 0.0288759 0.0212321
0.306306 0.0282829 0.0209
0.309309 0.0284036 0.0209326
0.312312 0.0284931 0.021013
0.315315 0.0282167 0.0208319
0.318318 0.0283674 0.0209288
0.321321 0.028058 0.0207545
0.324324 0.0274923 0.0203365
0.327327 0.0275453 0.0203808
0.33033 0.0274138 0.020324
0.333333 0.0270977 0.0201735
0.336336 0.0269674 0.0200444
0.339339 0.026396 0.0197439
0.342342 0.0264165 0.0197241
0.345345 0.0265166 0.0197858
0.348348 0.0261 0.019511
0.351351 0.0263055 0.0196862
0.354354 0.0265206 0.0197878
0.357357 0.0258315 0.0193441
0.36036 0.0259464 0.0194396
0.363363 0.0255103 0.0191936
0.366366 0.0252076 0.0189549
0.369369 0.025639 0.0192028
0.372372 0.0253212 0.019033
0.375375 0.025078 0.0189684
0.378378 0.0247675 0.0187228
0.381381 0.0248706 0.0187917
0.384384 0.0247008 0.0186436
0.387387 0.0245829 0.0185609
0.39039 0.0248333 0.0187455
0.393393 0.0246545 0.0186236
0.396396 0.0244164 0.0184793
0.399399 0.0237826 0.0180372
0.402402 0.0238819 0.0181735
0.405405 0.024029 0.0182173
0.408408 0.0236694 0.018025
0.411411 0.0237828 0.0180987
0.414414 0.0232478 0.0177146
0.417417 0.023207 0.0177015
0.42042 0.0232753 0.0177881
0.423423 0.0231528 0.0176587
0.426426 0.0234327 0.0178819
0.429429 0.0226851 0.0173513
0.432432 0.0230928 0.0176461
0.435435 0.0225824 0.0173426
0.438438 0.022909 0.017539
0.441441 0.0226874 0.0173498
0.444444 0.0225541 0.0173051
0.447447 0.0221254 0.0170316
0.45045 0.0219751 0.0169087
0.453453 0.0223147 0.017133
0.456456 0.022165 0.0170203
0.459459 0.0220713 0.0169869
0.462462 0.0220226 0.0169871
0.465465 0.0219522 0.0169173
0.468468 0.0214235 0.0165666
0.471471 0.0214713 0.0166137
0.474474 0.0215434 0.0166457
0.477477 0.0217943 0.0168044
0.48048 0.0214802 0.0166285
0.483483 0.0211508 0.0164015
0.486486 0.0210432 0.0162954
0.489489 0.0211406 0.0163562
0.492492 0.0210818 0.0163318
0.495495 0.0209093 0.016242
0.498498 0.0204506 0.0159448
0.501502 0.0205745 0.0160169
0.504505 0.0205768 0.0159987
0.507508 0.0204165 0.0159186
0.510511 0.0201284 0.0157119
0.513514 0.0202094 0.0157871
0.516517 0.0201671 0.0157387
0.51952 0.0200984 0.0157148
0.522523 0.019928 0.0156016
0.525526 0.0201672 0.0157454
0.528529 0.0199211 0.0155592
0.531532 0.0198328 0.0155483
0.534535 0.0193583 0.0152062
0.537538 0.0197138 0.0154803
0.540541 0.01953 0.0153158
0.543544 0.0197196 0.0154493
0.546547 0.0195378 0.015334
0.54955 0.019244 0.0151065
0.552553 0.0193305 0.0151702
0.555556 0.019197 0.0150873
0.558559 0.0189349 0.0149279
0.561562 0.0187523 0.0148273
0.564565 0.0190661 0.0149971
0.567568 0.0190458 0.0149957
0.570571 0.0188088 0.0148214
0.573574 0.018821 0.01485
0.576577 0.0187309 0.014776
0.57958 0.0184815 0.0146123
0.582583 0.0186404 0.0147201
0.585586 0.0181937 0.0144163
0.588589 0.018393 0.0145685
0.591592 0.0183412 0.0145297
0.594595 0.0182764 0.0144654
0.597598 0.0183751 0.0145776
0.600601 0.0179233 0.0142344
0.603604 0.018002 0.0142932
0.606607 0.0179909 0.0142961
0.60961 0.0181453 0.0143847
0.612613 0.0177317 0.0141028
0.615616 0.0178053 0.0141693
0.618619 0.0177569 0.0141124
0.621622 0.0176354 0.0140365
0.624625 0.0174282 0.0138998
0.627628 0.0174084 0.0138547
0.630631 0.0172278 0.0137404
0.633634 0.0173114 0.0137926
0.636637 0.0170876 0.0136367
0.63964 0.0171879 0.0137341
0.642643 0.0171329 0.0137229
0.645646 0.0171752 0.0137142
0.648649 0.0169912 0.013598
0.651652 0.0171467 0.0136981
0.654655 0.0167281 0.0134214
0.657658 0.0170137 0.0136149
0.660661 0.0166209 0.0133387
0.663664 0.0166157 0.0133478
0.666667 0.016984 0.0136222
0.66967 0.0167144 0.0133909
0.672673 0.0169646 0.0136031
0.675676 0.0165197 0.0132617
0.678679 0.016588 0.0133201
0.681682 0.0165501 0.0132921
0.684685 0.0165583 0.0132981
0.687688 0.0160829 0.0129504
0.690691 0.0165218 0.013269
0.693694 0.0160758 0.0129684
0.696697 0.0161701 0.0130372
0.6997 0.0160429 0.0129392
0.702703 0.0159457 0.0128958
0.705706 0.0161073 0.0129997
0.708709 0.0158296 0.0128192
0.711712 0.0160658 0.0129672
0.714715 0.0156438 0.0126399
0.717718 0.0157353 0.0127188
0.720721 0.0158799 0.0128359
0.723724 0.0154345 0.0125132
0.726727 0.0154722 0.012562
0.72973 0.0156999 0.012691
0.732733 0.0156431 0.0126494
0.735736 0.0153464 0.0124442
0.738739 0.0154927 0.0125623
0.741742 0.0154381 0.012494
0.744745 0.0151858 0.0123467
0.747748 0.0151795 0.012327
0.750751 0.0151799 0.012324
0.753754 0.0151967 0.0123463
0.756757 0.0153031 0.0124262
0.75976 0.0152427 0.0123902
0.762763 0.0149391 0.0121742
0.765766 0.0150111 0.0122351
0.768769 0.0148883 0.0121416
0.771772 0.014891 0.0121427
0.774775 0.0149502 0.0121702
0.777778 0.01492 0.012159
0.780781 0.0147829 0.0120426
0.783784 0.0147799 0.0120542
0.786787 0.0147312 0.0120117
0.78979 0.0145843 0.0119383
0.792793 0.0149326 0.0121833
0.795796 0.0143569 0.0117512
0.798799 0.0143324 0.0117343
0.801802 0.0144796 0.0118427
0.804805 0.0145723 0.0119151
0.807808 0.0143786 0.0117674
0.810811 0.0142026 0.0116339
0.813814 0.0140946 0.0115626
0.816817 0.0141449 0.0115959
0.81982 0.01422 0.0116404
0.822823 0.0141325 0.011583
0.825826 0.0140408 0.0115319
0.828829 0.014174 0.0116266
0.831832 0.013891 0.0114244
0.834835 0.0141656 0.0116159
0.837838 0.0140809 0.0115736
0.840841 0.0139368 0.0114524
0.843844 0.0138603 0.0113923
0.846847 0.0137107 0.0112983
0.84985 0.0137861 0.0113586
0.852853 0.0137619 0.0113379
0.855856 0.0136052 0.011199
0.858859 0.0136191 0.01122
0.861862 0.013585 0.0111868
0.864865 0.0137817 0.0113409
0.867868 0.0133665 0.0110349
0.870871 0.0135513 0.0111887
0.873874 0.0135507 0.0111915
0.876877 0.013581 0.011204
0.87988 0.0134418 0.0111057
0.882883 0.0132854 0.0109779
0.885886 0.0133648 0.011032
0.888889 0.0133716 0.0110595
0.891892 0.0134052 0.0110872
0.894895 0.0132663 0.0109687
0.897898 0.0130435 0.0107933
0.900901 0.0131427 0.0108841
0.903904 0.0129953 0.0107722
0.906907 0.013037 0.0108097
0.90991 0.0132724 0.0109836
0.912913 0.0130575 0.0108049
0.915916 0.012998 0.0107879
0.918919 0.0129501 0.0107502
0.921922 0.0128061 0.0106361
0.924925 0.0127476 0.0105866
0.927928 0.0127889 0.0106051
0.930931 0.0130118 0.0107769
0.933934 0.0128366 0.0106651
0.936937 0.0125947 0.0104896
0.93994 0.0127576 0.0106038
0.942943 0.0125571 0.0104459
0.945946 0.0126521 0.0105299
0.948949 0.0126919 0.0105651
0.951952 0.0124869 0.010403
0.954955 0.0125403 0.0104377
0.957958 0.0125716 0.0104625
0.960961 0.0124129 0.010354
0.963964 0.0124152 0.0103481
0.966967 0.0123715 0.0103032
0.96997 0.0124436 0.0103771
0.972973 0.0121533 0.0101345
0.975976 0.0123364 0.0102932
0.978979 0.012356 0.0103216
0.981982 0.0122348 0.0102066
0.984985 0.01226 0.0102254
0.987988 0.0121975 0.0101834
0.990991 0.0120166 0.0100449
0.993994 0.0121779 0.0101791
0.996997 0.0121381 0.0101483
1 0.0120367 0.0100702
1.003 0.0120536 0.010074
1.00601 0.0120895 0.0101168
1.00901 0.0119724 0.0100299
1.01201 0.0119591 0.00999996
1.01502 0.0120004 0.0100563
1.01802 0.0118169 0.00990197
1.02102 0.0120093 0.0100598
1.02402 0.0116822 0.00981167
1.02703 0.0119001 0.0099663
1.03003 0.011577 0.0097175
1.03303 0.0117332 0.00985401
1.03604 0.0114786 0.00965973
1.03904 0.0117422 0.00985878
1.04204 0.0117214 0.00984452
1.04505 0.0115887 0.00975146
1.04805 0.0114464 0.00963501
1.05105 0.0116059 0.00974373
1.05405 0.0114779 0.00965339
1.05706 0.0113077 0.00953577
1.06006 0.0116208 0.00976332
1.06306 0.0114075 0.00960446
1.06607 0.0114022 0.00960123
1.06907 0.0114542 0.00965328
1.07207 0.0114441 0.00963483
1.07508 0.0113953 0.00960089
1.07808 0.0114125 0.00959441
1.08108 0.0111115 0.00937802
1.08408 0.0112953 0.00952895
1.08709 0.0111864 0.00943872
1.09009 0.0112418 0.00949112
1.09309 0.011266 0.00951483
1.0961 0.0111998 0.00944833
1.0991 0.0110193 0.00931636
1.1021 0.0110781 0.00935844
1.10511 0.0109984 0.00929173
1.10811 0.0108885 0.0092182
1.11111 0.0109053 0.00921376
1.11411 0.0111156 0.00940607
1.11712 0.0111254 0.00940698
1.12012 0.0109492 0.00926361
1.12312 0.0110831 0.00935881
1.12613 0.0107826 0.00913559
1.12913 0.0107742 0.00912584
1.13213 0.0108099 0.00915739
1.13514 0.010857 0.00919384
1.13814 0.0106535 0.00904528
1.14114 0.0106741 0.00905322
1.14414 0.0106982 0.00908023
1.14715 0.0107247 0.00909694
1.15015 0.0108053 0.00916297
1.15315 0.0107237 0.00909811
1.15616 0.0107201 0.0090937
1.15916 0.0107869 0.00914916
1.16216 0.0106481 0.00903613
1.16517 0.0105754 0.00897044
1.16817 0.0106171 0.00901645
1.17117 0.0104708 0.00890418
1.17417 0.0105309 0.00895273
1.17718 0.0105665 0.00898034
1.18018 0.0104529 0.008894
1.18318 0.0103557 0.00882077
1.18619 0.0105035 0.00892193
1.18919 0.0104227 0.00886861
1.19219 0.0104584 0.00890018
1.1952 0.0102444 0.0087317
1.1982 0.0103303 0.00879478
1.2012 0.0103204 0.00879722
1.2042 0.010358 0.00882258
1.20721 0.0101994 0.00869559
1.21021 0.0103913 0.0088634
1.21321 0.0102123 0.00870629
1.21622 0.0101621 0.00866167
1.21922 0.0102296 0.00872042
1.22222 0.0101816 0.00868295
1.22523 0.010183 0.00869157
1.22823 0.0101909 0.00869687
1.23123 0.0101937 0.00870142
1.23423 0.0100436 0.00857096
1.23724 0.0101014 0.00862622
1.24024 0.0100111 0.00855161
1.24324 0.00978542 0.00837423
1.24625 0.00989677 0.00847057
1.24925 0.00995169 0.00851181
1.25225 0.00987918 0.00844378
1.25526 0.00980288 0.00839402
1.25826 0.0097658 0.00836329
1.26126 0.00974185 0.00834163
1.26426 0.00962668 0.00825611
1.26727 0.00986193 0.00844646
1.27027 0.00943757 0.00809488
1.27327 0.00979203 0.00838551
1.27628 0.00967525 0.0082937
1.27928 0.00972929 0.00834314
1.28228 0.00964584 0.00827656
1.28529 0.00965597 0.00827415
1.28829 0.00966372 0.00829524
1.29129 0.00960369 0.00823724
1.29429 0.00974994 0.00835755
1.2973 0.00951748 0.00818256
1.3003 0.00958352 0.00822197
1.3033 0.00956093 0.00820845
1.30631 0.00946723 0.00813872
1.30931 0.00938818 0.00807104
1.31231 0.00946379 0.00812556
1.31532 0.00954816 0.00820323
1.31832 0.00930306 0.00799316
1.32132 0.00946692 0.00813345
1.32432 0.00937861 0.0080615
1.32733 0.00941477 0.00809227
1.33033 0.00939981 0.00808314
1.33333 0.0094891 0.00815801
1.33634 0.00938273 0.00806616
1.33934 0.00920811 0.00792198
1.34234 0.00927144 0.00798006
1.34535 0.00919811 0.0079248
1.34835 0.00925228 0.00797206
1.35135 0.00924881 0.0079661
1.35435 0.00920992 0.00794047
1.35736 0.00914618 0.00789073
1.36036 0.00923783 0.00797435
1.36336 0.00915818 0.00789452
1.36637 0.00915057 0.00789582
1.36937 0.00912883 0.00788037
1.37237 0.00906057 0.00782884
1.37538 0.00908119 0.0078336
1.37838 0.00891748 0.00769928
1.38138 0.00902081 0.00778435
1.38438 0.00887614 0.00767189
1.38739 0.00894894 0.00772867
1.39039 0.0090616 0.0078278
1.39339 0.00891185 0.00769854
1.3964 0.00900717 0.00777701
1.3994 0.00908418 0.00784249
1.4024 0.00882851 0.00763547
1.40541 0.00897062 0.00774758
1.40841 0.00883364 0.00764304
1.41141 0.00888875 0.00768668
1.41441 0.00890901 0.00769757
1.41742 0.00878599 0.00761007
1.42042 0.00884351 0.00765366
1.42342 0.00864413 0.00749096
1.42643 0.00852904 0.00740202
1.42943 0.00873562 0.00756832
1.43243 0.00890441 0.00770826
1.43544 0.00871902 0.00755211
1.43844 0.00869884 0.0075433
1.44144 0.00873231 0.00757002
1.44444 0.00866197 0.00750655
1.44745 0.00852742 0.00740299
1.45045 0.00867634 0.00752596
1.45345 0.0086502 0.00751249
1.45646 0.00859432 0.00746043
1.45946 0.00849254 0.00737357
1.46246 0.00859305 0.00745487
1.46547 0.00870245 0.00755058
1.46847 0.00853189 0.00740481
1.47147 0.00850541 0.00739746
1.47447 0.00845104 0.00734476
1.47748 0.0084866 0.00738186
1.48048 0.00865081 0.00749938
1.48348 0.00843105 0.00732512
1.48649 0.00840676 0.00731354
1.48949 0.00837791 0.00728592
1.49249 0.00840828 0.00731348
1.4955 0.0085116 0.00740165
1.4985 0.00840365 0.0073075
1.5015 0.00833023 0.00725272
1.5045 0.00846725 0.00736103
1.50751 0.008399 0.0073111
1.51051 0.00838049 0.00728576
1.51351 0.00830755 0.00723695
1.51652 0.00809271 0.00706488
1.51952 0.00825371 0.00719095
1.52252 0.00821381 0.00716086
1.52553 0.00817839 0.00713278
1.52853 0.0081501 0.0071028
1.53153 0.00819035 0.00714579
1.53453 0.00792807 0.00693153
1.53754 0.00806851 0.0070433
1.54054 0.00822473 0.00717021
1.54354 0.00821285 0.00716551
1.54655 0.00806601 0.00704764
1.54955 0.00823948 0.00718356
1.55255 0.00823892 0.00718411
1.55556 0.00814839 0.00712168
1.55856 0.00804342 0.00703242
1.56156 0.00795643 0.00694824
1.56456 0.00803695 0.00702597
1.56757 0.00803435 0.00702
1.57057 0.00789807 0.00690808
1.57357 0.00802257 0.00701059
1.57658 0.00799987 0.00697954
1.57958 0.00801934 0.00700792
1.58258 0.00799193 0.00698137
1.58559 0.00801317 0.00700192
1.58859 0.00797298 0.00696278
1.59159 0.00804426 0.00703477
1.59459 0.00787151 0.00689308
1.5976 0.00792387 0.00693308
1.6006 0.00784944 0.00687241
1.6036 0.00779277 0.00682619
1.60661 0.00768718 0.00673497
1.60961 0.00778029 0.0068177
1.61261 0.00785255 0.00688302
1.61562 0.00777794 0.00681719
1.61862 0.00772414 0.00676462
1.62162 0.00773427 0.00677968
1.62462 0.00782668 0.00686149
1.62763 0.00785232 0.00687566
1.63063 0.00762971 0.00668998
1.63363 0.00762975 0.00669224
1.63664 0.0077284 0.00677575
1.63964 0.00777514 0.00681292
1.64264 0.00763505 0.00669628
1.64565 0.00776976 0.00682375
1.64865 0.00760761 0.00668015
1.65165 0.00764508 0.00671024
1.65465 0.00770892 0.0067682
1.65766 0.00759987 0.00666987
1.66066 0.00762556 0.00669589
1.66366 0.00754316 0.00662964
1.66667 0.00753505 0.0066251
1.66967 0.00760107 0.00668043
1.67267 0.00744294 0.00654608
1.67568 0.00758595 0.00666176
1.67868 0.00742468 0.00652759
1.68168 0.00751655 0.00660996
1.68468 0.00739669 0.00650839
1.68769 0.00740387 0.00651763
1.69069 0.00747977 0.00657682
1.69369 0.00736446 0.00648037
1.6967 0.00748489 0.00658091
1.6997 0.00744879 0.00655382
1.7027 0.00750467 0.0066017
1.70571 0.00731566 0.00644014
1.70871 0.00749438 0.00659764
1.71171 0.00740291 0.00652084
1.71471 0.00743442 0.00654214
1.71772 0.00734432 0.00647205
1.72072 0.00732195 0.00644579
1.72372 0.00727125 0.00640838
1.72673 0.00715839 0.00631897
1.72973 0.00731203 0.00644883
1.73273 0.00736573 0.00649513
1.73574 0.0072713 0.00640435
1.73874 0.0071757 0.00633203
1.74174 0.00715229 0.00631698
1.74474 0.00726188 0.00640437
1.74775 0.00726879 0.00640433
1.75075 0.00722299 0.00637533
1.75375 0.00734016 0.00647394
1.75676 0.00717106 0.00632958
1.75976 0.00723529 0.00638588
1.76276 0.00708657 0.00626311
1.76577 0.0072117 0.0063607
1.76877 0.00714971 0.00631039
1.77177 0.00707349 0.00624619
1.77477 0.00708054 0.00625598
1.77778 0.00704439 0.0062278
1.78078 0.00706464 0.00623704
1.78378 0.007153 0.00631885
1.78679 0.00713396 0.00630122
1.78979 0.00713671 0.00630368
1.79279 0.00703112 0.0062163
1.7958 0.00705272 0.00623172
1.7988 0.00707588 0.00625639
1.8018 0.00702823 0.00621861
1.8048 0.00693118 0.00612958
1.80781 0.00695202 0.00615443
1.81081 0.00692541 0.00613077
1.81381 0.00700593 0.00620307
1.81682 0.00699657 0.0061952
1.81982 0.00690124 0.00611648
1.82282 0.00705346 0.0062431
1.82583 0.00690335 0.00611667
1.82883 0.00697194 0.00617387
1.83183 0.00690492 0.00611415
1.83483 0.00683895 0.00606483
1.83784 0.0070057 0.00619936
1.84084 0.00695531 0.0061544
1.84384 0.00679846 0.00602901
1.84685 0.0068296 0.00605873
1.84985 0.00679911 0.00602957
1.85285 0.00687188 0.0060853
1.85586 0.00676443 0.00600252
1.85886 0.00674859 0.00598762
1.86186 0.00680677 0.00603286
1.86486 0.00672986 0.00597591
1.86787 0.00676385 0.00599801
1.87087 0.00679187 0.00602468
1.87387 0.00663594 0.00589213
1.87688 0.00663352 0.00589338
1.87988 0.00670312 0.00595222
1.88288 0.00667462 0.00592517
1.88589 0.00667813 0.00593359
1.88889 0.0066479 0.00590653
1.89189 0.00666875 0.00592143
1.89489 0.00662475 0.00588716
1.8979 0.00669117 0.00594588
1.9009 0.00666166 0.00591728
1.9039 0.00663181 0.00588742
1.90691 0.00664128 0.00590351
1.90991 0.0066042 0.00587013
1.91291 0.00653583 0.00581164
1.91592 0.00655912 0.00583927
1.91892 0.00655323 0.0058322
1.92192 0.00657389 0.00584566
1.92492 0.00664428 0.00590847
1.92793 0.0066097 0.00587844
1.93093 0.00651428 0.00579502
1.93393 0.00648501 0.0057744
1.93694 0.00643147 0.00572508
1.93994 0.00660013 0.00587347
1.94294 0.00649525 0.00577598
1.94595 0.0064415 0.00573675
1.94895 0.00647189 0.00576295
1.95195 0.0064804 0.00577627
1.95495 0.00646105 0.00575988
1.95796 0.0063781 0.00568668
1.96096 0.00642208 0.00572343
1.96396 0.00651183 0.00579653
1.96697 0.00646577 0.00575887
1.96997 0.00634954 0.00566075
1.97297 0.00646274 0.00575785
1.97598 0.00639925 0.00570549
1.97898 0.00625089 0.00557813
1.98198 0.00635813 0.00566887
1.98498 0.0063772 0.00568594
1.98799 0.00633439 0.00565027
1.99099 0.0063324 0.00564594
1.99399 0.00633772 0.00565249
1.997 0.00629001 0.00561453
2 0.0062517 0.00558315
2.003 0.0063257 0.00564371
2.00601 0.00630448 0.00562125
2.00901 0.00641587 0.00572555
2.01201 0.00636282 0.00567767
2.01502 0.00621796 0.00555765
2.01802 0.00628346 0.00560805
2.02102 0.00625606 0.00558947
2.02402 0.00628673 0.00561408
2.02703 0.00614078 0.0054914
2.03003 0.00631012 0.00563572
2.03303 0.0062322 0.00556017
2.03604 0.00612625 0.00547843
2.03904 0.00626147 0.00559166
2.04204 0.00616356 0.00550746
2.04505 0.00618533 0.00552542
2.04805 0.00620794 0.0055454
2.05105 0.00621013 0.0055539
2.05405 0.00603749 0.00540252
2.05706 0.00620522 0.00554774
2.06006 0.00605193 0.00541618
2.06306 0.00612618 0.00547857
2.06607 0.00614873 0.00550042
2.06907 0.00599769 0.00536793
2.07207 0.00604981 0.00541393
2.07508 0.00603143 0.00540325
2.07808 0.00604069 0.00540772
2.08108 0.00604359 0.00541965
2.08408 0.00595689 0.0053393
2.08709 0.00604377 0.00541326
2.09009 0.00611184 0.00547453
2.09309 0.00594941 0.00533383
2.0961 0.00600163 0.00537435
2.0991 0.00596158 0.00534172
2.1021 0.00601504 0.00538885
2.10511 0.00598155 0.00535898
2.10811 0.00605733 0.00542419
2.11111 0.00598608 0.00536375
2.11411 0.00595034 0.00533464
2.11712 0.00591103 0.00530172
2.12012 0.00587819 0.00527146
2.12312 0.00596455 0.00534554
2.12613 0.00589354 0.00527875
2.12913 0.00582174 0.00522687
2.13213 0.00587471 0.005278
2.13514 0.00588938 0.00528235
2.13814 0.00579174 0.00520111
2.14114 0.00602916 0.00540413
2.14414 0.00585705 0.0052588
2.14715 0.00581348 0.0052195
2.15015 0.00590683 0.0052984
2.15315 0.00582061 0.00522938
2.15616 0.00579372 0.00520008
2.15916 0.005733 0.0051554
2.16216 0.00577695 0.00519153
2.16517 0.00577722 0.00518734
2.16817 0.00575918 0.00517102
2.17117 0.00591941 0.00531105
2.17417 0.00578556 0.00519626
2.17718 0.00579133 0.00520541
2.18018 0.00576731 0.00518276
2.18318 0.0057937 0.00520597
2.18619 0.0058263 0.00522889
2.18919 0.00569185 0.00511453
2.19219 0.00570831 0.0051345
2.1952 0.00569676 0.00512993
2.1982 0.00570335 0.00512407
2.2012 0.00572059 0.00514458
2.2042 0.00570956 0.00514094
2.20721 0.0056004 0.00503853
2.21021 0.00563535 0.00507182
2.21321 0.00567708 0.00510388
2.21622 0.00562723 0.00506408
2.21922 0.00567627 0.00510841
2.22222 0.00565201 0.00509175
2.22523 0.00562896 0.00506728
2.22823 0.00567596 0.00510336
2.23123 0.00563605 0.00507282
2.23423 0.00556637 0.00501734
2.23724 0.00555279 0.00500245
2.24024 0.00566847 0.0051041
2.24324 0.00559406 0.00504199
2.24625 0.00559032 0.00503789
2.24925 0.00557125 0.00502154
2.25225 0.00560573 0.00505149
2.25526 0.00550033 0.00496012
2.25826 0.0056079 0.00505121
2.26126 0.00554618 0.00499659
2.26426 0.00552422 0.00498035
2.26727 0.00551964 0.00497603
2.27027 0.00549498 0.00495455
2.27327 0.0054654 0.00493315
2.27628 0.00560597 0.00505159
2.27928 0.00547803 0.00493818
2.28228 0.00550014 0.00496173
2.28529 0.00543944 0.00490853
2.28829 0.00542314 0.00489491
2.29129 0.00539647 0.00487318
2.29429 0.00552186 0.00498339
2.2973 0.00552598 0.00498501
2.3003 0.00536263 0.0048457
2.3033 0.00540731 0.00488454
2.30631 0.00547669 0.00494358
2.30931 0.00533803 0.00482366
2.31231 0.00533513 0.00482482
2.31532 0.00540622 0.00488516
2.31832 0.00534152 0.00483007
2.32132 0.00531571 0.00480948
2.32432 0.0054021 0.00488137
2.32733 0.00541283 0.00488926
2.33033 0.00533496 0.00482107
2.33333 0.00535936 0.0048416
2.33634 0.00531439 0.00480367
2.33934 0.00536342 0.00484956
2.34234 0.00527395 0.00477275
2.34535 0.00529117 0.00478185
2.34835 0.00527348 0.00477495
2.35135 0.00533752 0.00482101
2.35435 0.00526849 0.00476733
2.35736 0.0052496 0.00474972
2.36036 0.00527057 0.00476826
2.36336 0.00528035 0.00477772
2.36637 0.00529435 0.00478918
2.36937 0.00519634 0.00470535
2.37237 0.00532086 0.00480681
2.37538 0.00526669 0.00476531
2.37838 0.0052214 0.00472701
2.38138 0.00527225 0.00477155
2.38438 0.00532167 0.00481496
2.38739 0.00522959 0.00473471
2.39039 0.00524264 0.00474421
2.39339 0.00530423 0.00480163
2.3964 0.0052397 0.00474329
2.3994 0.00522718 0.00473507
2.4024 0.0052162 0.00472124
2.40541 0.0052331 0.00473912
2.40841 0.00516968 0.00467999
2.41141 0.00521385 0.00472318
2.41441 0.00513109 0.00465219
2.41742 0.00522668 0.00473583
2.42042 0.00509575 0.00462199
2.42342 0.00511176 0.00463867
2.42643 0.00513987 0.00466079
2.42943 0.00517025 0.00468266
2.43243 0.00508728 0.00461648
2.43544 0.0050808 0.00460524
2.43844 0.0050828 0.00461099
2.44144 0.00515493 0.0046719
2.44444 0.00505104 0.00458423
2.44745 0.0051572 0.00467491
2.45045 0.00501721 0.00455407
2.45345 0.0051241 0.00465041
2.45646 0.00501799 0.00455418
2.45946 0.00516388 0.00468651
2.46246 0.0050027 0.00453987
2.46547 0.00514346 0.0046635
2.46847 0.00503401 0.00457111
2.47147 0.00504487 0.00457981
2.47447 0.00509763 0.00462265
2.47748 0.00505573 0.00458871
2.48048 0.00508469 0.00461594
2.48348 0.00501416 0.00455146
2.48649 0.00506677 0.00459737
2.48949 0.00500777 0.00455247
2.49249 0.00499453 0.00453798
2.4955 0.00506717 0.00460015
2.4985 0.00506 0.00459178
2.5015 0.00502855 0.00456633
2.5045 0.00496991 0.00451457
2.50751 0.00499697 0.0045393
2.51051 0.00494717 0.00449563
2.51351 0.00490724 0.00446223
2.51652 0.0050317 0.00457207
2.51952 0.00485848 0.00441957
2.52252 0.00490844 0.00446259
2.52553 0.00489086 0.0044476
2.52853 0.00496893 0.00451517
2.53153 0.00495159 0.00450345
2.53453 0.00493122 0.00448542
2.53754 0.00492269 0.00447863
2.54054 0.00487958 0.00443851
2.54354 0.00483238 0.00439934
2.54655 0.00483786 0.00440183
2.54955 0.00493056 0.00448635
2.55255 0.00488738 0.00445033
2.55556 0.00486823 0.00443254
2.55856 0.00487364 0.00443512
2.56156 0.00489698 0.00445539
2.56456 0.004926 0.00448456
2.56757 0.00488479 0.00444539
2.57057 0.00491433 0.00447043
2.57357 0.00483304 0.00440015
2.57658 0.00485513 0.0044214
2.57958 0.00479614 0.004367
2.58258 0.0048304 0.00439724
2.58559 0.00477909 0.00435512
2.58859 0.00486557 0.00442845
2.59159 0.00478631 0.00436192
2.59459 0.0048178 0.00438794
2.5976 0.00479711 0.00436735
2.6006 0.00473324 0.0043166
2.6036 0.00468932 0.00427381
2.60661 0.00469901 0.00428666
2.60961 0.00477467 0.00435599
2.61261 0.00479571 0.0043685
2.61562 0.00476274 0.00433968
2.61862 0.00473744 0.0043165
2.62162 0.00474099 0.00432076
2.62462 0.0047824 0.00436091
2.62763 0.00474601 0.00432538
2.63063 0.00474578 0.00432812
2.63363 0.00470457 0.00429099
2.63664 0.00469169 0.00427918
2.63964 0.00471624 0.00430102
2.64264 0.00472441 0.00430878
2.64565 0.00465514 0.00424586
2.64865 0.0046281 0.00422069
2.65165 0.004702 0.00429103
2.65465 0.00470569 0.00429408
2.65766 0.00461662 0.0042147
2.66066 0.0046521 0.00424651
2.66366 0.00466094 0.00425281
2.66667 0.00459869 0.00420086
2.66967 0.00460656 0.0042041
2.67267 0.00463479 0.00423233
2.67568 0.00460367 0.00420501
2.67868 0.00457985 0.00418155
2.68168 0.00461261 0.00421176
2.68468 0.00468723 0.00427932
2.68769 0.00468065 0.00427056
2.69069 0.00458822 0.00419192
2.69369 0.00460211 0.00420298
2.6967 0.00467467 0.00426668
2.6997 0.0046468 0.00424331
2.7027 0.00461137 0.00420927
2.70571 0.00457277 0.0041796
2.70871 0.00456369 0.00416738
2.71171 0.00453662 0.00414711
2.71471 0.00456731 0.00417236
2.71772 0.00456303 0.00416985
2.72072 0.00440443 0.00403029
2.72372 0.00457998 0.00418421
2.72673 0.00462711 0.00422797
2.72973 0.00453291 0.00414696
2.73273 0.00453752 0.0041457
2.73574 0.00452627 0.00413971
2.73874 0.00447927 0.00409758
2.74174 0.00445676 0.004077
2.74474 0.00447834 0.00409456
2.74775 0.00453315 0.00414664
2.75075 0.00452194 0.00413717
2.75375 0.00441317 0.0040413
2.75676 0.00454992 0.00415981
2.75976 0.00447429 0.00409379
2.76276 0.00451718 0.00413184
2.76577 0.00447707 0.00409694
2.76877 0.00444199 0.004065
2.77177 0.00448435 0.00410542
2.77477 0.0044444 0.00406765
2.77778 0.00449282 0.00411475
2.78078 0.00439722 0.00402505
2.78378 0.00446382 0.00408314
2.78679 0.0044857 0.0041085
2.78979 0.00441774 0.00404804
2.79279 0.00442738 0.00405418
2.7958 0.00438349 0.00401729
2.7988 0.00451239 0.00413344
2.8018 0.00440497 0.0040365
2.8048 0.00439246 0.00402376
2.80781 0.00434032 0.00397872
2.81081 0.00440318 0.00403588
2.81381 0.00437412 0.00400844
2.81682 0.00437306 0.00400604
2.81982 0.00439993 0.0040309
2.82282 0.00433403 0.00397446
2.82583 0.0043212 0.00396262
2.82883 0.00435304 0.0039911
2.83183 0.00433534 0.00397292
2.83483 0.00440668 0.00403666
2.83784 0.00435025 0.00399098
2.84084 0.00427659 0.00392309
2.84384 0.00433961 0.00397876
2.84685 0.00431037 0.00395202
2.84985 0.00431879 0.00396035
2.85285 0.00429128 0.00393775
2.85586 0.00430729 0.00395058
2.85886 0.00432701 0.00397043
2.86186 0.00429143 0.00393872
2.86486 0.00433995 0.00398204
2.86787 0.00424083 0.00389316
2.87087 0.00425532 0.00390531
2.87387 0.00427455 0.00392441
2.87688 0.00430252 0.00394674
2.87988 0.00427198 0.00392233
2.88288 0.00425248 0.00390359
2.88589 0.00424917 0.00390139
2.88889 0.00430134 0.00394507
2.89189 0.00419948 0.00385913
2.89489 0.0041738 0.00383318
2.8979 0.00422165 0.00387918
2.9009 0.00424777 0.0039006
2.9039 0.00417971 0.00383903
2.90691 0.00426683 0.00391655
2.90991 0.00418681 0.00384625
2.91291 0.00420685 0.00386648
2.91592 0.00418077 0.00384278
2.91892 0.00423461 0.00388977
2.92192 0.00422134 0.00387714
2.92492 0.00421622 0.00387581
2.92793 0.00418787 0.00384856
2.93093 0.00418593 0.00384968
2.93393 0.00409742 0.00376659
2.93694 0.00420146 0.00385912
2.93994 0.00417618 0.00383819
2.94294 0.00420346 0.00386397
2.94595 0.00418197 0.00384625
2.94895 0.0041629 0.00382539
2.95195 0.00406151 0.003739
2.95495 0.0041615 0.00382646
2.95796 0.00417158 0.00383487
2.96096 0.00407934 0.0037549
2.96396 0.00408462 0.00376132
2.96697 0.00412615 0.00379515
2.96997 0.00412829 0.00379699
2.97297 0.00415195 0.00382025
2.97598 0.00409885 0.00376895
2.97898 0.00422974 0.00388526
2.98198 0.00414029 0.00381066
2.98498 0.00407186 0.00375155
2.98799 0.00412321 0.00379273
2.99099 0.0040873 0.00376003
2.99399 0.00407062 0.0037486
2.997 0.00406681 0.00374592
3 0.00405995 0.00373747
