0.0035 0.154275 0.073354 131.065
0.007 0.130608 0.0670171 65.5531
0.0105 0.117115 0.0626586 43.7008
0.014 0.10817 0.059432 32.7682
0.0175 0.101328 0.0568062 26.2149
0.021 0.095737 0.0546013 21.8449
0.0245 0.0912648 0.0527811 18.7268
0.028 0.0874099 0.0511465 16.3865
0.0315 0.0842748 0.0497837 14.5625
0.035 0.081231 0.0484893 13.108
0.0385 0.0786808 0.0473464 11.9174
0.042 0.0763912 0.0463491 10.9227
0.0455 0.0733337 0.0446895 10.1085
0.049 0.0713576 0.0437649 9.35368
0.0525 0.0691233 0.0426735 8.70036
0.056 0.0672223 0.0417531 8.13038
0.0595 0.0654863 0.0408923 7.62775
0.063 0.0638851 0.0400854 7.18244
0.0665 0.0624364 0.0393428 6.78259
0.07 0.0609764 0.0386086 6.4246
0.0735 0.0595817 0.0379201 6.10195
0.077 0.0584785 0.037343 5.80772
0.0805 0.0572091 0.0366982 5.53948
0.084 0.0561586 0.0361623 5.29371
0.0875 0.0551304 0.0356358 5.06894
0.091 0.0541334 0.0351311 4.86113
0.0945 0.0532436 0.0346617 4.66957
0.098 0.0522999 0.0341848 4.49108
0.1015 0.0514555 0.0337458 4.32542
0.105 0.0506128 0.0333146 4.17001
0.1085 0.0498509 0.032917 4.02607
0.112 0.049093 0.0325084 3.89021
0.1155 0.0484017 0.0321521 3.76377
0.119 0.0477551 0.031808 3.64481
0.1225 0.0470103 0.0314203 3.53163
0.126 0.0464007 0.0310879 3.42564
0.1295 0.0457892 0.0307579 3.32622
0.133 0.0452219 0.0304562 3.23096
0.1365 0.0446451 0.0301618 3.1413
0.14 0.0441598 0.0298918 3.05592
0.1435 0.043542 0.0295615 2.97447
0.147 0.0429732 0.0292501 2.89746
0.1505 0.0425403 0.0290235 2.82377
0.154 0.0419922 0.028723 2.75391
0.1575 0.0414935 0.0284511 2.68686
0.161 0.0410625 0.0282144 2.62315
0.1645 0.0406495 0.0279781 2.56183
0.168 0.0401574 0.0277227 2.50345
0.1715 0.0397465 0.0274961 2.44779
0.175 0.0393286 0.0272623 2.39402
0.1785 0.0388921 0.0270147 2.34202
0.182 0.0384518 0.0267727 2.29231
0.1855 0.0380931 0.0265774 2.24476
0.189 0.0376873 0.0263445 2.19922
0.1925 0.0373495 0.0261563 2.15498
0.196 0.036984 0.0259554 2.11256
0.1995 0.0366632 0.0257741 2.07127
0.203 0.036224 0.0255332 2.03162
