0.0001 0.279579 0.0842384 4587.58
0.00185 0.177176 0.0779373 247.969
0.0036 0.153248 0.0731675 127.425
0.00535 0.139584 0.0697023 85.7552
0.0071 0.130614 0.0669725 64.6225
0.00885 0.12279 0.0645735 51.8449
0.0106 0.116995 0.0625742 43.2855
0.01235 0.112412 0.0609638 37.1467
0.0141 0.107597 0.0592193 32.5349
0.01585 0.104316 0.0579978 28.943
0.0176 0.100776 0.0566202 26.0678
0.01935 0.0981959 0.0555736 23.7067
0.0211 0.0959069 0.0546356 21.7422
0.02285 0.0936713 0.0537632 20.0754
0.0246 0.091035 0.0527179 18.6492
0.02635 0.0893218 0.0519348 17.4116
0.0281 0.087353 0.051103 16.3294
0.02985 0.0858769 0.0504792 15.368
0.0316 0.0843035 0.049842 14.5193
0.03335 0.0822964 0.048955 13.7553
0.0351 0.0813976 0.04854 13.0704
0.03685 0.0798774 0.0478851 12.4484
0.0386 0.0787224 0.0473708 11.8873
0.04035 0.0777073 0.0468973 11.3715
0.0421 0.0763938 0.0463004 10.8981
0.04385 0.0752951 0.04586 10.4617
0.0456 0.0734204 0.0447458 10.0851
0.04735 0.0722232 0.0442289 9.69355
0.0491 0.0710779 0.0436518 9.33392
0.05085 0.0700942 0.0431748 8.99721
0.0526 0.069021 0.0426676 8.68354
0.05435 0.0684362 0.0423106 8.39047
0.0561 0.0671407 0.0417213 8.11591
0.05785 0.0662511 0.0412442 7.85569
0.0596 0.0654489 0.0408368 7.61523
0.06135 0.0647033 0.0404859 7.38609
0.0631 0.0640825 0.040192 7.16939
0.06485 0.0632782 0.03975 6.96608
0.0666 0.0624798 0.0393548 6.77302
0.06835 0.0618588 0.0390568 6.58933
0.0701 0.0609742 0.0386072 6.41616
0.07185 0.060268 0.0382382 6.25081
0.0736 0.059501 0.0378566 6.09269
0.07535 0.0589596 0.037613 5.94299
0.0771 0.0583043 0.0372767 5.79937
0.07885 0.0574372 0.0368188 5.66307
0.0806 0.0572805 0.0367478 5.53193
0.08235 0.056498 0.0363448 5.40719
0.0841 0.0562189 0.0361332 5.2884
0.08585 0.0556955 0.0359115 5.17365
0.0876 0.0552054 0.0356957 5.0627
0.08935 0.0544228 0.035285 4.95672
0.0911 0.0541249 0.0351392 4.85542
0.09285 0.0535418 0.0348301 4.75712
0.0946 0.0533525 0.0347227 4.66434
0.09635 0.0527747 0.0344193 4.57278
0.0981 0.0522523 0.0341811 4.48627
0.09985 0.0516605 0.0338477 4.40196
0.1016 0.0514016 0.0337221 4.31975
0.10335 0.0510807 0.0335326 4.24194
0.1051 0.0506582 0.0333283 4.16592
0.10685 0.0501066 0.033065 4.09275
0.1086 0.049932 0.0329549 4.02228
0.11035 0.0494563 0.0326872 3.95325
0.1121 0.0489472 0.03244 3.88669
0.11385 0.0487867 0.032353 3.82248
0.1156 0.0482994 0.0321167 3.7605
0.11735 0.0480175 0.0319458 3.69959
0.1191 0.047677 0.0317561 3.64073
0.12085 0.0472996 0.0315705 3.58383
0.1226 0.047196 0.0315013 3.52879
0.12435 0.0466463 0.0312154 3.47553
0.1261 0.0462861 0.0310365 3.42299
0.12785 0.0461361 0.0309492 3.37211
0.1296 0.0457269 0.030728 3.3228
0.13135 0.0454349 0.0305834 3.275
0.1331 0.0452167 0.0304798 3.22864
0.13485 0.0450421 0.0303665 3.18276
0.1366 0.0447081 0.0301797 3.13824
0.13835 0.0444756 0.0300498 3.095
0.1401 0.0440337 0.0298171 3.05301
0.14185 0.0435016 0.0295794 3.0122
0.1436 0.0433768 0.0294964 2.97254
0.14535 0.0430058 0.0292721 2.93315
0.1471 0.0430339 0.02928 2.89565
0.14885 0.0427404 0.0291184 2.85835
0.1506 0.0425173 0.0290052 2.82206
0.15235 0.0421638 0.028819 2.78672
0.1541 0.0419817 0.0287365 2.7523
0.15585 0.0417192 0.028564 2.718
0.1576 0.0414923 0.0284433 2.68534
0.15935 0.0412364 0.0282944 2.65275
0.1611 0.0408867 0.0281289 2.62171
0.16285 0.0407424 0.0280255 2.59071
0.1646 0.0405927 0.0279559 2.56047
0.16635 0.0402302 0.0277635 2.53096
0.1681 0.0401161 0.0276958 2.50216
0.16985 0.0400368 0.0276556 2.47335
0.1716 0.0397238 0.0274922 2.44589
0.17335 0.0395479 0.0273945 2.41907
0.1751 0.0394517 0.0273306 2.3922
0.17685 0.0392224 0.0272108 2.36594
0.1786 0.0389703 0.0270528 2.34092
0.18035 0.0387216 0.0269484 2.31582
0.1821 0.0383854 0.0267498 2.29127
0.18385 0.0382678 0.0266767 2.26726
0.1856 0.0382186 0.0266521 2.24376
0.18735 0.0378207 0.0264288 2.22016
0.1891 0.0376473 0.026317 2.19767
0.19085 0.0375532 0.026267 2.17565
0.1926 0.037312 0.0261278 2.15349
0.19435 0.0372653 0.0261103 2.13238
0.1961 0.0370531 0.0259841 2.11112
0.19785 0.0369046 0.0258952 2.0903
0.1996 0.036479 0.0256668 2.06989
0.20135 0.0365014 0.0256832 2.05046
0.2031 0.0364821 0.025652 2.03085
