0.0001 2.21279
0.00185 0.795688
0.0036 0.596236
0.00535 0.493913
0.0071 0.427815
0.00885 0.380237
0.0106 0.343788
0.01235 0.31462
0.0141 0.29061
0.01585 0.270429
0.0176 0.253186
0.01935 0.238156
0.0211 0.224981
0.02285 0.213295
0.0246 0.202833
0.02635 0.193465
0.0281 0.184951
0.02985 0.177158
0.0316 0.170121
0.03335 0.163566
0.0351 0.157579
0.03685 0.152006
0.0386 0.146882
0.04035 0.142094
0.0421 0.137613
0.04385 0.133401
0.0456 0.129833
0.04735 0.125873
0.0491 0.12219
0.05085 0.118672
0.0526 0.115345
0.05435 0.112188
0.0561 0.109219
0.05785 0.106348
0.0596 0.103688
0.06135 0.101102
0.0631 0.0986218
0.06485 0.096309
0.0666 0.0940825
0.06835 0.091935
0.0701 0.0898983
0.07185 0.0879267
0.0736 0.0860141
0.07535 0.0842244
0.0771 0.0824522
0.07885 0.0807928
0.0806 0.079172
0.08235 0.0776244
0.0841 0.0761455
0.08585 0.0747248
0.0876 0.0732991
0.08935 0.0719622
0.0911 0.0706512
0.09285 0.0693871
0.0946 0.0682085
0.09635 0.0670068
0.0981 0.065886
0.09985 0.0648026
0.1016 0.0636975
0.10335 0.0626662
0.1051 0.0616676
0.10685 0.060705
0.1086 0.0597481
0.11035 0.0588193
0.1121 0.0579224
0.11385 0.0570559
0.1156 0.056219
0.11735 0.0554049
0.1191 0.0545894
0.12085 0.0538002
0.1226 0.0530639
0.12435 0.0523234
0.1261 0.0516013
0.12785 0.0509013
0.1296 0.0502228
0.13135 0.0495371
0.1331 0.0488988
