0.003003 2.14755
0.00600601 1.98597
0.00900901 1.91217
0.012012 1.84959
0.015015 1.79442
0.018018 1.7748
0.021021 1.75649
0.024024 1.73102
0.027027 1.70968
0.03003 1.70488
0.033033 1.68882
0.036036 1.67999
0.039039 1.65357
0.042042 1.65377
0.045045 1.63944
0.048048 1.63438
0.0510511 1.62054
0.0540541 1.61889
0.0570571 1.60722
0.0600601 1.59699
0.0630631 1.59004
0.0660661 1.58036
0.0690691 1.58591
0.0720721 1.57257
0.0750751 1.56419
0.0780781 1.56329
0.0810811 1.55386
0.0840841 1.54828
0.0870871 1.54378
0.0900901 1.53486
0.0930931 1.53798
0.0960961 1.53419
0.0990991 1.52844
0.102102 1.52499
0.105105 1.51702
0.108108 1.52198
0.111111 1.51028
0.114114 1.50451
0.117117 1.50494
0.12012 1.50022
0.123123 1.49258
0.126126 1.48704
0.129129 1.49451
0.132132 1.4851
0.135135 1.48228
0.138138 1.47994
0.141141 1.47038
0.144144 1.47384
0.147147 1.4736
0.15015 1.46549
0.153153 1.4637
0.156156 1.46358
0.159159 1.45295
0.162162 1.45736
0.165165 1.45159
0.168168 1.445
0.171171 1.44946
0.174174 1.44437
0.177177 1.44335
0.18018 1.44281
0.183183 1.43597
0.186186 1.4323
0.189189 1.42857
0.192192 1.4275
0.195195 1.42122
0.198198 1.42466
0.201201 1.41809
0.204204 1.41849
0.207207 1.41739
0.21021 1.41575
0.213213 1.41017
0.216216 1.41235
0.219219 1.40474
0.222222 1.41265
0.225225 1.39829
0.228228 1.40396
0.231231 1.40141
0.234234 1.40007
0.237237 1.39701
0.24024 1.39684
0.243243 1.39105
0.246246 1.39363
0.249249 1.38601
0.252252 1.38629
0.255255 1.38351
0.258258 1.38391
0.261261 1.3829
0.264264 1.38077
0.267267 1.37616
0.27027 1.37887
0.273273 1.37552
0.276276 1.37129
0.279279 1.36965
0.282282 1.36373
0.285285 1.36489
0.288288 1.36838
0.291291 1.36337
0.294294 1.3605
0.297297 1.36218
0.3003 1.36001
0.303303 1.36001
0.306306 1.35325
0.309309 1.35691
0.312312 1.35597
0.315315 1.35449
0.318318 1.35542
0.321321 1.3519
0.324324 1.35187
0.327327 1.35153
0.33033 1.34884
0.333333 1.34323
0.336336 1.34538
0.339339 1.33692
0.342342 1.3393
0.345345 1.34018
0.348348 1.33771
0.351351 1.33624
0.354354 1.34025
0.357357 1.33537
0.36036 1.33472
0.363363 1.3291
0.366366 1.32987
0.369369 1.33517
0.372372 1.33038
0.375375 1.32209
0.378378 1.32285
0.381381 1.32349
0.384384 1.32489
0.387387 1.32445
0.39039 1.32476
0.393393 1.32383
0.396396 1.32128
0.399399 1.31853
0.402402 1.31411
0.405405 1.31902
0.408408 1.31314
0.411411 1.31406
0.414414 1.31235
0.417417 1.31102
0.42042 1.30848
0.423423 1.31113
0.426426 1.31041
0.429429 1.3074
0.432432 1.30866
0.435435 1.30213
0.438438 1.30617
0.441441 1.30765
0.444444 1.30332
0.447447 1.29908
0.45045 1.29963
0.453453 1.30244
0.456456 1.30227
0.459459 1.29931
0.462462 1.29643
0.465465 1.29762
0.468468 1.29317
0.471471 1.29239
0.474474 1.29423
0.477477 1.29694
0.48048 1.29177
0.483483 1.28956
0.486486 1.29136
0.489489 1.29251
0.492492 1.29084
0.495495 1.28736
0.498498 1.28259
0.501502 1.28455
0.504505 1.28615
0.507508 1.28256
0.510511 1.28109
0.513514 1.28012
0.516517 1.28137
0.51952 1.27895
0.522523 1.2773
0.525526 1.28083
0.528529 1.28034
0.531532 1.27556
0.534535 1.27305
0.537538 1.27348
0.540541 1.27515
0.543544 1.27641
0.546547 1.27415
0.54955 1.27389
0.552553 1.27424
0.555556 1.27239
0.558559 1.26842
0.561562 1.26471
0.564565 1.27132
0.567568 1.27008
0.570571 1.26903
0.573574 1.26741
0.576577 1.26766
0.57958 1.26479
0.582583 1.26632
0.585586 1.26202
0.588589 1.26252
0.591592 1.26232
0.594595 1.26346
0.597598 1.2605
0.600601 1.25915
0.603604 1.25948
0.606607 1.25845
0.60961 1.26143
0.612613 1.25732
0.615616 1.25661
0.618619 1.25825
0.621622 1.2564
0.624625 1.25385
0.627628 1.2565
0.630631 1.25381
0.633634 1.25512
0.636637 1.25306
0.63964 1.25148
0.642643 1.24849
0.645646 1.25237
0.648649 1.24954
0.651652 1.25176
0.654655 1.24638
0.657658 1.24964
0.660661 1.24607
0.663664 1.24483
0.666667 1.24679
0.66967 1.24819
0.672673 1.24711
0.675676 1.24567
0.678679 1.24534
0.681682 1.24511
0.684685 1.24516
0.687688 1.24188
0.690691 1.24514
0.693694 1.23961
0.696697 1.2403
0.6997 1.23987
0.702703 1.2365
0.705706 1.23905
0.708709 1.23484
0.711712 1.23896
0.714715 1.23765
0.717718 1.23717
0.720721 1.23715
0.723724 1.23346
0.726727 1.23167
0.72973 1.23709
0.732733 1.23667
0.735736 1.23322
0.738739 1.23327
0.741742 1.23564
0.744745 1.22995
0.747748 1.2314
0.750751 1.23173
0.753754 1.23087
0.756757 1.23152
0.75976 1.23022
0.762763 1.22711
0.765766 1.22689
0.768769 1.22622
0.771772 1.22633
0.774775 1.22843
0.777778 1.22707
0.780781 1.22755
0.783784 1.22612
0.786787 1.2264
0.78979 1.22164
0.792793 1.22566
0.795796 1.22174
0.798799 1.22141
0.801802 1.22266
0.804805 1.22301
0.807808 1.2219
0.810811 1.22079
0.813814 1.21898
0.816817 1.21982
0.81982 1.22161
0.822823 1.22011
0.825826 1.21756
0.828829 1.2191
0.831832 1.21591
0.834835 1.2195
0.837838 1.21664
0.840841 1.21693
0.843844 1.21664
0.846847 1.21352
0.84985 1.21371
0.852853 1.2138
0.855856 1.21486
0.858859 1.21382
0.861862 1.21438
0.864865 1.21522
0.867868 1.21129
0.870871 1.21116
0.873874 1.2108
0.876877 1.21216
0.87988 1.21035
0.882883 1.2102
0.885886 1.21146
0.888889 1.20906
0.891892 1.20907
0.894895 1.20947
0.897898 1.20848
0.900901 1.20751
0.903904 1.20637
0.906907 1.20605
0.90991 1.20838
0.912913 1.20848
0.915916 1.20487
0.918919 1.20464
0.921922 1.20402
0.924925 1.20413
0.927928 1.20592
0.930931 1.20738
0.933934 1.20361
0.936937 1.20068
0.93994 1.20312
0.942943 1.20211
0.945946 1.20154
0.948949 1.2013
0.951952 1.20032
0.954955 1.20144
0.957958 1.20159
0.960961 1.19885
0.963964 1.19976
0.966967 1.20074
0.96997 1.19914
0.972973 1.1992
0.975976 1.1985
0.978979 1.1971
0.981982 1.19871
0.984985 1.19898
0.987988 1.19778
0.990991 1.19629
0.993994 1.19636
0.996997 1.19607
1 1.19528
1.003 1.19651
1.00601 1.19499
1.00901 1.19367
1.01201 1.19591
1.01502 1.19332
1.01802 1.19339
1.02102 1.19379
1.02402 1.19064
1.02703 1.19403
1.03003 1.19136
1.03303 1.1907
1.03604 1.18829
1.03904 1.19104
1.04204 1.19065
1.04505 1.18841
1.04805 1.188
1.05105 1.19111
1.05405 1.189
1.05706 1.18582
1.06006 1.19025
1.06306 1.18773
1.06607 1.18758
1.06907 1.18656
1.07207 1.18778
1.07508 1.1869
1.07808 1.18949
1.08108 1.18484
1.08408 1.18537
1.08709 1.18516
1.09009 1.18445
1.09309 1.18405
1.0961 1.18537
1.0991 1.18279
1.1021 1.18375
1.10511 1.18368
1.10811 1.1812
1.11111 1.18359
1.11411 1.18175
1.11712 1.18267
1.12012 1.18196
1.12312 1.18424
1.12613 1.18029
1.12913 1.18063
1.13213 1.18046
1.13514 1.1809
1.13814 1.1778
1.14114 1.17904
1.14414 1.17819
1.14715 1.17893
1.15015 1.17924
1.15315 1.17867
1.15616 1.17885
1.15916 1.179
1.16216 1.17839
1.16517 1.17892
1.16817 1.17753
1.17117 1.17594
1.17417 1.17628
1.17718 1.17663
1.18018 1.17528
1.18318 1.17401
1.18619 1.17727
1.18919 1.17523
1.19219 1.17508
1.1952 1.17324
1.1982 1.17459
1.2012 1.17314
1.2042 1.17403
1.20721 1.17294
1.21021 1.17238
1.21321 1.17298
1.21622 1.17323
1.21922 1.17306
1.22222 1.1726
1.22523 1.1716
1.22823 1.17179
1.23123 1.1715
1.23423 1.17182
1.23724 1.17101
1.24024 1.17067
1.24324 1.16852
1.24625 1.16837
1.24925 1.16916
1.25225 1.16999
1.25526 1.16784
1.25826 1.1677
1.26126 1.16786
1.26426 1.16601
1.26727 1.16758
1.27027 1.16587
1.27327 1.16773
1.27628 1.16658
1.27928 1.16614
1.28228 1.16544
1.28529 1.167
1.28829 1.16497
1.29129 1.16589
1.29429 1.1666
1.2973 1.16314
1.3003 1.1656
1.3033 1.16477
1.30631 1.16323
1.30931 1.16319
1.31231 1.16469
1.31532 1.16395
1.31832 1.16388
1.32132 1.16395
1.32432 1.16338
1.32733 1.16343
1.33033 1.16289
1.33333 1.16316
1.33634 1.16322
1.33934 1.16235
1.34234 1.16183
1.34535 1.16067
1.34835 1.16059
1.35135 1.16102
1.35435 1.15987
1.35736 1.1591
1.36036 1.15844
1.36336 1.16007
1.36637 1.15891
1.36937 1.15843
1.37237 1.15733
1.37538 1.15926
1.37838 1.15822
1.38138 1.15884
1.38438 1.15697
1.38739 1.15789
1.39039 1.15762
1.39339 1.1576
1.3964 1.15818
1.3994 1.15833
1.4024 1.15625
1.40541 1.15786
1.40841 1.15578
1.41141 1.15638
1.41441 1.15738
1.41742 1.15452
1.42042 1.15546
1.42342 1.15394
1.42643 1.15226
1.42943 1.15424
1.43243 1.15518
1.43544 1.15451
1.43844 1.15319
1.44144 1.15354
1.44444 1.15392
1.44745 1.15189
1.45045 1.15285
1.45345 1.15144
1.45646 1.15199
1.45946 1.15175
1.46246 1.15268
1.46547 1.15255
1.46847 1.15221
1.47147 1.14977
1.47447 1.15062
1.47748 1.14966
1.48048 1.15354
1.48348 1.15098
1.48649 1.14948
1.48949 1.14988
1.49249 1.1497
1.4955 1.14996
1.4985 1.15
1.5015 1.14857
1.5045 1.15028
1.50751 1.1488
1.51051 1.15026
1.51351 1.14794
1.51652 1.14548
1.51952 1.14779
1.52252 1.14704
1.52553 1.14659
1.52853 1.14745
1.53153 1.14618
1.53453 1.14377
1.53754 1.14556
1.54054 1.14707
1.54354 1.14616
1.54655 1.1445
1.54955 1.14699
1.55255 1.14683
1.55556 1.14417
1.55856 1.14376
1.56156 1.1451
1.56456 1.14389
1.56757 1.14449
1.57057 1.14331
1.57357 1.14435
1.57658 1.14619
1.57958 1.14433
1.58258 1.14475
1.58559 1.14442
1.58859 1.14509
1.59159 1.1435
1.59459 1.14194
1.5976 1.14291
1.6006 1.14217
1.6036 1.1416
1.60661 1.14138
1.60961 1.14119
1.61261 1.14086
1.61562 1.14093
1.61862 1.14184
1.62162 1.1408
1.62462 1.14067
1.62763 1.14205
1.63063 1.14047
1.63363 1.14009
1.63664 1.1406
1.63964 1.14123
1.64264 1.14019
1.64565 1.13863
1.64865 1.13884
1.65165 1.13932
1.65465 1.13899
1.65766 1.13943
1.66066 1.13884
1.66366 1.13779
1.66667 1.13735
1.66967 1.13781
1.67267 1.13701
1.67568 1.13873
1.67868 1.13743
1.68168 1.13716
1.68468 1.13649
1.68769 1.13598
1.69069 1.13729
1.69369 1.13643
1.6967 1.13736
1.6997 1.13656
1.7027 1.13678
1.70571 1.13595
1.70871 1.13592
1.71171 1.13527
1.71471 1.13639
1.71772 1.13477
1.72072 1.13593
1.72372 1.13465
1.72673 1.13284
1.72973 1.13385
1.73273 1.13404
1.73574 1.13537
1.73874 1.13324
1.74174 1.13223
1.74474 1.13389
1.74775 1.13498
1.75075 1.13296
1.75375 1.1338
1.75676 1.13294
1.75976 1.13301
1.76276 1.13148
1.76577 1.13379
1.76877 1.13301
1.77177 1.13245
1.77477 1.1318
1.77778 1.13112
1.78078 1.13269
1.78378 1.13201
1.78679 1.13216
1.78979 1.13215
1.79279 1.13108
1.7958 1.13175
1.7988 1.13098
1.8018 1.13019
1.8048 1.13078
1.80781 1.1296
1.81081 1.12962
1.81381 1.12943
1.81682 1.12935
1.81982 1.1283
1.82282 1.1298
1.82583 1.12861
1.82883 1.12927
1.83183 1.12933
1.83483 1.12764
1.83784 1.13007
1.84084 1.13014
1.84384 1.12762
1.84685 1.12723
1.84985 1.12763
1.85285 1.12926
1.85586 1.12693
1.85886 1.12709
1.86186 1.12828
1.86486 1.12616
1.86787 1.12768
1.87087 1.12734
1.87387 1.12624
1.87688 1.12559
1.87988 1.12615
1.88288 1.12649
1.88589 1.12548
1.88889 1.12552
1.89189 1.12621
1.89489 1.12529
1.8979 1.12535
1.9009 1.1258
1.9039 1.12644
1.90691 1.12497
1.90991 1.12505
1.91291 1.12461
1.91592 1.12328
1.91892 1.12363
1.92192 1.12458
1.92492 1.12453
1.92793 1.1244
1.93093 1.12412
1.93393 1.12306
1.93694 1.12339
1.93994 1.12372
1.94294 1.12453
1.94595 1.12285
1.94895 1.12302
1.95195 1.1219
1.95495 1.12173
1.95796 1.12159
1.96096 1.12207
1.96396 1.1234
1.96697 1.12275
1.96997 1.12168
1.97297 1.12242
1.97598 1.1216
1.97898 1.12061
1.98198 1.12159
1.98498 1.12157
1.98799 1.12108
1.99099 1.12158
1.99399 1.12123
1.997 1.12031
2 1.11974
2.003 1.12084
2.00601 1.12154
2.00901 1.12057
2.01201 1.12067
2.01502 1.11881
2.01802 1.12044
2.02102 1.11926
2.02402 1.11981
2.02703 1.11825
2.03003 1.11967
2.03303 1.12087
2.03604 1.11825
2.03904 1.11979
2.04204 1.11913
2.04505 1.11943
2.04805 1.11948
2.05105 1.11816
2.05405 1.11753
2.05706 1.11851
2.06006 1.11738
2.06306 1.11821
2.06607 1.11787
2.06907 1.11732
2.07207 1.11745
2.07508 1.11626
2.07808 1.11705
2.08108 1.11513
2.08408 1.11567
2.08709 1.11648
2.09009 1.11641
2.09309 1.11541
2.0961 1.11672
2.0991 1.11604
2.1021 1.1162
2.10511 1.11617
2.10811 1.11673
2.11111 1.11603
2.11411 1.11542
2.11712 1.11493
2.12012 1.1151
2.12312 1.1158
2.12613 1.11647
2.12913 1.11381
2.13213 1.11306
2.13514 1.11492
2.13814 1.11356
2.14114 1.11566
2.14414 1.11376
2.14715 1.1138
2.15015 1.11483
2.15315 1.11306
2.15616 1.11416
2.15916 1.11204
2.16216 1.11276
2.16517 1.11372
2.16817 1.11374
2.17117 1.11455
2.17417 1.11341
2.17718 1.11256
2.18018 1.11279
2.18318 1.1129
2.18619 1.11425
2.18919 1.11288
2.19219 1.11176
2.1952 1.11049
2.1982 1.11305
2.2012 1.11196
2.2042 1.11061
2.20721 1.11151
2.21021 1.11111
2.21321 1.11231
2.21622 1.1112
2.21922 1.11116
2.22222 1.11003
2.22523 1.11084
2.22823 1.1122
2.23123 1.11103
2.23423 1.10943
2.23724 1.11001
2.24024 1.11057
2.24324 1.10949
2.24625 1.10966
2.24925 1.10947
2.25225 1.10972
2.25526 1.10891
2.25826 1.11021
2.26126 1.10999
2.26426 1.1092
2.26727 1.10925
2.27027 1.10908
2.27327 1.10789
2.27628 1.10974
2.27928 1.10932
2.28228 1.10851
2.28529 1.10816
2.28829 1.10791
2.29129 1.10738
2.29429 1.10805
2.2973 1.10852
2.3003 1.10668
2.3033 1.10703
2.30631 1.10784
2.30931 1.10663
2.31231 1.10577
2.31532 1.10666
2.31832 1.10589
2.32132 1.10526
2.32432 1.10668
2.32733 1.10709
2.33033 1.10659
2.33333 1.10694
2.33634 1.10632
2.33934 1.10596
2.34234 1.10501
2.34535 1.10651
2.34835 1.10441
2.35135 1.10714
2.35435 1.10512
2.35736 1.10524
2.36036 1.10534
2.36336 1.1052
2.36637 1.10548
2.36937 1.10435
2.37237 1.10694
2.37538 1.10521
2.37838 1.10459
2.38138 1.10493
2.38438 1.10524
2.38739 1.10452
2.39039 1.10506
2.39339 1.10467
2.3964 1.10466
2.3994 1.10393
2.4024 1.10484
2.40541 1.10423
2.40841 1.10463
2.41141 1.10389
2.41441 1.10294
2.41742 1.10365
2.42042 1.1025
2.42342 1.10199
2.42643 1.10279
2.42943 1.10413
2.43243 1.10198
2.43544 1.10326
2.43844 1.10232
2.44144 1.10339
2.44444 1.10183
2.44745 1.10317
2.45045 1.1017
2.45345 1.10186
2.45646 1.10184
2.45946 1.10186
2.46246 1.10195
2.46547 1.10292
2.46847 1.10127
2.47147 1.10155
2.47447 1.10275
2.47748 1.10178
2.48048 1.10155
2.48348 1.10166
2.48649 1.1021
2.48949 1.10001
2.49249 1.10061
2.4955 1.10152
2.4985 1.10197
2.5015 1.10122
2.5045 1.10086
2.50751 1.10082
2.51051 1.10044
2.51351 1.09973
2.51652 1.10053
2.51952 1.09931
2.52252 1.09991
2.52553 1.09966
2.52853 1.1005
2.53153 1.09951
2.53453 1.09939
2.53754 1.09915
2.54054 1.09937
2.54354 1.09843
2.54655 1.09906
2.54955 1.09901
2.55255 1.09821
2.55556 1.09829
2.55856 1.09887
2.56156 1.09911
2.56456 1.09844
2.56757 1.09884
2.57057 1.0993
2.57357 1.09838
2.57658 1.0981
2.57958 1.09827
2.58258 1.09851
2.58559 1.09735
2.58859 1.09871
2.59159 1.09729
2.59459 1.09796
2.5976 1.0984
2.6006 1.09652
2.6036 1.09722
2.60661 1.09619
2.60961 1.09612
2.61261 1.09779
2.61562 1.09749
2.61862 1.09752
2.62162 1.09726
2.62462 1.09665
2.62763 1.09725
2.63063 1.0965
2.63363 1.09638
2.63664 1.0964
2.63964 1.09654
2.64264 1.09646
2.64565 1.0964
2.64865 1.09653
2.65165 1.09577
2.65465 1.09586
2.65766 1.09536
2.66066 1.09551
2.66366 1.09597
2.66667 1.0947
2.66967 1.09573
2.67267 1.09509
2.67568 1.09481
2.67868 1.09525
2.68168 1.09517
2.68468 1.09532
2.68769 1.09603
2.69069 1.09454
2.69369 1.09496
2.6967 1.09562
2.6997 1.09509
2.7027 1.09553
2.70571 1.09407
2.70871 1.0951
2.71171 1.09392
2.71471 1.09466
2.71772 1.09429
2.72072 1.09283
2.72372 1.09459
2.72673 1.0944
2.72973 1.09307
2.73273 1.09451
2.73574 1.09338
2.73874 1.09315
2.74174 1.09315
2.74474 1.09373
2.74775 1.09321
2.75075 1.093
2.75375 1.09202
2.75676 1.09378
2.75976 1.09295
2.76276 1.09326
2.76577 1.09278
2.76877 1.09274
2.77177 1.0923
2.77477 1.09262
2.77778 1.09188
2.78078 1.09246
2.78378 1.09323
2.78679 1.09181
2.78979 1.09133
2.79279 1.09205
2.7958 1.09116
2.7988 1.09168
2.8018 1.09128
2.8048 1.09163
2.80781 1.09088
2.81081 1.09101
2.81381 1.09123
2.81682 1.09162
2.81982 1.09155
2.82282 1.09047
2.82583 1.09049
2.82883 1.09069
2.83183 1.09122
2.83483 1.09166
2.83784 1.09002
2.84084 1.09011
2.84384 1.09069
2.84685 1.09068
2.84985 1.09051
2.85285 1.08978
2.85586 1.09029
2.85886 1.08981
2.86186 1.08955
2.86486 1.08988
2.86787 1.0893
2.87087 1.08962
2.87387 1.08922
2.87688 1.09015
2.87988 1.08914
2.88288 1.08938
2.88589 1.08914
2.88889 1.09031
2.89189 1.08819
2.89489 1.08886
2.8979 1.08828
2.9009 1.089
2.9039 1.08874
2.90691 1.08944
2.90991 1.08854
2.91291 1.08803
2.91592 1.08795
2.91892 1.08865
2.92192 1.08878
2.92492 1.08783
2.92793 1.08817
2.93093 1.08734
2.93393 1.08783
2.93694 1.08871
2.93994 1.08806
2.94294 1.08786
2.94595 1.08729
2.94895 1.08823
2.95195 1.08626
2.95495 1.08756
2.95796 1.0878
2.96096 1.0864
2.96396 1.08595
2.96697 1.08722
2.96997 1.08725
2.97297 1.08683
2.97598 1.08753
2.97898 1.08866
2.98198 1.0865
2.98498 1.08538
2.98799 1.08714
2.99099 1.08704
2.99399 1.0859
2.997 1.08566
3 1.08628
