0.0001 0.277449 0.083799 4.13931 4587.58
0.00185 0.176395 0.0777368 1.99586 247.969
0.0036 0.153003 0.0731488 1.68984 127.425
0.00535 0.140001 0.0697222 1.53055 85.7552
0.0071 0.130386 0.0669429 1.42603 64.6225
0.00885 0.122865 0.06452 1.34961 51.8449
0.0106 0.116916 0.06249 1.29008 43.2855
0.01235 0.111829 0.0607514 1.24169 37.1467
0.0141 0.10818 0.0594884 1.20121 32.5349
0.01585 0.104099 0.057847 1.16659 28.943
0.0176 0.101488 0.056822 1.13647 26.0678
0.01935 0.0979355 0.0555045 1.10981 23.7067
0.0211 0.0957231 0.0545793 1.08607 21.7422
0.02285 0.0933783 0.0536399 1.06463 20.0754
0.0246 0.0911358 0.0527162 1.04519 18.6492
0.02635 0.0891979 0.0519334 1.0274 17.4116
0.0281 0.0874551 0.0511824 1.01105 16.3294
0.02985 0.085379 0.0503294 0.995833 15.368
0.0316 0.0839441 0.0496277 0.98179 14.5193
0.03335 0.0826997 0.0491189 0.968612 13.7553
0.0351 0.0810527 0.0484443 0.956322 13.0704
0.03685 0.0797102 0.0478607 0.944735 12.4484
0.0386 0.078467 0.047271 0.933905 11.8873
0.04035 0.0775711 0.0468641 0.923605 11.3715
0.0421 0.0763451 0.0463295 0.91384 10.8981
0.04385 0.0752642 0.0458007 0.90455 10.4617
0.0456 0.0731177 0.0445962 0.896297 10.0851
0.04735 0.0724568 0.0443366 0.887468 9.69355
0.0491 0.0712136 0.0436907 0.87912 9.33392
0.05085 0.070076 0.043155 0.871082 8.99721
0.0526 0.0694655 0.0428022 0.863388 8.68354
0.05435 0.0682792 0.0422325 0.856009 8.39047
0.0561 0.0673416 0.0418003 0.848919 8.11591
0.05785 0.0663077 0.0412921 0.842031 7.85569
0.0596 0.0653784 0.0408367 0.835512 7.61523
0.06135 0.0643057 0.0403291 0.829155 7.38609
0.0631 0.0640418 0.0401367 0.823005 7.16939
0.06485 0.062907 0.0396229 0.817107 6.96608
0.0666 0.0623078 0.0392759 0.811386 6.77302
0.06835 0.0617477 0.0390085 0.805828 6.58933
0.0701 0.0609433 0.0386418 0.80048 6.41616
0.07185 0.0604565 0.0383633 0.795273 6.25081
0.0736 0.0594288 0.0378119 0.790195 6.09269
0.07535 0.0588721 0.0375739 0.785296 5.94299
0.0771 0.0584154 0.0373242 0.780508 5.79937
0.07885 0.0578076 0.0370067 0.775881 5.66307
0.0806 0.0574184 0.036775 0.77135 5.53193
0.08235 0.0566469 0.0363912 0.766964 5.40719
0.0841 0.056018 0.0361087 0.762716 5.2884
0.08585 0.0554717 0.035826 0.758545 5.17365
0.0876 0.0549813 0.0355675 0.754445 5.0627
0.08935 0.0545947 0.0353605 0.750465 4.95672
0.0911 0.054361 0.035217 0.746601 4.85542
0.09285 0.0536641 0.0348723 0.742793 4.75712
0.0946 0.0531316 0.0346156 0.739145 4.66434
0.09635 0.0530329 0.0345233 0.735491 4.57278
0.0981 0.0522703 0.0341839 0.731987 4.48627
0.09985 0.0517944 0.0338985 0.728523 4.40196
0.1016 0.0512845 0.0336553 0.725098 4.31975
0.10335 0.0509467 0.0334921 0.72181 4.24194
0.1051 0.0504846 0.0332154 0.718554 4.16592
0.10685 0.0501906 0.033064 0.715378 4.09275
0.1086 0.0498626 0.0329074 0.712279 4.02228
0.11035 0.0496056 0.0327842 0.709203 3.95325
0.1121 0.0490728 0.0324791 0.706199 3.88669
0.11385 0.0486762 0.0322921 0.703264 3.82248
0.1156 0.0482805 0.0320767 0.700396 3.7605
0.11735 0.0479502 0.0319177 0.697542 3.69959
0.1191 0.0479143 0.0318937 0.694751 3.64073
0.12085 0.0474513 0.0316385 0.69202 3.58383
0.1226 0.046992 0.0314112 0.689348 3.52879
0.12435 0.0467898 0.0312914 0.686732 3.47553
0.1261 0.0463766 0.0310833 0.684122 3.42299
0.12785 0.0459797 0.03086 0.681565 3.37211
0.1296 0.0458839 0.0308105 0.67906 3.3228
0.13135 0.0454712 0.0306272 0.676604 3.275
0.1331 0.0452159 0.0304419 0.674197 3.22864
0.13485 0.0448698 0.03026 0.671789 3.18276
0.1366 0.0445902 0.0301318 0.669427 3.13824
0.13835 0.0444434 0.0300391 0.66711 3.095
0.1401 0.0442745 0.0299592 0.664835 3.05301
0.14185 0.0437791 0.0296736 0.662603 3.0122
0.1436 0.0435061 0.0295396 0.66041 2.97254
0.14535 0.0432584 0.029391 0.658212 2.93315
0.1471 0.0428153 0.029176 0.656097 2.89565
0.14885 0.042815 0.0291507 0.653975 2.85835
0.1506 0.0427053 0.0290886 0.651889 2.82206
0.15235 0.0421979 0.0288507 0.649838 2.78672
0.1541 0.0420916 0.0287628 0.647822 2.7523
0.15585 0.0417165 0.0285707 0.645795 2.718
0.1576 0.041608 0.0285354 0.643846 2.68534
0.15935 0.0413314 0.0283704 0.641883 2.65275
0.1611 0.0411589 0.0282835 0.639997 2.62171
0.16285 0.040773 0.0280655 0.638097 2.59071
0.1646 0.0407637 0.0280492 0.636227 2.56047
0.16635 0.0405244 0.0279183 0.634386 2.53096
0.1681 0.0401499 0.0277038 0.632573 2.50216
0.16985 0.0399706 0.0275996 0.630744 2.47335
0.1716 0.039711 0.0274714 0.628986 2.44589
0.17335 0.039696 0.0274612 0.627255 2.41907
0.1751 0.0393333 0.0272669 0.625506 2.3922
0.17685 0.0390212 0.0270705 0.623782 2.36594
0.1786 0.0388062 0.0269444 0.622127 2.34092
0.18035 0.0387666 0.0269216 0.620452 2.31582
0.1821 0.0384856 0.026799 0.618801 2.29127
0.18385 0.0383346 0.026688 0.617173 2.26726
0.1856 0.038043 0.0265414 0.615568 2.24376
0.18735 0.0378044 0.0264246 0.613943 2.22016
0.1891 0.0376355 0.0263231 0.612382 2.19767
0.19085 0.0375222 0.0262637 0.610842 2.17565
0.1926 0.037384 0.0261627 0.609281 2.15349
0.19435 0.0371715 0.0260539 0.607783 2.13238
0.1961 0.0370119 0.0259576 0.606262 2.11112
0.19785 0.036874 0.0258907 0.604761 2.0903
0.1996 0.0366344 0.0257716 0.60328 2.06989
0.20135 0.0364426 0.0256433 0.601859 2.05046
0.2031 0.036463 0.0256755 0.600415 2.03085
