-4.67 1.46219
-4.47 1.598
-4.17 1.78246
-3.97 1.89192
-3.67 2.03449
-3.47 2.11625
-3.17 2.21693
-2.97 2.26896
-2.68 2.32842
-2.474 2.3622
-2.175 2.40139
-1.98 2.42707
-1.695 2.47031
-1.495 2.50274
-1.21 2.54599
-1.02 2.57031
-0.745 2.60005
-0.565 2.61425
-0.3 2.62842
-0.1 2.63383
0.1 2.63383
0.3 2.62842
0.565 2.61425
0.745 2.60005
1.02 2.57031
1.21 2.54599
1.495 2.50274
1.695 2.47031
1.98 2.42707
2.175 2.40139
2.4749 2.36153
2.68 2.32842
2.97 2.26896
3.17 2.21693
3.47 2.11625
3.67 2.03449
3.97 1.89192
4.17 1.78246
4.47 1.598
4.67 1.46219
