-4.67 5.64371
-4.57 5.90581
-4.47 6.16792
-4.32 6.52391
-4.17 6.8799
-4.07 7.09115
-3.97 7.3024
-3.82 7.57754
-3.67 7.85269
-3.57 8.01047
-3.47 8.16826
-3.32 8.36256
-3.17 8.55685
-3.07 8.65725
-2.97 8.75766
-2.825 8.87242
-2.68 8.98717
-2.577 9.05237
-2.474 9.11757
-2.3245 9.1932
-2.175 9.26883
-2.0775 9.31838
-1.98 9.36794
-1.8375 9.4514
-1.695 9.53485
-1.595 9.59744
-1.495 9.66003
-1.3525 9.74348
-1.21 9.82694
-1.115 9.87389
-1.02 9.92083
-0.8825 9.97822
-0.745 10.0356
-0.655 10.063
-0.565 10.0904
-0.4325 10.1178
-0.3 10.1451
-0.2 10.1555
-0.1 10.166
0 10.166
0.1 10.166
0.2 10.1555
0.3 10.1451
0.4325 10.1178
0.565 10.0904
0.655 10.063
0.745 10.0356
0.8825 9.97822
1.02 9.92083
1.115 9.87389
1.21 9.82694
1.3525 9.74348
1.495 9.66003
1.595 9.59744
1.695 9.53485
1.8375 9.4514
1.98 9.36794
2.0775 9.31838
2.175 9.26883
2.32495 9.19189
2.4749 9.11496
2.57745 9.05107
2.68 8.98717
2.825 8.87242
2.97 8.75766
3.07 8.65725
3.17 8.55685
3.32 8.36256
3.47 8.16826
3.57 8.01047
3.67 7.85269
3.82 7.57754
3.97 7.3024
4.07 7.09115
4.17 6.8799
4.32 6.52391
4.47 6.16792
4.57 5.90581
4.67 5.64371
