-4.67 5.83847
-4.47 6.38077
-4.17 7.11732
-3.97 7.5544
-3.67 8.12368
-3.47 8.45014
-3.17 8.85214
-2.97 9.05988
-2.68 9.29731
-2.474 9.43221
-2.175 9.58869
-1.98 9.69122
-1.695 9.86389
-1.495 9.99339
-1.21 10.1661
-1.02 10.2632
-0.745 10.3819
-0.565 10.4386
-0.3 10.4952
-0.1 10.5168
0.1 10.5168
0.3 10.4952
0.565 10.4386
0.745 10.3819
1.02 10.2632
1.21 10.1661
1.495 9.99339
1.695 9.86389
1.98 9.69122
2.175 9.58869
2.4749 9.42951
2.68 9.29731
2.97 9.05988
3.17 8.85214
3.47 8.45014
3.67 8.12368
3.97 7.5544
4.17 7.11732
4.47 6.38077
4.67 5.83847
