#1-Q [GeV] 2--dN/dQdY [GeV-1] 3--dN_{PreEq}/dQdY [GeV-1] 3--dN_{Hydro}/dQdY [GeV-1]
3.001 0.0343175 0.0293098 0.00500764
3.00167 0.0513575 0.0445122 0.00684534
3.00233 0.0629316 0.0556292 0.00730236
3.003 0.0665991 0.056554 0.0100451
3.00366 0.0870617 0.0785219 0.00853978
3.00433 0.0963797 0.0852554 0.0111244
3.00499 0.0901182 0.0791555 0.0109627
3.00566 0.10642 0.093212 0.0132085
3.00632 0.101006 0.08699 0.0140156
3.00699 0.106083 0.0925351 0.0135482
3.00766 0.099946 0.0857681 0.0141779
3.00832 0.122084 0.107647 0.0144367
3.00899 0.138711 0.123776 0.0149348
3.00965 0.146622 0.131337 0.0152844
3.01032 0.114978 0.102726 0.0122522
3.01098 0.112369 0.0951422 0.0172266
3.01165 0.15283 0.137541 0.0152894
3.01231 0.172476 0.156661 0.0158152
3.01298 0.145523 0.126105 0.0194181
3.01365 0.167111 0.147755 0.019356
3.01431 0.137216 0.116117 0.021099
3.01498 0.139522 0.122374 0.0171484
3.01564 0.14302 0.124385 0.0186351
3.01631 0.173342 0.152283 0.0210587
3.01697 0.192406 0.171464 0.0209413
3.01764 0.158744 0.138358 0.0203869
3.0183 0.169073 0.145986 0.0230864
3.01897 0.173098 0.149109 0.0239894
3.01964 0.191855 0.170623 0.0212318
3.0203 0.170437 0.147658 0.0227789
3.02097 0.160806 0.138369 0.0224374
3.02163 0.179092 0.157877 0.0212156
3.0223 0.161099 0.136078 0.0250205
3.02296 0.204917 0.182093 0.0228243
3.02363 0.161613 0.135889 0.025724
3.02429 0.19547 0.170991 0.0244788
3.02496 0.240469 0.213431 0.0270379
3.02563 0.192259 0.162347 0.0299117
3.02629 0.18674 0.159708 0.0270322
3.02696 0.196712 0.16913 0.0275826
3.02762 0.167336 0.142653 0.0246832
3.02829 0.222183 0.20029 0.0218926
3.02895 0.260722 0.236713 0.0240087
3.02962 0.234933 0.210582 0.0243505
3.03028 0.206934 0.178935 0.0279989
3.03095 0.190756 0.162465 0.0282912
3.03162 0.199091 0.1725 0.0265913
3.03228 0.184326 0.156385 0.0279415
3.03295 0.249707 0.216713 0.0329944
3.03361 0.232527 0.204292 0.0282351
3.03428 0.206108 0.178331 0.0277769
3.03494 0.210002 0.184995 0.0250068
3.03561 0.236856 0.208841 0.0280148
3.03627 0.224475 0.197109 0.0273657
3.03694 0.220909 0.188695 0.0322137
3.03761 0.277353 0.24769 0.0296632
3.03827 0.206655 0.1766 0.030055
3.03894 0.225491 0.192956 0.0325352
3.0396 0.29581 0.261619 0.0341912
3.04027 0.254039 0.227089 0.0269494
3.04093 0.253759 0.223271 0.030488
3.0416 0.232133 0.203106 0.0290271
3.04226 0.242494 0.213572 0.0289224
3.04293 0.310684 0.278211 0.0324724
3.0436 0.255254 0.225686 0.0295678
3.04426 0.264004 0.230242 0.0337618
3.04493 0.233858 0.200283 0.0335754
3.04559 0.30215 0.268062 0.0340886
3.04626 0.275697 0.238215 0.0374813
3.04692 0.25505 0.219892 0.0351581
3.04759 0.324833 0.285111 0.0397216
3.04825 0.270996 0.240572 0.0304247
3.04892 0.276716 0.247058 0.0296579
3.04959 0.215393 0.177118 0.0382752
3.05025 0.284622 0.255799 0.0288229
3.05092 0.306433 0.270788 0.035645
3.05158 0.288743 0.255424 0.0333192
3.05225 0.260156 0.226912 0.0332437
3.05291 0.36094 0.325453 0.0354874
3.05358 0.281704 0.24384 0.037864
3.05424 0.305958 0.274267 0.0316913
3.05491 0.323204 0.288847 0.0343572
3.05558 0.291244 0.256466 0.0347785
3.05624 0.29929 0.264243 0.0350478
3.05691 0.252992 0.212805 0.0401876
3.05757 0.289135 0.247428 0.0417075
3.05824 0.28692 0.252609 0.0343113
3.0589 0.292852 0.251827 0.0410259
3.05957 0.272218 0.236948 0.0352699
3.06023 0.303201 0.269345 0.0338557
3.0609 0.327666 0.288769 0.0388977
3.06157 0.310059 0.274386 0.0356733
3.06223 0.28037 0.242956 0.0374143
3.0629 0.313277 0.277745 0.0355322
3.06356 0.296473 0.252775 0.0436989
3.06423 0.299205 0.26339 0.0358147
3.06489 0.314184 0.275126 0.0390579
3.06556 0.316113 0.278678 0.0374346
3.06622 0.244865 0.20811 0.0367552
3.06689 0.348669 0.307435 0.0412342
3.06756 0.372721 0.329735 0.0429857
3.06822 0.409192 0.372264 0.0369279
3.06889 0.330724 0.293864 0.0368596
3.06955 0.377558 0.341578 0.0359807
3.07022 0.327478 0.293741 0.0337372
3.07088 0.310344 0.270212 0.0401323
3.07155 0.308409 0.270176 0.0382325
3.07221 0.418867 0.382111 0.0367557
3.07288 0.374441 0.328057 0.0463837
3.07355 0.336293 0.296866 0.0394267
3.07421 0.290578 0.250847 0.0397311
3.07488 0.346732 0.309096 0.037636
3.07554 0.291628 0.252769 0.0388591
3.07621 0.272541 0.233716 0.0388247
3.07687 0.38384 0.34382 0.0400195
3.07754 0.326056 0.288808 0.0372475
3.0782 0.417534 0.374722 0.0428116
3.07887 0.334261 0.292066 0.0421944
3.07954 0.300464 0.262008 0.0384558
3.0802 0.317634 0.277075 0.0405592
3.08087 0.329255 0.286219 0.0430362
3.08153 0.27413 0.240534 0.0335964
3.0822 0.358685 0.312723 0.0459628
3.08286 0.423683 0.377065 0.046618
3.08353 0.323769 0.28361 0.0401588
3.08419 0.329065 0.288761 0.0403042
3.08486 0.419033 0.371268 0.0477652
3.08553 0.325441 0.280286 0.045155
3.08619 0.456107 0.416926 0.0391815
3.08686 0.455709 0.415454 0.0402557
3.08752 0.346825 0.304708 0.042117
3.08819 0.352056 0.313848 0.0382073
3.08885 0.38968 0.353107 0.0365735
3.08952 0.358514 0.321469 0.0370449
3.09018 0.380735 0.342023 0.0387126
3.09085 0.397302 0.359134 0.038168
3.09152 0.450047 0.405553 0.0444939
3.09218 0.356637 0.308126 0.0485111
3.09285 0.382532 0.340737 0.0417948
3.09351 0.295045 0.254737 0.0403082
3.09418 0.348649 0.301162 0.0474879
3.09484 0.300641 0.263986 0.0366545
3.09551 0.360863 0.315707 0.0451555
3.09617 0.290663 0.2434 0.0472634
3.09684 0.411962 0.378754 0.033208
3.09751 0.400425 0.347712 0.0527126
3.09817 0.369508 0.321656 0.0478518
3.09884 0.461743 0.426096 0.035647
3.0995 0.502112 0.455346 0.0467658
3.10017 0.412713 0.367979 0.0447341
3.10083 0.40585 0.360134 0.0457152
3.1015 0.425809 0.37765 0.0481584
3.10216 0.392688 0.349851 0.0428374
3.10283 0.419439 0.38007 0.0393691
3.10349 0.466699 0.417824 0.0488754
3.10416 0.379598 0.328569 0.0510289
3.10483 0.373515 0.32713 0.0463855
3.10549 0.379289 0.331669 0.04762
3.10616 0.341794 0.301882 0.0399122
3.10682 0.421778 0.376832 0.0449467
3.10749 0.470077 0.423933 0.0461433
3.10815 0.371101 0.323997 0.0471048
3.10882 0.408397 0.36351 0.0448867
3.10948 0.50426 0.45779 0.0464699
3.11015 0.414377 0.363492 0.0508856
3.11082 0.495492 0.446958 0.0485348
3.11148 0.35789 0.310258 0.0476319
3.11215 0.403614 0.348435 0.0551788
3.11281 0.438426 0.393196 0.0452298
3.11348 0.43258 0.383369 0.0492109
3.11414 0.427429 0.38345 0.043979
3.11481 0.389318 0.346393 0.0429244
3.11547 0.328673 0.280877 0.0477963
3.11614 0.432309 0.381632 0.0506772
3.11681 0.511472 0.466346 0.0451261
3.11747 0.450877 0.40535 0.045527
3.11814 0.372925 0.327432 0.0454928
3.1188 0.381994 0.335185 0.0468092
3.11947 0.49335 0.449035 0.0443146
3.12013 0.315111 0.272623 0.0424886
3.1208 0.395233 0.341266 0.053967
3.12146 0.515438 0.467358 0.0480802
3.12213 0.394918 0.346879 0.0480389
3.1228 0.333602 0.292259 0.041343
3.12346 0.468669 0.415206 0.053463
3.12413 0.470856 0.415221 0.0556349
3.12479 0.393452 0.34638 0.0470722
3.12546 0.445378 0.397845 0.0475328
3.12612 0.469126 0.41905 0.0500757
3.12679 0.542261 0.491492 0.0507691
3.12745 0.425427 0.380297 0.0451302
3.12812 0.400503 0.354937 0.0455654
3.12879 0.459778 0.400592 0.0591863
3.12945 0.34739 0.296475 0.0509145
3.13012 0.38382 0.34223 0.0415905
3.13078 0.462024 0.411985 0.0500389
3.13145 0.450335 0.406992 0.0433426
3.13211 0.469913 0.42549 0.0444236
3.13278 0.354887 0.308085 0.0468026
3.13344 0.359512 0.308326 0.0511858
3.13411 0.528136 0.48551 0.0426263
3.13478 0.457991 0.409274 0.0487168
3.13544 0.414481 0.367416 0.0470646
3.13611 0.498831 0.449319 0.0495118
3.13677 0.426049 0.369751 0.0562978
3.13744 0.452645 0.400848 0.0517966
3.1381 0.407663 0.361674 0.0459886
3.13877 0.42358 0.377023 0.0465575
3.13943 0.398869 0.3497 0.0491689
3.1401 0.415452 0.363572 0.0518808
3.14077 0.508159 0.463396 0.0447635
3.14143 0.372784 0.324574 0.0482105
3.1421 0.382521 0.33619 0.0463308
3.14276 0.385394 0.340308 0.0450861
3.14343 0.536153 0.482637 0.0535162
3.14409 0.482533 0.434545 0.0479884
3.14476 0.427443 0.376595 0.0508482
3.14542 0.531507 0.478811 0.0526958
3.14609 0.628364 0.576606 0.0517574
3.14676 0.428911 0.377737 0.0511737
3.14742 0.409668 0.36172 0.0479483
3.14809 0.433179 0.390047 0.0431317
3.14875 0.565885 0.505421 0.0604639
3.14942 0.442899 0.385764 0.0571352
3.15008 0.341456 0.287149 0.0543078
3.15075 0.395392 0.349613 0.0457798
3.15141 0.396486 0.341365 0.0551209
3.15208 0.453311 0.3945 0.058811
3.15275 0.423029 0.371366 0.0516635
3.15341 0.398551 0.345007 0.053544
3.15408 0.504398 0.457283 0.0471152
3.15474 0.474571 0.422953 0.051618
3.15541 0.528882 0.474955 0.0539267
3.15607 0.443553 0.398299 0.0452531
3.15674 0.370319 0.320778 0.0495411
3.1574 0.443565 0.390195 0.0533703
3.15807 0.368847 0.31043 0.0584166
3.15874 0.494182 0.438095 0.0560872
3.1594 0.403749 0.351205 0.0525432
3.16007 0.372466 0.323394 0.0490719
3.16073 0.585256 0.53173 0.0535265
3.1614 0.532977 0.483222 0.0497549
3.16206 0.539122 0.495007 0.0441154
3.16273 0.506431 0.453264 0.0531672
3.16339 0.591015 0.534163 0.0568523
3.16406 0.516007 0.465275 0.0507324
3.16473 0.430029 0.380481 0.0495481
3.16539 0.481023 0.424072 0.0569503
3.16606 0.570392 0.514806 0.0555859
3.16672 0.48229 0.433894 0.0483964
3.16739 0.487124 0.436418 0.0507053
3.16805 0.385121 0.330131 0.0549896
3.16872 0.551393 0.509457 0.0419356
3.16938 0.438308 0.382317 0.0559912
3.17005 0.50622 0.450488 0.055732
3.17072 0.450005 0.391369 0.0586361
3.17138 0.521272 0.475768 0.0455032
3.17205 0.50644 0.46038 0.0460602
3.17271 0.437233 0.389518 0.047715
3.17338 0.404242 0.354848 0.0493945
3.17404 0.480588 0.426787 0.0538008
3.17471 0.470305 0.416191 0.0541134
3.17537 0.625907 0.58212 0.0437873
3.17604 0.46178 0.40625 0.0555298
3.17671 0.432866 0.372778 0.0600877
3.17737 0.435102 0.384533 0.0505689
3.17804 0.442867 0.383971 0.058896
3.1787 0.625617 0.583314 0.0423025
3.17937 0.465887 0.409807 0.0560798
3.18003 0.438045 0.388772 0.049273
3.1807 0.533789 0.476329 0.0574605
3.18136 0.41181 0.365532 0.0462775
3.18203 0.519267 0.472119 0.0471479
3.1827 0.60046 0.549767 0.0506929
3.18336 0.350358 0.29978 0.0505772
3.18403 0.514105 0.458553 0.0555522
3.18469 0.517909 0.465109 0.0528007
3.18536 0.473896 0.42138 0.052516
3.18602 0.40646 0.361 0.0454602
3.18669 0.648362 0.590446 0.0579163
3.18735 0.452131 0.401347 0.0507842
3.18802 0.443741 0.388187 0.0555544
3.18869 0.461108 0.418754 0.0423537
3.18935 0.387185 0.339023 0.0481619
3.19002 0.457079 0.409485 0.0475939
3.19068 0.467444 0.419525 0.0479193
3.19135 0.390195 0.340192 0.0500033
3.19201 0.511393 0.458829 0.0525642
3.19268 0.606055 0.555431 0.0506242
3.19334 0.599514 0.549938 0.0495757
3.19401 0.534134 0.479588 0.0545459
3.19468 0.463817 0.396756 0.0670617
3.19534 0.518625 0.466615 0.0520101
3.19601 0.423819 0.376488 0.0473304
3.19667 0.46244 0.403988 0.0584511
3.19734 0.627479 0.573232 0.0542473
3.198 0.607173 0.555859 0.0513146
3.19867 0.630321 0.57855 0.0517703
3.19933 0.596349 0.543678 0.0526717
3.2 0.541382 0.496637 0.0447453
