#1-Q [GeV] 2--dN/dQdY [GeV-1] 3--dN_{PreEq}/dQdY [GeV-1] 3--dN_{Hydro}/dQdY [GeV-1]
0 0 0 0
0.001001 0.00308947 0.00308947 0
0.002002 0.00764624 0.00764624 0
0.003003 0.0147398 0.0147398 0
0.004004 0.0211423 0.0211423 0
0.00500501 0.0249602 0.0249602 0
0.00600601 0.0309933 0.0309933 0
0.00700701 0.0390105 0.0390105 0
0.00800801 0.048833 0.048833 0
0.00900901 0.0537221 0.0537221 0
0.01001 0.0627613 0.0627613 0
0.011011 0.0664465 0.0664465 0
0.012012 0.0749614 0.0749614 0
0.013013 0.0806927 0.0806927 0
0.014014 0.0852994 0.0852994 0
0.015015 0.0932091 0.0932091 0
0.016016 0.0974248 0.0974248 0
0.017017 0.107568 0.107568 0
0.018018 0.113915 0.113915 0
0.019019 0.114822 0.114822 0
0.02002 0.124222 0.124222 0
0.021021 0.123866 0.123866 0
0.022022 0.141428 0.141428 0
0.023023 0.136122 0.136122 0
0.024024 0.14618 0.14618 0
0.025025 0.150741 0.150741 0
0.026026 0.159574 0.159574 0
0.027027 0.167149 0.167149 0
0.028028 0.171431 0.171431 0
0.029029 0.180465 0.180465 0
0.03003 0.17478 0.17478 0
0.031031 0.187964 0.187964 0
0.032032 0.20328 0.20328 0
0.033033 0.18658 0.18658 0
0.034034 0.20612 0.20612 0
0.035035 0.20022 0.20022 0
0.036036 0.210937 0.210937 0
0.037037 0.21086 0.21086 0
0.038038 0.227755 0.227755 0
0.039039 0.223611 0.223611 0
0.04004 0.227015 0.227015 0
0.041041 0.238631 0.238631 0
0.042042 0.231325 0.231325 0
0.043043 0.235382 0.235382 0
0.044044 0.265796 0.265796 0
0.045045 0.255271 0.255271 0
0.046046 0.256296 0.256296 0
0.047047 0.252275 0.252275 0
0.048048 0.271197 0.271197 0
0.049049 0.275602 0.275602 0
0.0500501 0.281821 0.281821 0
0.0510511 0.269856 0.269856 0
0.0520521 0.28845 0.28845 0
0.0530531 0.279837 0.279837 0
0.0540541 0.302238 0.302238 0
0.0550551 0.299913 0.299913 0
0.0560561 0.288315 0.288315 0
0.0570571 0.305531 0.305531 0
0.0580581 0.303658 0.303658 0
0.0590591 0.298773 0.298773 0
0.0600601 0.317965 0.317965 0
0.0610611 0.334685 0.334685 0
0.0620621 0.315736 0.315736 0
0.0630631 0.335833 0.335833 0
0.0640641 0.337882 0.337882 0
0.0650651 0.351031 0.351031 0
0.0660661 0.337562 0.337562 0
0.0670671 0.339452 0.339452 0
0.0680681 0.348574 0.348574 0
0.0690691 0.353839 0.353839 0
0.0700701 0.354262 0.354262 0
0.0710711 0.349495 0.349495 0
0.0720721 0.35559 0.35559 0
0.0730731 0.339478 0.339478 0
0.0740741 0.358348 0.358348 0
0.0750751 0.353868 0.353868 0
0.0760761 0.350646 0.350646 0
0.0770771 0.363258 0.363258 0
0.0780781 0.388546 0.388546 0
0.0790791 0.379861 0.379861 0
0.0800801 0.387768 0.387768 0
0.0810811 0.39982 0.39982 0
0.0820821 0.378915 0.378915 0
0.0830831 0.397621 0.397621 0
0.0840841 0.384593 0.384593 0
0.0850851 0.387064 0.387064 0
0.0860861 0.41006 0.41006 0
0.0870871 0.402474 0.402474 0
0.0880881 0.405729 0.405729 0
0.0890891 0.406145 0.406145 0
0.0900901 0.419036 0.419036 0
0.0910911 0.423682 0.423682 0
0.0920921 0.430272 0.430272 0
0.0930931 0.433006 0.433006 0
0.0940941 0.424535 0.424535 0
0.0950951 0.42406 0.42406 0
0.0960961 0.437847 0.437847 0
0.0970971 0.45207 0.45207 0
0.0980981 0.42706 0.42706 0
0.0990991 0.428391 0.428391 0
0.1001 0.425467 0.425467 0
0.101101 0.426897 0.426897 0
0.102102 0.455551 0.455551 0
0.103103 0.43937 0.43937 0
0.104104 0.438326 0.438326 0
0.105105 0.461051 0.461051 0
0.106106 0.460949 0.460949 0
0.107107 0.447608 0.447608 0
0.108108 0.474176 0.474176 0
0.109109 0.450492 0.450492 0
0.11011 0.473775 0.473775 0
0.111111 0.45916 0.45916 0
0.112112 0.445381 0.445381 0
0.113113 0.497335 0.497335 0
0.114114 0.48618 0.48618 0
0.115115 0.45421 0.45421 0
0.116116 0.473742 0.473742 0
0.117117 0.483044 0.483044 0
0.118118 0.498085 0.498085 0
0.119119 0.470999 0.470999 0
0.12012 0.508587 0.508587 0
0.121121 0.503408 0.503408 0
0.122122 0.511913 0.511913 0
0.123123 0.472992 0.472992 0
0.124124 0.510184 0.510184 0
0.125125 0.488125 0.488125 0
0.126126 0.490071 0.490071 0
0.127127 0.490144 0.490144 0
0.128128 0.502146 0.502146 0
0.129129 0.50823 0.50823 0
0.13013 0.504419 0.504419 0
0.131131 0.512507 0.512507 0
0.132132 0.533196 0.533196 0
0.133133 0.496184 0.496184 0
0.134134 0.545149 0.545149 0
0.135135 0.501667 0.501667 0
0.136136 0.519584 0.519584 0
0.137137 0.522583 0.522583 0
0.138138 0.55267 0.55267 0
0.139139 0.502498 0.502498 0
0.14014 0.558554 0.558554 0
0.141141 0.516459 0.516459 0
0.142142 0.516638 0.516638 0
0.143143 0.548856 0.548856 0
0.144144 0.532001 0.532001 0
0.145145 0.536186 0.536186 0
0.146146 0.541521 0.541521 0
0.147147 0.554235 0.554235 0
0.148148 0.555155 0.555155 0
0.149149 0.557045 0.557045 0
0.15015 0.577566 0.577566 0
0.151151 0.558547 0.558547 0
0.152152 0.577608 0.577608 0
0.153153 0.5547 0.5547 0
0.154154 0.541581 0.541581 0
0.155155 0.554067 0.554067 0
0.156156 0.573322 0.573322 0
0.157157 0.558487 0.558487 0
0.158158 0.578514 0.578514 0
0.159159 0.558492 0.558492 0
0.16016 0.568804 0.568804 0
0.161161 0.546658 0.546658 0
0.162162 0.592334 0.592334 0
0.163163 0.554896 0.554896 0
0.164164 0.597762 0.597762 0
0.165165 0.59522 0.59522 0
0.166166 0.554018 0.554018 0
0.167167 0.577652 0.577652 0
0.168168 0.600127 0.600127 0
0.169169 0.576071 0.576071 0
0.17017 0.587337 0.587337 0
0.171171 0.600649 0.600649 0
0.172172 0.598392 0.598392 0
0.173173 0.612169 0.612169 0
0.174174 0.589357 0.589357 0
0.175175 0.61406 0.61406 0
0.176176 0.633757 0.633757 0
0.177177 0.606358 0.606358 0
0.178178 0.613533 0.613533 0
0.179179 0.618858 0.618858 0
0.18018 0.587674 0.587674 0
0.181181 0.599781 0.599781 0
0.182182 0.587064 0.587064 0
0.183183 0.592143 0.592143 0
0.184184 0.62098 0.62098 0
0.185185 0.672996 0.672996 0
0.186186 0.605251 0.605251 0
0.187187 0.609321 0.609321 0
0.188188 0.640234 0.640234 0
0.189189 0.606649 0.606649 0
0.19019 0.625014 0.625014 0
0.191191 0.628748 0.628748 0
0.192192 0.609245 0.609245 0
0.193193 0.610711 0.610711 0
0.194194 0.643136 0.643136 0
0.195195 0.641053 0.641053 0
0.196196 0.640358 0.640358 0
0.197197 0.634803 0.634803 0
0.198198 0.645577 0.645577 0
0.199199 0.626908 0.626908 0
0.2002 0.643621 0.643621 0
0.201201 0.634976 0.634976 0
0.202202 0.675882 0.675882 0
0.203203 0.637233 0.637233 0
0.204204 0.641874 0.641874 0
0.205205 0.630997 0.630997 0
0.206206 0.644379 0.644379 0
0.207207 0.639526 0.639526 0
0.208208 0.642506 0.642506 0
0.209209 0.644807 0.644807 0
0.21021 0.627337 0.627337 0
0.211211 0.640876 0.640876 0
0.212212 0.64295 0.64295 0
0.213213 0.670905 0.670905 0
0.214214 0.651252 0.651252 0
0.215215 0.672474 0.672474 0
0.216216 0.656857 0.656857 0
0.217217 0.660421 0.660421 0
0.218218 0.661153 0.661153 0
0.219219 0.678287 0.678287 0
0.22022 0.678065 0.678065 0
0.221221 0.654985 0.654985 0
0.222222 0.653363 0.653363 0
0.223223 0.673504 0.673504 0
0.224224 0.683229 0.683229 0
0.225225 0.682705 0.682705 0
0.226226 0.637849 0.637849 0
0.227227 0.66897 0.66897 0
0.228228 0.686857 0.686857 0
0.229229 0.640554 0.640554 0
0.23023 0.636803 0.636803 0
0.231231 0.69377 0.69377 0
0.232232 0.67453 0.67453 0
0.233233 0.660266 0.660266 0
0.234234 0.685248 0.685248 0
0.235235 0.745403 0.745403 0
0.236236 0.680152 0.680152 0
0.237237 0.658587 0.658587 0
0.238238 0.670937 0.670937 0
0.239239 0.675567 0.675567 0
0.24024 0.697276 0.697276 0
0.241241 0.69145 0.69145 0
0.242242 0.657805 0.657805 0
0.243243 0.692081 0.692081 0
0.244244 0.720539 0.720539 0
0.245245 0.687494 0.687494 0
0.246246 0.688224 0.688224 0
0.247247 0.676343 0.676343 0
0.248248 0.661931 0.661931 0
0.249249 0.692843 0.692843 0
0.25025 0.71686 0.71686 0
0.251251 0.69207 0.69207 0
0.252252 0.671374 0.671374 0
0.253253 0.674827 0.674827 0
0.254254 0.69058 0.69058 0
0.255255 0.685423 0.685423 0
0.256256 0.707218 0.707218 0
0.257257 0.706882 0.706882 0
0.258258 0.702566 0.702566 0
0.259259 0.749465 0.749465 0
0.26026 0.681847 0.681847 0
0.261261 0.691177 0.691177 0
0.262262 0.731788 0.731788 0
0.263263 0.698825 0.698825 0
0.264264 0.720415 0.720415 0
0.265265 0.694835 0.694835 0
0.266266 0.684351 0.684351 0
0.267267 0.717779 0.717779 0
0.268268 0.743481 0.743481 0
0.269269 0.691043 0.691043 0
0.27027 0.741728 0.741728 0
0.271271 0.681124 0.681124 0
0.272272 0.722545 0.722545 0
0.273273 0.714322 0.714322 0
0.274274 0.705484 0.705484 0
0.275275 0.700712 0.700712 0
0.276276 0.718386 0.718386 0
0.277277 0.700756 0.700756 0
0.278278 0.710463 0.710463 0
0.279279 0.744678 0.744678 0
0.28028 0.709134 0.709134 0
0.281281 0.703061 0.703061 0
0.282282 0.721568 0.721568 0
0.283283 0.737057 0.737057 0
0.284284 0.754957 0.754957 0
0.285285 0.714115 0.714115 0
0.286286 0.725504 0.725504 0
0.287287 0.754481 0.754481 0
0.288288 0.6847 0.6847 0
0.289289 0.719642 0.719642 0
0.29029 0.689086 0.689086 0
0.291291 0.724686 0.724686 0
0.292292 0.71869 0.71869 0
0.293293 0.715916 0.715916 0
0.294294 0.762872 0.762872 0
0.295295 0.697857 0.697857 0
0.296296 0.769513 0.769513 0
0.297297 0.740429 0.740429 0
0.298298 0.76753 0.76753 0
0.299299 0.732628 0.732628 0
0.3003 0.718418 0.718418 0
0.301301 0.703336 0.703336 0
0.302302 0.721306 0.721306 0
0.303303 0.700897 0.700897 0
0.304304 0.723127 0.723127 0
0.305305 0.734697 0.734697 0
0.306306 0.730089 0.730089 0
0.307307 0.717977 0.717977 0
0.308308 0.731994 0.731994 0
0.309309 0.740221 0.740221 0
0.31031 0.717836 0.717836 0
0.311311 0.749655 0.749655 0
0.312312 0.771197 0.771197 0
0.313313 0.720313 0.720313 0
0.314314 0.754303 0.754303 0
0.315315 0.70532 0.70532 0
0.316316 0.730514 0.730514 0
0.317317 0.761157 0.761157 0
0.318318 0.739261 0.739261 0
0.319319 0.746579 0.746579 0
0.32032 0.742075 0.742075 0
0.321321 0.769179 0.769179 0
0.322322 0.749063 0.749063 0
0.323323 0.791897 0.791897 0
0.324324 0.75807 0.75807 0
0.325325 0.734735 0.734735 0
0.326326 0.750587 0.750587 0
0.327327 0.719037 0.719037 0
0.328328 0.787548 0.787548 0
0.329329 0.750925 0.750925 0
0.33033 0.783536 0.783536 0
0.331331 0.746677 0.746677 0
0.332332 0.74718 0.74718 0
0.333333 0.758968 0.758968 0
0.334334 0.739105 0.739105 0
0.335335 0.71362 0.71362 0
0.336336 0.786636 0.786636 0
0.337337 0.755294 0.755294 0
0.338338 0.758693 0.758693 0
0.339339 0.776957 0.776957 0
0.34034 0.791061 0.791061 0
0.341341 0.758199 0.758199 0
0.342342 0.755621 0.755621 0
0.343343 0.747993 0.747993 0
0.344344 0.763743 0.763743 0
0.345345 0.776231 0.776231 0
0.346346 0.803663 0.803663 0
0.347347 0.74089 0.74089 0
0.348348 0.778928 0.778928 0
0.349349 0.731374 0.731374 0
0.35035 0.811372 0.811372 0
0.351351 0.775755 0.775755 0
0.352352 0.762233 0.762233 0
0.353353 0.783222 0.783222 0
0.354354 0.735178 0.735178 0
0.355355 0.810918 0.810918 0
0.356356 0.779898 0.779898 0
0.357357 0.813803 0.813803 0
0.358358 0.742165 0.742165 0
0.359359 0.780432 0.780432 0
0.36036 0.803652 0.803652 0
0.361361 0.819169 0.819169 0
0.362362 0.796139 0.796139 0
0.363363 0.770993 0.770993 0
0.364364 0.828414 0.828414 0
0.365365 0.810806 0.810806 0
0.366366 0.770188 0.770188 0
0.367367 0.761695 0.761695 0
0.368368 0.842002 0.842002 0
0.369369 0.784841 0.784841 0
0.37037 0.760746 0.760746 0
0.371371 0.832856 0.832856 0
0.372372 0.782881 0.782881 0
0.373373 0.756888 0.756888 0
0.374374 0.770978 0.770978 0
0.375375 0.782514 0.782514 0
0.376376 0.828577 0.828577 0
0.377377 0.829579 0.829579 0
0.378378 0.850307 0.850307 0
0.379379 0.814012 0.814012 0
0.38038 0.798195 0.798195 0
0.381381 0.775811 0.775811 0
0.382382 0.852497 0.852497 0
0.383383 0.823721 0.823721 0
0.384384 0.793354 0.793354 0
0.385385 0.826659 0.826659 0
0.386386 0.853987 0.853987 0
0.387387 0.767301 0.767301 0
0.388388 0.849796 0.849796 0
0.389389 0.820778 0.820778 0
0.39039 0.830467 0.830467 0
0.391391 0.799329 0.799329 0
0.392392 0.766423 0.766423 0
0.393393 0.801014 0.801014 0
0.394394 0.829174 0.829174 0
0.395395 0.785377 0.785377 0
0.396396 0.762538 0.762538 0
0.397397 0.848956 0.848956 0
0.398398 0.794376 0.794376 0
0.399399 0.804096 0.804096 0
0.4004 0.802139 0.802139 0
0.401401 0.851183 0.851183 0
0.402402 0.865044 0.865044 0
0.403403 0.862819 0.862819 0
0.404404 0.826268 0.826268 0
0.405405 0.789235 0.789235 0
0.406406 0.803142 0.803142 0
0.407407 0.822199 0.822199 0
0.408408 0.799994 0.799994 0
0.409409 0.733773 0.733773 0
0.41041 0.792876 0.792876 0
0.411411 0.796991 0.796991 0
0.412412 0.807606 0.807606 0
0.413413 0.854949 0.854949 0
0.414414 0.897381 0.897381 0
0.415415 0.854145 0.854145 0
0.416416 0.803864 0.803864 0
0.417417 0.899499 0.899499 0
0.418418 0.802702 0.802702 0
0.419419 0.800477 0.800477 0
0.42042 0.818893 0.818893 0
0.421421 0.885375 0.885375 0
0.422422 0.801541 0.801541 0
0.423423 0.80524 0.80524 0
0.424424 0.837382 0.837382 0
0.425425 0.773486 0.773486 0
0.426426 0.861877 0.861877 0
0.427427 0.817953 0.817953 0
0.428428 0.802407 0.802407 0
0.429429 0.751272 0.751272 0
0.43043 0.736415 0.736415 0
0.431431 0.80357 0.80357 0
0.432432 0.861887 0.861887 0
0.433433 0.82441 0.82441 0
0.434434 0.788926 0.788926 0
0.435435 0.807393 0.807393 0
0.436436 0.820464 0.820464 0
0.437437 0.845098 0.845098 0
0.438438 0.835954 0.835954 0
0.439439 0.818645 0.818645 0
0.44044 0.833731 0.833731 0
0.441441 0.875897 0.875897 0
0.442442 0.809976 0.809976 0
0.443443 0.800975 0.800975 0
0.444444 0.843301 0.843301 0
0.445445 0.804392 0.804392 0
0.446446 0.834243 0.834243 0
0.447447 0.796785 0.796785 0
0.448448 0.844702 0.844702 0
0.449449 0.865666 0.865666 0
0.45045 0.817495 0.817495 0
0.451451 0.818491 0.818491 0
0.452452 0.77777 0.77777 0
0.453453 0.845955 0.845955 0
0.454454 0.813332 0.813332 0
0.455455 0.802823 0.802823 0
0.456456 0.796789 0.796789 0
0.457457 0.758233 0.758233 0
0.458458 0.845512 0.845512 0
0.459459 0.882446 0.882446 0
0.46046 0.77878 0.77878 0
0.461461 0.847528 0.847528 0
0.462462 0.832387 0.832387 0
0.463463 0.811516 0.811516 0
0.464464 0.837261 0.837261 0
0.465465 0.833968 0.833968 0
0.466466 0.835301 0.835301 0
0.467467 0.841533 0.841533 0
0.468468 0.814846 0.814846 0
0.469469 0.876595 0.876595 0
0.47047 0.837086 0.837086 0
0.471471 0.810996 0.810996 0
0.472472 0.830959 0.830959 0
0.473473 0.815004 0.815004 0
0.474474 0.808488 0.808488 0
0.475475 0.841404 0.841404 0
0.476476 0.789264 0.789264 0
0.477477 0.845623 0.845623 0
0.478478 0.800794 0.800794 0
0.479479 0.809144 0.809144 0
0.48048 0.833821 0.833821 0
0.481481 0.839544 0.839544 0
0.482482 0.919381 0.919381 0
0.483483 0.862057 0.862057 0
0.484484 0.848628 0.848628 0
0.485485 0.816426 0.816426 0
0.486486 0.791219 0.791219 0
0.487487 0.84358 0.84358 0
0.488488 0.862013 0.862013 0
0.489489 0.830464 0.830464 0
0.49049 0.866146 0.866146 0
0.491491 0.825982 0.825982 0
0.492492 0.802509 0.802509 0
0.493493 0.856726 0.856726 0
0.494494 0.853011 0.853011 0
0.495495 0.871641 0.871641 0
0.496496 0.838783 0.838783 0
0.497497 0.847577 0.847577 0
0.498498 0.848485 0.848485 0
0.499499 0.896991 0.896991 0
0.500501 0.858552 0.858552 0
0.501502 0.823331 0.823331 0
0.502503 0.849801 0.849801 0
0.503504 0.873169 0.873169 0
0.504505 0.874414 0.874414 0
0.505506 0.861653 0.861653 0
0.506507 0.785515 0.785515 0
0.507508 0.834023 0.834023 0
0.508509 0.895577 0.895577 0
0.50951 0.897199 0.897199 0
0.510511 0.860982 0.860982 0
0.511512 0.779838 0.779838 0
0.512513 0.889617 0.889617 0
0.513514 0.87238 0.87238 0
0.514515 0.875142 0.875142 0
0.515516 0.908155 0.908155 0
0.516517 0.925447 0.925447 0
0.517518 0.880799 0.880799 0
0.518519 0.866359 0.866359 0
0.51952 0.877767 0.877767 0
0.520521 0.853684 0.853684 0
0.521522 0.865631 0.865631 0
0.522523 0.857795 0.857795 0
0.523524 0.8039 0.8039 0
0.524525 0.79906 0.79906 0
0.525526 0.87145 0.87145 0
0.526527 0.910728 0.910728 0
0.527528 0.903807 0.903807 0
0.528529 0.889811 0.889811 0
0.52953 0.865416 0.865416 0
0.530531 0.852969 0.852969 0
0.531532 0.858381 0.858381 0
0.532533 0.807259 0.807259 0
0.533534 0.868941 0.868941 0
0.534535 0.887803 0.887803 0
0.535536 0.848179 0.848179 0
0.536537 0.859048 0.859048 0
0.537538 0.863128 0.863128 0
0.538539 0.879502 0.879502 0
0.53954 0.899566 0.899566 0
0.540541 0.922726 0.922726 0
0.541542 0.825721 0.825721 0
0.542543 0.853261 0.853261 0
0.543544 0.884669 0.884669 0
0.544545 0.893175 0.893175 0
0.545546 0.866055 0.866055 0
0.546547 0.884628 0.884628 0
0.547548 0.81056 0.81056 0
0.548549 0.855292 0.855292 0
0.54955 0.834851 0.834851 0
0.550551 0.861161 0.861161 0
0.551552 0.863577 0.863577 0
0.552553 0.879371 0.879371 0
0.553554 0.849795 0.849795 0
0.554555 0.836538 0.836538 0
0.555556 0.821168 0.821168 0
0.556557 0.877899 0.877899 0
0.557558 0.882542 0.882542 0
0.558559 0.912593 0.912593 0
0.55956 0.852696 0.852696 0
0.560561 0.874116 0.874116 0
0.561562 0.836252 0.836252 0
0.562563 0.847199 0.847199 0
0.563564 0.903437 0.903437 0
0.564565 0.839127 0.839127 0
0.565566 0.852869 0.852869 0
0.566567 0.827061 0.827061 0
0.567568 0.899971 0.899971 0
0.568569 0.923524 0.923524 0
0.56957 0.926351 0.926351 0
0.570571 0.854741 0.854741 0
0.571572 0.894038 0.894038 0
0.572573 0.851846 0.851846 0
0.573574 0.908856 0.908856 0
0.574575 0.867532 0.867532 0
0.575576 0.899212 0.899212 0
0.576577 0.852862 0.852862 0
0.577578 0.852076 0.852076 0
0.578579 0.90563 0.90563 0
0.57958 0.878837 0.878837 0
0.580581 0.856101 0.856101 0
0.581582 0.918522 0.918522 0
0.582583 0.822392 0.822392 0
0.583584 0.886502 0.886502 0
0.584585 0.964021 0.964021 0
0.585586 0.901154 0.901154 0
0.586587 0.879195 0.879195 0
0.587588 0.87212 0.87212 0
0.588589 0.84523 0.84523 0
0.58959 0.892467 0.892467 0
0.590591 0.877426 0.877426 0
0.591592 0.83824 0.83824 0
0.592593 0.860697 0.860697 0
0.593594 0.927262 0.927262 0
0.594595 0.935556 0.935556 0
0.595596 0.901601 0.901601 0
0.596597 0.897754 0.897754 0
0.597598 0.875932 0.875932 0
0.598599 0.856749 0.856749 0
0.5996 0.91118 0.91118 0
0.600601 0.92934 0.92934 0
0.601602 0.859025 0.859025 0
0.602603 0.834689 0.834689 0
0.603604 0.813404 0.813404 0
0.604605 0.923287 0.923287 0
0.605606 0.900845 0.900845 0
0.606607 0.904672 0.904672 0
0.607608 0.836724 0.836724 0
0.608609 0.868263 0.868263 0
0.60961 0.828445 0.828445 0
0.610611 0.807366 0.807366 0
0.611612 0.920591 0.920591 0
0.612613 0.922958 0.922958 0
0.613614 0.935123 0.935123 0
0.614615 0.883021 0.883021 0
0.615616 0.853593 0.853593 0
0.616617 0.957962 0.957962 0
0.617618 0.835127 0.835127 0
0.618619 0.946591 0.946591 0
0.61962 0.874255 0.874255 0
0.620621 0.885609 0.885609 0
0.621622 0.89259 0.89259 0
0.622623 0.922168 0.922168 0
0.623624 0.971039 0.971039 0
0.624625 0.893085 0.893085 0
0.625626 0.930995 0.930995 0
0.626627 0.909916 0.909916 0
0.627628 0.920843 0.920843 0
0.628629 0.9336 0.9336 0
0.62963 0.901665 0.901665 0
0.630631 0.932632 0.932632 0
0.631632 0.827607 0.827607 0
0.632633 0.891211 0.891211 0
0.633634 0.851667 0.851667 0
0.634635 0.917638 0.917638 0
0.635636 0.855805 0.855805 0
0.636637 0.940851 0.940851 0
0.637638 0.864123 0.864123 0
0.638639 0.873767 0.873767 0
0.63964 0.943405 0.943405 0
0.640641 0.916257 0.916257 0
0.641642 0.938426 0.938426 0
0.642643 0.958431 0.958431 0
0.643644 0.845425 0.845425 0
0.644645 0.919553 0.919553 0
0.645646 0.907967 0.907967 0
0.646647 0.972819 0.972819 0
0.647648 0.862899 0.862899 0
0.648649 0.925405 0.925405 0
0.64965 0.913652 0.913652 0
0.650651 0.926603 0.926603 0
0.651652 0.825185 0.825185 0
0.652653 0.958288 0.958288 0
0.653654 0.850339 0.850339 0
0.654655 0.893548 0.893548 0
0.655656 0.944319 0.944319 0
0.656657 0.831938 0.831938 0
0.657658 0.861311 0.861311 0
0.658659 0.9324 0.9324 0
0.65966 0.859759 0.859759 0
0.660661 0.839191 0.839191 0
0.661662 0.923622 0.923622 0
0.662663 0.887424 0.887424 0
0.663664 0.861256 0.861256 0
0.664665 0.928123 0.928123 0
0.665666 0.911686 0.911686 0
0.666667 0.916694 0.916694 0
0.667668 0.946 0.946 0
0.668669 0.919747 0.919747 0
0.66967 0.901559 0.901559 0
0.670671 0.841053 0.841053 0
0.671672 0.949963 0.949963 0
0.672673 0.925087 0.925087 0
0.673674 0.934785 0.934785 0
0.674675 0.938138 0.938138 0
0.675676 0.86367 0.86367 0
0.676677 0.855072 0.855072 0
0.677678 0.906716 0.906716 0
0.678679 0.898718 0.898718 0
0.67968 0.880844 0.880844 0
0.680681 0.941401 0.941401 0
0.681682 0.945957 0.945957 0
0.682683 0.91563 0.91563 0
0.683684 0.877166 0.877166 0
0.684685 1.00087 1.00087 0
0.685686 0.907275 0.907275 0
0.686687 0.909284 0.909284 0
0.687688 0.987312 0.987312 0
0.688689 0.878559 0.878559 0
0.68969 0.862591 0.862591 0
0.690691 0.875852 0.875852 0
0.691692 0.873796 0.873796 0
0.692693 0.885713 0.885713 0
0.693694 0.896893 0.896893 0
0.694695 0.889229 0.889229 0
0.695696 0.898146 0.898146 0
0.696697 0.902081 0.902081 0
0.697698 0.977419 0.977419 0
0.698699 0.89269 0.89269 0
0.6997 0.880984 0.880984 0
0.700701 0.857569 0.857569 0
0.701702 0.868501 0.868501 0
0.702703 0.940278 0.940278 0
0.703704 0.9679 0.9679 0
0.704705 0.972948 0.972948 0
0.705706 0.886746 0.886746 0
0.706707 0.941595 0.941595 0
0.707708 0.915826 0.915826 0
0.708709 0.893967 0.893967 0
0.70971 0.938299 0.938299 0
0.710711 0.802603 0.802603 0
0.711712 0.904698 0.904698 0
0.712713 0.85423 0.85423 0
0.713714 0.926642 0.926642 0
0.714715 0.878944 0.878944 0
0.715716 0.88843 0.88843 0
0.716717 0.999789 0.999789 0
0.717718 0.879015 0.879015 0
0.718719 0.890963 0.890963 0
0.71972 0.926091 0.926091 0
0.720721 0.8686 0.8686 0
0.721722 1.00325 1.00325 0
0.722723 0.880073 0.880073 0
0.723724 0.937401 0.937401 0
0.724725 0.889946 0.889946 0
0.725726 0.989181 0.989181 0
0.726727 0.891727 0.891727 0
0.727728 0.947818 0.947818 0
0.728729 0.900196 0.900196 0
0.72973 0.920442 0.920442 0
0.730731 0.942648 0.942648 0
0.731732 0.924271 0.924271 0
0.732733 0.923085 0.923085 0
0.733734 0.921044 0.921044 0
0.734735 0.924281 0.924281 0
0.735736 0.866811 0.866811 0
0.736737 0.906002 0.906002 0
0.737738 0.876116 0.876116 0
0.738739 0.881519 0.881519 0
0.73974 0.962597 0.962597 0
0.740741 0.944356 0.944356 0
0.741742 0.90039 0.90039 0
0.742743 0.846627 0.846627 0
0.743744 0.909049 0.909049 0
0.744745 0.870009 0.870009 0
0.745746 0.937798 0.937798 0
0.746747 0.945971 0.945971 0
0.747748 0.864193 0.864193 0
0.748749 0.882866 0.882866 0
0.74975 0.935132 0.935132 0
0.750751 0.98864 0.98864 0
0.751752 0.896871 0.896871 0
0.752753 0.904166 0.904166 0
0.753754 0.936684 0.936684 0
0.754755 0.9587 0.9587 0
0.755756 0.868053 0.868053 0
0.756757 0.861453 0.861453 0
0.757758 0.874173 0.874173 0
0.758759 0.896365 0.896365 0
0.75976 0.917211 0.917211 0
0.760761 0.945488 0.945488 0
0.761762 0.859147 0.859147 0
0.762763 0.883876 0.883876 0
0.763764 0.996344 0.996344 0
0.764765 0.889646 0.889646 0
0.765766 0.903709 0.903709 0
0.766767 0.910722 0.910722 0
0.767768 0.949569 0.949569 0
0.768769 0.909129 0.909129 0
0.76977 0.945177 0.945177 0
0.770771 0.922296 0.922296 0
0.771772 0.938206 0.938206 0
0.772773 0.893658 0.893658 0
0.773774 0.932189 0.932189 0
0.774775 0.880012 0.880012 0
0.775776 0.805297 0.805297 0
0.776777 0.936083 0.936083 0
0.777778 0.961739 0.961739 0
0.778779 0.948378 0.948378 0
0.77978 0.958885 0.958885 0
0.780781 0.89759 0.89759 0
0.781782 0.938725 0.938725 0
0.782783 0.887402 0.887402 0
0.783784 0.927638 0.927638 0
0.784785 0.960279 0.960279 0
0.785786 0.863086 0.863086 0
0.786787 0.962411 0.962411 0
0.787788 0.927701 0.927701 0
0.788789 0.972677 0.972677 0
0.78979 0.954602 0.954602 0
0.790791 0.910776 0.910776 0
0.791792 0.932428 0.932428 0
0.792793 0.901421 0.901421 0
0.793794 0.938477 0.938477 0
0.794795 0.94328 0.94328 0
0.795796 0.872267 0.872267 0
0.796797 0.964739 0.964739 0
0.797798 0.957433 0.957433 0
0.798799 0.957094 0.957094 0
0.7998 0.874817 0.874817 0
0.800801 0.873623 0.873623 0
0.801802 0.913373 0.913373 0
0.802803 0.913041 0.913041 0
0.803804 0.883651 0.883651 0
0.804805 0.844988 0.844988 0
0.805806 0.892726 0.892726 0
0.806807 0.933023 0.933023 0
0.807808 0.93898 0.93898 0
0.808809 0.980978 0.980978 0
0.80981 0.88457 0.88457 0
0.810811 0.960747 0.960747 0
0.811812 0.919673 0.919673 0
0.812813 0.897683 0.897683 0
0.813814 0.904216 0.904216 0
0.814815 0.929955 0.929955 0
0.815816 0.901284 0.901284 0
0.816817 0.920643 0.920643 0
0.817818 1.01699 1.01699 0
0.818819 0.908834 0.908834 0
0.81982 0.915921 0.915921 0
0.820821 0.879241 0.879241 0
0.821822 0.870418 0.870418 0
0.822823 0.913808 0.913808 0
0.823824 0.904777 0.904777 0
0.824825 0.911905 0.911905 0
0.825826 0.892196 0.892196 0
0.826827 0.847454 0.847454 0
0.827828 0.962728 0.962728 0
0.828829 0.954203 0.954203 0
0.82983 0.87913 0.87913 0
0.830831 0.911638 0.911638 0
0.831832 0.923869 0.923869 0
0.832833 0.939932 0.939932 0
0.833834 0.86217 0.86217 0
0.834835 1.04203 1.04203 0
0.835836 0.97836 0.97836 0
0.836837 0.902088 0.902088 0
0.837838 0.899688 0.899688 0
0.838839 0.905824 0.905824 0
0.83984 0.917067 0.917067 0
0.840841 1.01435 1.01435 0
0.841842 0.964024 0.964024 0
0.842843 0.951817 0.951817 0
0.843844 0.98307 0.98307 0
0.844845 0.969597 0.969597 0
0.845846 0.977334 0.977334 0
0.846847 0.924616 0.924616 0
0.847848 0.960867 0.960867 0
0.848849 0.913543 0.913543 0
0.84985 0.896114 0.896114 0
0.850851 0.983451 0.983451 0
0.851852 0.969645 0.969645 0
0.852853 0.990449 0.990449 0
0.853854 0.906335 0.906335 0
0.854855 0.892724 0.892724 0
0.855856 0.932172 0.932172 0
0.856857 0.892958 0.892958 0
0.857858 0.910808 0.910808 0
0.858859 0.908677 0.908677 0
0.85986 0.902696 0.902696 0
0.860861 0.838738 0.838738 0
0.861862 0.863432 0.863432 0
0.862863 0.906566 0.906566 0
0.863864 0.926974 0.926974 0
0.864865 0.893269 0.893269 0
0.865866 0.919343 0.919343 0
0.866867 0.91025 0.91025 0
0.867868 0.94092 0.94092 0
0.868869 0.902989 0.902989 0
0.86987 0.961436 0.961436 0
0.870871 0.881852 0.881852 0
0.871872 0.924582 0.924582 0
0.872873 0.928849 0.928849 0
0.873874 0.910258 0.910258 0
0.874875 0.842877 0.842877 0
0.875876 0.931364 0.931364 0
0.876877 0.835463 0.835463 0
0.877878 0.930053 0.930053 0
0.878879 0.948857 0.948857 0
0.87988 0.95999 0.95999 0
0.880881 0.936798 0.936798 0
0.881882 0.8793 0.8793 0
0.882883 0.909092 0.909092 0
0.883884 0.972504 0.972504 0
0.884885 0.93375 0.93375 0
0.885886 0.862245 0.862245 0
0.886887 0.94646 0.94646 0
0.887888 0.893543 0.893543 0
0.888889 0.923767 0.923767 0
0.88989 0.961441 0.961441 0
0.890891 0.929357 0.929357 0
0.891892 0.856597 0.856597 0
0.892893 0.855445 0.855445 0
0.893894 0.890859 0.890859 0
0.894895 1.00284 1.00284 0
0.895896 0.940558 0.940558 0
0.896897 0.950395 0.950395 0
0.897898 0.956045 0.956045 0
0.898899 0.907562 0.907562 0
0.8999 0.883383 0.883383 0
0.900901 0.962644 0.962644 0
0.901902 0.879546 0.879546 0
0.902903 0.919818 0.919818 0
0.903904 0.942634 0.942634 0
0.904905 0.971424 0.971424 0
0.905906 0.891763 0.891763 0
0.906907 1.01509 1.01509 0
0.907908 0.90971 0.90971 0
0.908909 0.935513 0.935513 0
0.90991 0.956715 0.956715 0
0.910911 0.997741 0.997741 0
0.911912 1.01491 1.01491 0
0.912913 0.999717 0.999717 0
0.913914 0.915437 0.915437 0
0.914915 0.971056 0.971056 0
0.915916 0.940388 0.940388 0
0.916917 0.943774 0.943774 0
0.917918 0.917782 0.917782 0
0.918919 0.947809 0.947809 0
0.91992 0.963275 0.963275 0
0.920921 0.881398 0.881398 0
0.921922 0.863505 0.863505 0
0.922923 1.01378 1.01378 0
0.923924 0.958327 0.958327 0
0.924925 0.908941 0.908941 0
0.925926 0.86074 0.86074 0
0.926927 0.880662 0.880662 0
0.927928 0.917541 0.917541 0
0.928929 0.981877 0.981877 0
0.92993 0.93038 0.93038 0
0.930931 1.00489 1.00489 0
0.931932 0.96346 0.96346 0
0.932933 0.941327 0.941327 0
0.933934 0.972126 0.972126 0
0.934935 0.945381 0.945381 0
0.935936 0.937277 0.937277 0
0.936937 0.894271 0.894271 0
0.937938 0.921518 0.921518 0
0.938939 0.943661 0.943661 0
0.93994 0.978658 0.978658 0
0.940941 0.976831 0.976831 0
0.941942 0.997488 0.997488 0
0.942943 0.891084 0.891084 0
0.943944 0.911774 0.911774 0
0.944945 0.908343 0.908343 0
0.945946 0.979416 0.979416 0
0.946947 0.996151 0.996151 0
0.947948 0.926304 0.926304 0
0.948949 0.944918 0.944918 0
0.94995 1.00539 1.00539 0
0.950951 0.973323 0.973323 0
0.951952 0.966117 0.966117 0
0.952953 0.943931 0.943931 0
0.953954 0.943895 0.943895 0
0.954955 0.896046 0.896046 0
0.955956 0.930206 0.930206 0
0.956957 0.932233 0.932233 0
0.957958 0.870538 0.870538 0
0.958959 0.931005 0.931005 0
0.95996 0.958836 0.958836 0
0.960961 0.930478 0.930478 0
0.961962 0.971117 0.971117 0
0.962963 0.822585 0.822585 0
0.963964 0.901105 0.901105 0
0.964965 1.05455 1.05455 0
0.965966 0.945852 0.945852 0
0.966967 0.965626 0.965626 0
0.967968 0.944236 0.944236 0
0.968969 0.966531 0.966531 0
0.96997 0.86569 0.86569 0
0.970971 0.890995 0.890995 0
0.971972 0.974389 0.974389 0
0.972973 1.02033 1.02033 0
0.973974 0.982507 0.982507 0
0.974975 0.873018 0.873018 0
0.975976 0.958582 0.958582 0
0.976977 0.974707 0.974707 0
0.977978 0.922513 0.922513 0
0.978979 0.885463 0.885463 0
0.97998 1.04721 1.04721 0
0.980981 0.883849 0.883849 0
0.981982 0.92137 0.92137 0
0.982983 0.976369 0.976369 0
0.983984 0.961449 0.961449 0
0.984985 0.904018 0.904018 0
0.985986 0.943967 0.943967 0
0.986987 0.936781 0.936781 0
0.987988 0.976696 0.976696 0
0.988989 0.915544 0.915544 0
0.98999 0.91278 0.91278 0
0.990991 0.996094 0.996094 0
0.991992 0.944582 0.944582 0
0.992993 0.903144 0.903144 0
0.993994 0.917724 0.917724 0
0.994995 0.929131 0.929131 0
0.995996 0.951131 0.951131 0
0.996997 0.916813 0.916813 0
0.997998 0.879299 0.879299 0
0.998999 0.973335 0.973335 0
1 0.909941 0.909941 0
