#1-Q [GeV] 2--dN/dQdY [GeV-1] 3--dN_{PreEq}/dQdY [GeV-1] 3--dN_{Hydro}/dQdY [GeV-1]
0 0 0 0
0.001001 0.00618232 0.00618232 0
0.002002 0.0164423 0.0164423 0
0.003003 0.0272173 0.0272173 0
0.004004 0.0430343 0.0430343 0
0.00500501 0.0556105 0.0556105 0
0.00600601 0.06923 0.06923 0
0.00700701 0.0816956 0.0816956 0
0.00800801 0.0989363 0.0989363 0
0.00900901 0.111476 0.111476 0
0.01001 0.121414 0.121414 0
0.011011 0.136648 0.136648 0
0.012012 0.155347 0.155347 0
0.013013 0.168289 0.168289 0
0.014014 0.176894 0.176894 0
0.015015 0.197793 0.197793 0
0.016016 0.206445 0.206445 0
0.017017 0.211633 0.211633 0
0.018018 0.234361 0.234361 0
0.019019 0.241012 0.241012 0
0.02002 0.252228 0.252228 0
0.021021 0.262165 0.262165 0
0.022022 0.285849 0.285849 0
0.023023 0.290156 0.290156 0
0.024024 0.301993 0.301993 0
0.025025 0.316971 0.316971 0
0.026026 0.332802 0.332802 0
0.027027 0.341706 0.341706 0
0.028028 0.355665 0.355665 0
0.029029 0.376824 0.376824 0
0.03003 0.38259 0.38259 0
0.031031 0.403308 0.403308 0
0.032032 0.391071 0.391071 0
0.033033 0.399388 0.399388 0
0.034034 0.414033 0.414033 0
0.035035 0.424589 0.424589 0
0.036036 0.450396 0.450396 0
0.037037 0.446471 0.446471 0
0.038038 0.455754 0.455754 0
0.039039 0.475977 0.475977 0
0.04004 0.478941 0.478941 0
0.041041 0.485936 0.485936 0
0.042042 0.491576 0.491576 0
0.043043 0.506191 0.506191 0
0.044044 0.509296 0.509296 0
0.045045 0.52608 0.52608 0
0.046046 0.522271 0.522271 0
0.047047 0.539484 0.539484 0
0.048048 0.54684 0.54684 0
0.049049 0.556672 0.556672 0
0.0500501 0.568415 0.568415 0
0.0510511 0.568776 0.568776 0
0.0520521 0.582965 0.582965 0
0.0530531 0.57772 0.57772 0
0.0540541 0.584215 0.584215 0
0.0550551 0.592704 0.592704 0
0.0560561 0.619922 0.619922 0
0.0570571 0.612655 0.612655 0
0.0580581 0.627077 0.627077 0
0.0590591 0.615512 0.615512 0
0.0600601 0.637728 0.637728 0
0.0610611 0.65688 0.65688 0
0.0620621 0.665916 0.665916 0
0.0630631 0.676819 0.676819 0
0.0640641 0.652504 0.652504 0
0.0650651 0.656939 0.656939 0
0.0660661 0.664875 0.664875 0
0.0670671 0.668887 0.668887 0
0.0680681 0.686577 0.686577 0
0.0690691 0.712323 0.712323 0
0.0700701 0.738118 0.738118 0
0.0710711 0.740671 0.740671 0
0.0720721 0.717512 0.717512 0
0.0730731 0.718783 0.718783 0
0.0740741 0.748082 0.748082 0
0.0750751 0.74131 0.74131 0
0.0760761 0.748316 0.748316 0
0.0770771 0.763312 0.763312 0
0.0780781 0.74618 0.74618 0
0.0790791 0.755941 0.755941 0
0.0800801 0.7862 0.7862 0
0.0810811 0.782818 0.782818 0
0.0820821 0.784101 0.784101 0
0.0830831 0.81344 0.81344 0
0.0840841 0.824146 0.824146 0
0.0850851 0.824195 0.824195 0
0.0860861 0.823992 0.823992 0
0.0870871 0.833065 0.833065 0
0.0880881 0.820133 0.820133 0
0.0890891 0.804889 0.804889 0
0.0900901 0.831363 0.831363 0
0.0910911 0.828151 0.828151 0
0.0920921 0.857906 0.857906 0
0.0930931 0.85026 0.85026 0
0.0940941 0.850646 0.850646 0
0.0950951 0.879914 0.879914 0
0.0960961 0.857914 0.857914 0
0.0970971 0.862899 0.862899 0
0.0980981 0.866876 0.866876 0
0.0990991 0.901479 0.901479 0
0.1001 0.89417 0.89417 0
0.101101 0.898349 0.898349 0
0.102102 0.902687 0.902687 0
0.103103 0.913744 0.913744 0
0.104104 0.886356 0.886356 0
0.105105 0.887345 0.887345 0
0.106106 0.950904 0.950904 0
0.107107 0.926183 0.926183 0
0.108108 0.948046 0.948046 0
0.109109 0.902455 0.902455 0
0.11011 0.914768 0.914768 0
0.111111 0.942227 0.942227 0
0.112112 0.964184 0.964184 0
0.113113 0.943275 0.943275 0
0.114114 0.92752 0.92752 0
0.115115 0.965561 0.965561 0
0.116116 0.957009 0.957009 0
0.117117 0.973777 0.973777 0
0.118118 0.986078 0.986078 0
0.119119 0.971903 0.971903 0
0.12012 1.01502 1.01502 0
0.121121 0.981345 0.981345 0
0.122122 0.972812 0.972812 0
0.123123 1.01573 1.01573 0
0.124124 1.02493 1.02493 0
0.125125 0.986361 0.986361 0
0.126126 1.01983 1.01983 0
0.127127 1.00754 1.00754 0
0.128128 0.999346 0.999346 0
0.129129 1.03799 1.03799 0
0.13013 1.05108 1.05108 0
0.131131 1.01727 1.01727 0
0.132132 1.03326 1.03326 0
0.133133 0.989388 0.989388 0
0.134134 1.03402 1.03402 0
0.135135 1.03956 1.03956 0
0.136136 1.00507 1.00507 0
0.137137 1.09071 1.09071 0
0.138138 1.08135 1.08135 0
0.139139 1.06108 1.06108 0
0.14014 1.0731 1.0731 0
0.141141 1.0412 1.0412 0
0.142142 1.06408 1.06408 0
0.143143 1.04407 1.04407 0
0.144144 1.1075 1.1075 0
0.145145 1.06155 1.06155 0
0.146146 1.09492 1.09492 0
0.147147 1.13237 1.13237 0
0.148148 1.08286 1.08286 0
0.149149 1.06879 1.06879 0
0.15015 1.09936 1.09936 0
0.151151 1.10141 1.10141 0
0.152152 1.07928 1.07928 0
0.153153 1.10606 1.10606 0
0.154154 1.0849 1.0849 0
0.155155 1.09316 1.09316 0
0.156156 1.09524 1.09524 0
0.157157 1.06872 1.06872 0
0.158158 1.11645 1.11645 0
0.159159 1.12453 1.12453 0
0.16016 1.10432 1.10432 0
0.161161 1.09026 1.09026 0
0.162162 1.14296 1.14296 0
0.163163 1.11169 1.11169 0
0.164164 1.15171 1.15171 0
0.165165 1.12495 1.12495 0
0.166166 1.1651 1.1651 0
0.167167 1.10887 1.10887 0
0.168168 1.12867 1.12867 0
0.169169 1.12216 1.12216 0
0.17017 1.14771 1.14771 0
0.171171 1.1166 1.1166 0
0.172172 1.14996 1.14996 0
0.173173 1.14213 1.14213 0
0.174174 1.14531 1.14531 0
0.175175 1.20561 1.20561 0
0.176176 1.20922 1.20922 0
0.177177 1.16955 1.16955 0
0.178178 1.21315 1.21315 0
0.179179 1.20766 1.20766 0
0.18018 1.16937 1.16937 0
0.181181 1.16311 1.16311 0
0.182182 1.15958 1.15958 0
0.183183 1.1525 1.1525 0
0.184184 1.20611 1.20611 0
0.185185 1.19915 1.19915 0
0.186186 1.18564 1.18564 0
0.187187 1.22221 1.22221 0
0.188188 1.2245 1.2245 0
0.189189 1.18814 1.18814 0
0.19019 1.19651 1.19651 0
0.191191 1.19225 1.19225 0
0.192192 1.22807 1.22807 0
0.193193 1.22395 1.22395 0
0.194194 1.2278 1.2278 0
0.195195 1.21387 1.21387 0
0.196196 1.19167 1.19167 0
0.197197 1.2382 1.2382 0
0.198198 1.25338 1.25338 0
0.199199 1.19261 1.19261 0
0.2002 1.22841 1.22841 0
0.201201 1.19487 1.19487 0
0.202202 1.19353 1.19353 0
0.203203 1.22028 1.22028 0
0.204204 1.21779 1.21779 0
0.205205 1.27397 1.27397 0
0.206206 1.21581 1.21581 0
0.207207 1.22845 1.22845 0
0.208208 1.25889 1.25889 0
0.209209 1.19444 1.19444 0
0.21021 1.23342 1.23342 0
0.211211 1.26142 1.26142 0
0.212212 1.22774 1.22774 0
0.213213 1.24616 1.24616 0
0.214214 1.20749 1.20749 0
0.215215 1.22994 1.22994 0
0.216216 1.22104 1.22104 0
0.217217 1.27505 1.27505 0
0.218218 1.25186 1.25186 0
0.219219 1.2128 1.2128 0
0.22022 1.27869 1.27869 0
0.221221 1.3067 1.3067 0
0.222222 1.26164 1.26164 0
0.223223 1.27814 1.27814 0
0.224224 1.274 1.274 0
0.225225 1.28616 1.28616 0
0.226226 1.31395 1.31395 0
0.227227 1.31786 1.31786 0
0.228228 1.29943 1.29943 0
0.229229 1.3048 1.3048 0
0.23023 1.29631 1.29631 0
0.231231 1.26202 1.26202 0
0.232232 1.27656 1.27656 0
0.233233 1.27463 1.27463 0
0.234234 1.3114 1.3114 0
0.235235 1.27342 1.27342 0
0.236236 1.27822 1.27822 0
0.237237 1.37697 1.37697 0
0.238238 1.33843 1.33843 0
0.239239 1.28141 1.28141 0
0.24024 1.26289 1.26289 0
0.241241 1.31486 1.31486 0
0.242242 1.32474 1.32474 0
0.243243 1.30086 1.30086 0
0.244244 1.2867 1.2867 0
0.245245 1.27245 1.27245 0
0.246246 1.33692 1.33692 0
0.247247 1.35577 1.35577 0
0.248248 1.32928 1.32928 0
0.249249 1.26722 1.26722 0
0.25025 1.26952 1.26952 0
0.251251 1.36678 1.36678 0
0.252252 1.34012 1.34012 0
0.253253 1.30614 1.30614 0
0.254254 1.36129 1.36129 0
0.255255 1.3722 1.3722 0
0.256256 1.34289 1.34289 0
0.257257 1.31131 1.31131 0
0.258258 1.33758 1.33758 0
0.259259 1.29124 1.29124 0
0.26026 1.32255 1.32255 0
0.261261 1.35452 1.35452 0
0.262262 1.31235 1.31235 0
0.263263 1.3403 1.3403 0
0.264264 1.36274 1.36274 0
0.265265 1.32823 1.32823 0
0.266266 1.30883 1.30883 0
0.267267 1.39116 1.39116 0
0.268268 1.33336 1.33336 0
0.269269 1.32183 1.32183 0
0.27027 1.33927 1.33927 0
0.271271 1.35254 1.35254 0
0.272272 1.368 1.368 0
0.273273 1.34915 1.34915 0
0.274274 1.36315 1.36315 0
0.275275 1.34985 1.34985 0
0.276276 1.36052 1.36052 0
0.277277 1.34974 1.34974 0
0.278278 1.41349 1.41349 0
0.279279 1.40754 1.40754 0
0.28028 1.37867 1.37867 0
0.281281 1.40513 1.40513 0
0.282282 1.32416 1.32416 0
0.283283 1.36492 1.36492 0
0.284284 1.38456 1.38456 0
0.285285 1.36648 1.36648 0
0.286286 1.36832 1.36832 0
0.287287 1.33965 1.33965 0
0.288288 1.38399 1.38399 0
0.289289 1.3423 1.3423 0
0.29029 1.34623 1.34623 0
0.291291 1.35638 1.35638 0
0.292292 1.40005 1.40005 0
0.293293 1.35498 1.35498 0
0.294294 1.36474 1.36474 0
0.295295 1.33949 1.33949 0
0.296296 1.35764 1.35764 0
0.297297 1.4053 1.4053 0
0.298298 1.35358 1.35358 0
0.299299 1.38756 1.38756 0
0.3003 1.40896 1.40896 0
0.301301 1.42414 1.42414 0
0.302302 1.40524 1.40524 0
0.303303 1.34352 1.34352 0
0.304304 1.37419 1.37419 0
0.305305 1.39486 1.39486 0
0.306306 1.4236 1.4236 0
0.307307 1.37077 1.37077 0
0.308308 1.35645 1.35645 0
0.309309 1.45159 1.45159 0
0.31031 1.36712 1.36712 0
0.311311 1.47109 1.47109 0
0.312312 1.38861 1.38861 0
0.313313 1.4042 1.4042 0
0.314314 1.43643 1.43643 0
0.315315 1.49203 1.49203 0
0.316316 1.38699 1.38699 0
0.317317 1.34954 1.34954 0
0.318318 1.43705 1.43705 0
0.319319 1.38967 1.38967 0
0.32032 1.48269 1.48269 0
0.321321 1.42985 1.42985 0
0.322322 1.42593 1.42593 0
0.323323 1.44294 1.44294 0
0.324324 1.45694 1.45694 0
0.325325 1.38686 1.38686 0
0.326326 1.41642 1.41642 0
0.327327 1.43337 1.43337 0
0.328328 1.47689 1.47689 0
0.329329 1.42647 1.42647 0
0.33033 1.45791 1.45791 0
0.331331 1.44181 1.44181 0
0.332332 1.39851 1.39851 0
0.333333 1.40051 1.40051 0
0.334334 1.38948 1.38948 0
0.335335 1.42542 1.42542 0
0.336336 1.44165 1.44165 0
0.337337 1.39498 1.39498 0
0.338338 1.41514 1.41514 0
0.339339 1.41961 1.41961 0
0.34034 1.45816 1.45816 0
0.341341 1.41215 1.41215 0
0.342342 1.45444 1.45444 0
0.343343 1.42018 1.42018 0
0.344344 1.414 1.414 0
0.345345 1.43331 1.43331 0
0.346346 1.43494 1.43494 0
0.347347 1.45849 1.45849 0
0.348348 1.48183 1.48183 0
0.349349 1.50743 1.50743 0
0.35035 1.49164 1.49164 0
0.351351 1.47567 1.47567 0
0.352352 1.43367 1.43367 0
0.353353 1.42177 1.42177 0
0.354354 1.4482 1.4482 0
0.355355 1.47566 1.47566 0
0.356356 1.43663 1.43663 0
0.357357 1.43753 1.43753 0
0.358358 1.44832 1.44832 0
0.359359 1.45052 1.45052 0
0.36036 1.46696 1.46696 0
0.361361 1.40315 1.40315 0
0.362362 1.47518 1.47518 0
0.363363 1.45533 1.45533 0
0.364364 1.43276 1.43276 0
0.365365 1.42701 1.42701 0
0.366366 1.47091 1.47091 0
0.367367 1.47677 1.47677 0
0.368368 1.50927 1.50927 0
0.369369 1.48565 1.48565 0
0.37037 1.46321 1.46321 0
0.371371 1.41351 1.41351 0
0.372372 1.43443 1.43443 0
0.373373 1.4682 1.4682 0
0.374374 1.47172 1.47172 0
0.375375 1.48181 1.48181 0
0.376376 1.48591 1.48591 0
0.377377 1.46049 1.46049 0
0.378378 1.48831 1.48831 0
0.379379 1.45561 1.45561 0
0.38038 1.46165 1.46165 0
0.381381 1.47477 1.47477 0
0.382382 1.43624 1.43624 0
0.383383 1.50104 1.50104 0
0.384384 1.55191 1.55191 0
0.385385 1.48709 1.48709 0
0.386386 1.51552 1.51552 0
0.387387 1.39394 1.39394 0
0.388388 1.48934 1.48934 0
0.389389 1.45688 1.45688 0
0.39039 1.47498 1.47498 0
0.391391 1.51319 1.51319 0
0.392392 1.45821 1.45821 0
0.393393 1.37444 1.37444 0
0.394394 1.53964 1.53964 0
0.395395 1.45267 1.45267 0
0.396396 1.59717 1.59717 0
0.397397 1.49909 1.49909 0
0.398398 1.46141 1.46141 0
0.399399 1.53115 1.53115 0
0.4004 1.46937 1.46937 0
0.401401 1.5736 1.5736 0
0.402402 1.52932 1.52932 0
0.403403 1.48871 1.48871 0
0.404404 1.48602 1.48602 0
0.405405 1.49757 1.49757 0
0.406406 1.46839 1.46839 0
0.407407 1.52403 1.52403 0
0.408408 1.51587 1.51587 0
0.409409 1.50633 1.50633 0
0.41041 1.43335 1.43335 0
0.411411 1.49855 1.49855 0
0.412412 1.42302 1.42302 0
0.413413 1.46462 1.46462 0
0.414414 1.52736 1.52736 0
0.415415 1.50727 1.50727 0
0.416416 1.54382 1.54382 0
0.417417 1.4691 1.4691 0
0.418418 1.46395 1.46395 0
0.419419 1.51683 1.51683 0
0.42042 1.5104 1.5104 0
0.421421 1.5393 1.5393 0
0.422422 1.49145 1.49145 0
0.423423 1.49226 1.49226 0
0.424424 1.52582 1.52582 0
0.425425 1.48628 1.48628 0
0.426426 1.52341 1.52341 0
0.427427 1.53689 1.53689 0
0.428428 1.48778 1.48778 0
0.429429 1.49819 1.49819 0
0.43043 1.48643 1.48643 0
0.431431 1.53006 1.53006 0
0.432432 1.50148 1.50148 0
0.433433 1.5174 1.5174 0
0.434434 1.54369 1.54369 0
0.435435 1.49844 1.49844 0
0.436436 1.47873 1.47873 0
0.437437 1.46839 1.46839 0
0.438438 1.60479 1.60479 0
0.439439 1.49788 1.49788 0
0.44044 1.52162 1.52162 0
0.441441 1.46236 1.46236 0
0.442442 1.5094 1.5094 0
0.443443 1.53242 1.53242 0
0.444444 1.46065 1.46065 0
0.445445 1.45566 1.45566 0
0.446446 1.59729 1.59729 0
0.447447 1.5567 1.5567 0
0.448448 1.51923 1.51923 0
0.449449 1.49376 1.49376 0
0.45045 1.59439 1.59439 0
0.451451 1.59156 1.59156 0
0.452452 1.52187 1.52187 0
0.453453 1.47254 1.47254 0
0.454454 1.46841 1.46841 0
0.455455 1.46187 1.46187 0
0.456456 1.49556 1.49556 0
0.457457 1.48306 1.48306 0
0.458458 1.52684 1.52684 0
0.459459 1.5553 1.5553 0
0.46046 1.49286 1.49286 0
0.461461 1.5558 1.5558 0
0.462462 1.53481 1.53481 0
0.463463 1.51941 1.51941 0
0.464464 1.57443 1.57443 0
0.465465 1.55075 1.55075 0
0.466466 1.53577 1.53577 0
0.467467 1.52246 1.52246 0
0.468468 1.55017 1.55017 0
0.469469 1.54445 1.54445 0
0.47047 1.55659 1.55659 0
0.471471 1.53478 1.53478 0
0.472472 1.53502 1.53502 0
0.473473 1.46842 1.46842 0
0.474474 1.55046 1.55046 0
0.475475 1.52814 1.52814 0
0.476476 1.5856 1.5856 0
0.477477 1.5948 1.5948 0
0.478478 1.60729 1.60729 0
0.479479 1.60021 1.60021 0
0.48048 1.58179 1.58179 0
0.481481 1.59665 1.59665 0
0.482482 1.57696 1.57696 0
0.483483 1.56679 1.56679 0
0.484484 1.56001 1.56001 0
0.485485 1.50629 1.50629 0
0.486486 1.56405 1.56405 0
0.487487 1.51705 1.51705 0
0.488488 1.48287 1.48287 0
0.489489 1.59102 1.59102 0
0.49049 1.55829 1.55829 0
0.491491 1.5902 1.5902 0
0.492492 1.52434 1.52434 0
0.493493 1.52801 1.52801 0
0.494494 1.55243 1.55243 0
0.495495 1.61032 1.61032 0
0.496496 1.58761 1.58761 0
0.497497 1.51612 1.51612 0
0.498498 1.51158 1.51158 0
0.499499 1.56453 1.56453 0
0.500501 1.52557 1.52557 0
0.501502 1.52533 1.52533 0
0.502503 1.60947 1.60947 0
0.503504 1.60851 1.60851 0
0.504505 1.60334 1.60334 0
0.505506 1.4607 1.4607 0
0.506507 1.55478 1.55478 0
0.507508 1.57413 1.57413 0
0.508509 1.69354 1.69354 0
0.50951 1.52796 1.52796 0
0.510511 1.50449 1.50449 0
0.511512 1.57085 1.57085 0
0.512513 1.57874 1.57874 0
0.513514 1.51532 1.51532 0
0.514515 1.59911 1.59911 0
0.515516 1.5353 1.5353 0
0.516517 1.49814 1.49814 0
0.517518 1.61197 1.61197 0
0.518519 1.58475 1.58475 0
0.51952 1.54859 1.54859 0
0.520521 1.58029 1.58029 0
0.521522 1.43777 1.43777 0
0.522523 1.53857 1.53857 0
0.523524 1.5861 1.5861 0
0.524525 1.59098 1.59098 0
0.525526 1.57266 1.57266 0
0.526527 1.60317 1.60317 0
0.527528 1.59526 1.59526 0
0.528529 1.50252 1.50252 0
0.52953 1.51034 1.51034 0
0.530531 1.60262 1.60262 0
0.531532 1.556 1.556 0
0.532533 1.60017 1.60017 0
0.533534 1.53639 1.53639 0
0.534535 1.52505 1.52505 0
0.535536 1.57024 1.57024 0
0.536537 1.56071 1.56071 0
0.537538 1.55992 1.55992 0
0.538539 1.53503 1.53503 0
0.53954 1.60485 1.60485 0
0.540541 1.58533 1.58533 0
0.541542 1.59852 1.59852 0
0.542543 1.59608 1.59608 0
0.543544 1.60084 1.60084 0
0.544545 1.58269 1.58269 0
0.545546 1.54171 1.54171 0
0.546547 1.58808 1.58808 0
0.547548 1.55377 1.55377 0
0.548549 1.52014 1.52014 0
0.54955 1.49081 1.49081 0
0.550551 1.56878 1.56878 0
0.551552 1.58982 1.58982 0
0.552553 1.57362 1.57362 0
0.553554 1.63191 1.63191 0
0.554555 1.60181 1.60181 0
0.555556 1.53148 1.53148 0
0.556557 1.5765 1.5765 0
0.557558 1.5486 1.5486 0
0.558559 1.61809 1.61809 0
0.55956 1.56937 1.56937 0
0.560561 1.56852 1.56852 0
0.561562 1.56689 1.56689 0
0.562563 1.51741 1.51741 0
0.563564 1.61624 1.61624 0
0.564565 1.63194 1.63194 0
0.565566 1.61622 1.61622 0
0.566567 1.5699 1.5699 0
0.567568 1.5522 1.5522 0
0.568569 1.56355 1.56355 0
0.56957 1.61372 1.61372 0
0.570571 1.592 1.592 0
0.571572 1.64586 1.64586 0
0.572573 1.54538 1.54538 0
0.573574 1.59036 1.59036 0
0.574575 1.55759 1.55759 0
0.575576 1.54322 1.54322 0
0.576577 1.60954 1.60954 0
0.577578 1.5164 1.5164 0
0.578579 1.4876 1.4876 0
0.57958 1.59054 1.59054 0
0.580581 1.68864 1.68864 0
0.581582 1.55503 1.55503 0
0.582583 1.59176 1.59176 0
0.583584 1.65407 1.65407 0
0.584585 1.5331 1.5331 0
0.585586 1.50892 1.50892 0
0.586587 1.6033 1.6033 0
0.587588 1.59394 1.59394 0
0.588589 1.61095 1.61095 0
0.58959 1.57794 1.57794 0
0.590591 1.59111 1.59111 0
0.591592 1.6314 1.6314 0
0.592593 1.63297 1.63297 0
0.593594 1.6362 1.6362 0
0.594595 1.64482 1.64482 0
0.595596 1.59455 1.59455 0
0.596597 1.60041 1.60041 0
0.597598 1.55385 1.55385 0
0.598599 1.56729 1.56729 0
0.5996 1.58757 1.58757 0
0.600601 1.62892 1.62892 0
0.601602 1.65693 1.65693 0
0.602603 1.5144 1.5144 0
0.603604 1.56067 1.56067 0
0.604605 1.59648 1.59648 0
0.605606 1.57197 1.57197 0
0.606607 1.55221 1.55221 0
0.607608 1.59659 1.59659 0
0.608609 1.62663 1.62663 0
0.60961 1.64786 1.64786 0
0.610611 1.64994 1.64994 0
0.611612 1.52643 1.52643 0
0.612613 1.63079 1.63079 0
0.613614 1.63712 1.63712 0
0.614615 1.66197 1.66197 0
0.615616 1.54506 1.54506 0
0.616617 1.54065 1.54065 0
0.617618 1.62765 1.62765 0
0.618619 1.65265 1.65265 0
0.61962 1.58682 1.58682 0
0.620621 1.63128 1.63128 0
0.621622 1.59363 1.59363 0
0.622623 1.61771 1.61771 0
0.623624 1.57647 1.57647 0
0.624625 1.63289 1.63289 0
0.625626 1.52698 1.52698 0
0.626627 1.54598 1.54598 0
0.627628 1.64241 1.64241 0
0.628629 1.64842 1.64842 0
0.62963 1.65821 1.65821 0
0.630631 1.50296 1.50296 0
0.631632 1.58621 1.58621 0
0.632633 1.63338 1.63338 0
0.633634 1.61364 1.61364 0
0.634635 1.64784 1.64784 0
0.635636 1.61503 1.61503 0
0.636637 1.60943 1.60943 0
0.637638 1.58469 1.58469 0
0.638639 1.63562 1.63562 0
0.63964 1.65922 1.65922 0
0.640641 1.63719 1.63719 0
0.641642 1.59304 1.59304 0
0.642643 1.647 1.647 0
0.643644 1.63571 1.63571 0
0.644645 1.55489 1.55489 0
0.645646 1.58868 1.58868 0
0.646647 1.59326 1.59326 0
0.647648 1.55209 1.55209 0
0.648649 1.55756 1.55756 0
0.64965 1.50955 1.50955 0
0.650651 1.72246 1.72246 0
0.651652 1.57966 1.57966 0
0.652653 1.55459 1.55459 0
0.653654 1.65094 1.65094 0
0.654655 1.62156 1.62156 0
0.655656 1.55457 1.55457 0
0.656657 1.59615 1.59615 0
0.657658 1.76052 1.76052 0
0.658659 1.53681 1.53681 0
0.65966 1.62015 1.62015 0
0.660661 1.57505 1.57505 0
0.661662 1.5647 1.5647 0
0.662663 1.64705 1.64705 0
0.663664 1.61769 1.61769 0
0.664665 1.62314 1.62314 0
0.665666 1.61769 1.61769 0
0.666667 1.66068 1.66068 0
0.667668 1.62705 1.62705 0
0.668669 1.63171 1.63171 0
0.66967 1.66631 1.66631 0
0.670671 1.54335 1.54335 0
0.671672 1.5532 1.5532 0
0.672673 1.65571 1.65571 0
0.673674 1.60877 1.60877 0
0.674675 1.62029 1.62029 0
0.675676 1.59932 1.59932 0
0.676677 1.6255 1.6255 0
0.677678 1.6132 1.6132 0
0.678679 1.62979 1.62979 0
0.67968 1.55517 1.55517 0
0.680681 1.60585 1.60585 0
0.681682 1.60976 1.60976 0
0.682683 1.67909 1.67909 0
0.683684 1.66293 1.66293 0
0.684685 1.64703 1.64703 0
0.685686 1.6328 1.6328 0
0.686687 1.66564 1.66564 0
0.687688 1.66299 1.66299 0
0.688689 1.66543 1.66543 0
0.68969 1.65619 1.65619 0
0.690691 1.57898 1.57898 0
0.691692 1.61717 1.61717 0
0.692693 1.64566 1.64566 0
0.693694 1.58643 1.58643 0
0.694695 1.64924 1.64924 0
0.695696 1.52406 1.52406 0
0.696697 1.58852 1.58852 0
0.697698 1.66503 1.66503 0
0.698699 1.52661 1.52661 0
0.6997 1.62601 1.62601 0
0.700701 1.63118 1.63118 0
0.701702 1.62509 1.62509 0
0.702703 1.64171 1.64171 0
0.703704 1.77962 1.77962 0
0.704705 1.652 1.652 0
0.705706 1.54795 1.54795 0
0.706707 1.51579 1.51579 0
0.707708 1.65012 1.65012 0
0.708709 1.70704 1.70704 0
0.70971 1.63294 1.63294 0
0.710711 1.6225 1.6225 0
0.711712 1.65171 1.65171 0
0.712713 1.63984 1.63984 0
0.713714 1.66789 1.66789 0
0.714715 1.663 1.663 0
0.715716 1.62344 1.62344 0
0.716717 1.68073 1.68073 0
0.717718 1.6741 1.6741 0
0.718719 1.71225 1.71225 0
0.71972 1.60597 1.60597 0
0.720721 1.69973 1.69973 0
0.721722 1.59803 1.59803 0
0.722723 1.56966 1.56966 0
0.723724 1.63878 1.63878 0
0.724725 1.6353 1.6353 0
0.725726 1.57604 1.57604 0
0.726727 1.70807 1.70807 0
0.727728 1.61649 1.61649 0
0.728729 1.6145 1.6145 0
0.72973 1.6753 1.6753 0
0.730731 1.65596 1.65596 0
0.731732 1.67532 1.67532 0
0.732733 1.61259 1.61259 0
0.733734 1.64729 1.64729 0
0.734735 1.72945 1.72945 0
0.735736 1.59286 1.59286 0
0.736737 1.67232 1.67232 0
0.737738 1.6125 1.6125 0
0.738739 1.6297 1.6297 0
0.73974 1.75853 1.75853 0
0.740741 1.66189 1.66189 0
0.741742 1.63508 1.63508 0
0.742743 1.61717 1.61717 0
0.743744 1.71518 1.71518 0
0.744745 1.69346 1.69346 0
0.745746 1.69761 1.69761 0
0.746747 1.67242 1.67242 0
0.747748 1.61997 1.61997 0
0.748749 1.65102 1.65102 0
0.74975 1.57119 1.57119 0
0.750751 1.57069 1.57069 0
0.751752 1.65882 1.65882 0
0.752753 1.74044 1.74044 0
0.753754 1.59763 1.59763 0
0.754755 1.69661 1.69661 0
0.755756 1.77454 1.77454 0
0.756757 1.54672 1.54672 0
0.757758 1.64778 1.64778 0
0.758759 1.62586 1.62586 0
0.75976 1.66783 1.66783 0
0.760761 1.65115 1.65115 0
0.761762 1.73211 1.73211 0
0.762763 1.688 1.688 0
0.763764 1.62845 1.62845 0
0.764765 1.66791 1.66791 0
0.765766 1.62619 1.62619 0
0.766767 1.61135 1.61135 0
0.767768 1.60951 1.60951 0
0.768769 1.627 1.627 0
0.76977 1.60684 1.60684 0
0.770771 1.59475 1.59475 0
0.771772 1.68782 1.68782 0
0.772773 1.60699 1.60699 0
0.773774 1.69436 1.69436 0
0.774775 1.65945 1.65945 0
0.775776 1.63108 1.63108 0
0.776777 1.62765 1.62765 0
0.777778 1.67597 1.67597 0
0.778779 1.64428 1.64428 0
0.77978 1.68749 1.68749 0
0.780781 1.5893 1.5893 0
0.781782 1.63928 1.63928 0
0.782783 1.59516 1.59516 0
0.783784 1.6163 1.6163 0
0.784785 1.73545 1.73545 0
0.785786 1.64854 1.64854 0
0.786787 1.64086 1.64086 0
0.787788 1.67426 1.67426 0
0.788789 1.6168 1.6168 0
0.78979 1.62877 1.62877 0
0.790791 1.75254 1.75254 0
0.791792 1.75899 1.75899 0
0.792793 1.64399 1.64399 0
0.793794 1.6254 1.6254 0
0.794795 1.63365 1.63365 0
0.795796 1.61156 1.61156 0
0.796797 1.67199 1.67199 0
0.797798 1.68679 1.68679 0
0.798799 1.71441 1.71441 0
0.7998 1.59316 1.59316 0
0.800801 1.62885 1.62885 0
0.801802 1.6309 1.6309 0
0.802803 1.65221 1.65221 0
0.803804 1.63329 1.63329 0
0.804805 1.74128 1.74128 0
0.805806 1.5976 1.5976 0
0.806807 1.63115 1.63115 0
0.807808 1.6706 1.6706 0
0.808809 1.68966 1.68966 0
0.80981 1.66113 1.66113 0
0.810811 1.68933 1.68933 0
0.811812 1.62616 1.62616 0
0.812813 1.67022 1.67022 0
0.813814 1.67342 1.67342 0
0.814815 1.6639 1.6639 0
0.815816 1.64343 1.64343 0
0.816817 1.59076 1.59076 0
0.817818 1.72579 1.72579 0
0.818819 1.71396 1.71396 0
0.81982 1.6857 1.6857 0
0.820821 1.61915 1.61915 0
0.821822 1.62541 1.62541 0
0.822823 1.7441 1.7441 0
0.823824 1.66447 1.66447 0
0.824825 1.73891 1.73891 0
0.825826 1.67415 1.67415 0
0.826827 1.73078 1.73078 0
0.827828 1.65942 1.65942 0
0.828829 1.64106 1.64106 0
0.82983 1.61532 1.61532 0
0.830831 1.51945 1.51945 0
0.831832 1.66862 1.66862 0
0.832833 1.66402 1.66402 0
0.833834 1.67704 1.67704 0
0.834835 1.65769 1.65769 0
0.835836 1.70109 1.70109 0
0.836837 1.65346 1.65346 0
0.837838 1.65708 1.65708 0
0.838839 1.64776 1.64776 0
0.83984 1.56389 1.56389 0
0.840841 1.62948 1.62948 0
0.841842 1.75491 1.75491 0
0.842843 1.54306 1.54306 0
0.843844 1.76093 1.76093 0
0.844845 1.65323 1.65323 0
0.845846 1.62307 1.62307 0
0.846847 1.6139 1.6139 0
0.847848 1.63199 1.63199 0
0.848849 1.6065 1.6065 0
0.84985 1.5919 1.5919 0
0.850851 1.66992 1.66992 0
0.851852 1.5232 1.5232 0
0.852853 1.68641 1.68641 0
0.853854 1.68612 1.68612 0
0.854855 1.58353 1.58353 0
0.855856 1.65536 1.65536 0
0.856857 1.72481 1.72481 0
0.857858 1.77116 1.77116 0
0.858859 1.6436 1.6436 0
0.85986 1.67269 1.67269 0
0.860861 1.63279 1.63279 0
0.861862 1.6623 1.6623 0
0.862863 1.59563 1.59563 0
0.863864 1.68468 1.68468 0
0.864865 1.69477 1.69477 0
0.865866 1.68766 1.68766 0
0.866867 1.69325 1.69325 0
0.867868 1.68637 1.68637 0
0.868869 1.63503 1.63503 0
0.86987 1.63874 1.63874 0
0.870871 1.54821 1.54821 0
0.871872 1.71089 1.71089 0
0.872873 1.57467 1.57467 0
0.873874 1.61332 1.61332 0
0.874875 1.75613 1.75613 0
0.875876 1.66403 1.66403 0
0.876877 1.62758 1.62758 0
0.877878 1.6465 1.6465 0
0.878879 1.62836 1.62836 0
0.87988 1.7857 1.7857 0
0.880881 1.7166 1.7166 0
0.881882 1.71341 1.71341 0
0.882883 1.6881 1.6881 0
0.883884 1.62622 1.62622 0
0.884885 1.79838 1.79838 0
0.885886 1.64157 1.64157 0
0.886887 1.61113 1.61113 0
0.887888 1.65572 1.65572 0
0.888889 1.66623 1.66623 0
0.88989 1.65935 1.65935 0
0.890891 1.74699 1.74699 0
0.891892 1.68707 1.68707 0
0.892893 1.69692 1.69692 0
0.893894 1.60766 1.60766 0
0.894895 1.74665 1.74665 0
0.895896 1.6864 1.6864 0
0.896897 1.62503 1.62503 0
0.897898 1.6959 1.6959 0
0.898899 1.65242 1.65242 0
0.8999 1.66573 1.66573 0
0.900901 1.72058 1.72058 0
0.901902 1.62739 1.62739 0
0.902903 1.65944 1.65944 0
0.903904 1.68385 1.68385 0
0.904905 1.6894 1.6894 0
0.905906 1.71789 1.71789 0
0.906907 1.63832 1.63832 0
0.907908 1.70419 1.70419 0
0.908909 1.74812 1.74812 0
0.90991 1.68833 1.68833 0
0.910911 1.68374 1.68374 0
0.911912 1.64663 1.64663 0
0.912913 1.63853 1.63853 0
0.913914 1.73327 1.73327 0
0.914915 1.74522 1.74522 0
0.915916 1.65067 1.65067 0
0.916917 1.63603 1.63603 0
0.917918 1.61797 1.61797 0
0.918919 1.63091 1.63091 0
0.91992 1.61955 1.61955 0
0.920921 1.56737 1.56737 0
0.921922 1.7354 1.7354 0
0.922923 1.58891 1.58891 0
0.923924 1.68833 1.68833 0
0.924925 1.6487 1.6487 0
0.925926 1.63127 1.63127 0
0.926927 1.66212 1.66212 0
0.927928 1.67724 1.67724 0
0.928929 1.69292 1.69292 0
0.92993 1.58525 1.58525 0
0.930931 1.71578 1.71578 0
0.931932 1.5768 1.5768 0
0.932933 1.74507 1.74507 0
0.933934 1.5749 1.5749 0
0.934935 1.73112 1.73112 0
0.935936 1.62589 1.62589 0
0.936937 1.77528 1.77528 0
0.937938 1.63534 1.63534 0
0.938939 1.71435 1.71435 0
0.93994 1.63477 1.63477 0
0.940941 1.68201 1.68201 0
0.941942 1.69071 1.69071 0
0.942943 1.60991 1.60991 0
0.943944 1.77738 1.77738 0
0.944945 1.6904 1.6904 0
0.945946 1.69496 1.69496 0
0.946947 1.82192 1.82192 0
0.947948 1.60949 1.60949 0
0.948949 1.70074 1.70074 0
0.94995 1.66621 1.66621 0
0.950951 1.77033 1.77033 0
0.951952 1.6966 1.6966 0
0.952953 1.67308 1.67308 0
0.953954 1.77032 1.77032 0
0.954955 1.76462 1.76462 0
0.955956 1.61867 1.61867 0
0.956957 1.59641 1.59641 0
0.957958 1.66701 1.66701 0
0.958959 1.70974 1.70974 0
0.95996 1.63016 1.63016 0
0.960961 1.68147 1.68147 0
0.961962 1.73593 1.73593 0
0.962963 1.73918 1.73918 0
0.963964 1.6469 1.6469 0
0.964965 1.66789 1.66789 0
0.965966 1.60542 1.60542 0
0.966967 1.59095 1.59095 0
0.967968 1.70665 1.70665 0
0.968969 1.53818 1.53818 0
0.96997 1.70724 1.70724 0
0.970971 1.67732 1.67732 0
0.971972 1.5912 1.5912 0
0.972973 1.73396 1.73396 0
0.973974 1.69927 1.69927 0
0.974975 1.58569 1.58569 0
0.975976 1.7028 1.7028 0
0.976977 1.70762 1.70762 0
0.977978 1.69673 1.69673 0
0.978979 1.66348 1.66348 0
0.97998 1.69924 1.69924 0
0.980981 1.67623 1.67623 0
0.981982 1.60726 1.60726 0
0.982983 1.72543 1.72543 0
0.983984 1.6982 1.6982 0
0.984985 1.64278 1.64278 0
0.985986 1.708 1.708 0
0.986987 1.80338 1.80338 0
0.987988 1.65472 1.65472 0
0.988989 1.61021 1.61021 0
0.98999 1.70839 1.70839 0
0.990991 1.75966 1.75966 0
0.991992 1.69417 1.69417 0
0.992993 1.68268 1.68268 0
0.993994 1.65009 1.65009 0
0.994995 1.67726 1.67726 0
0.995996 1.7096 1.7096 0
0.996997 1.71033 1.71033 0
0.997998 1.64793 1.64793 0
0.998999 1.55901 1.55901 0
1 1.64937 1.64937 0
