#1-Q [GeV] 2--dN/dQdY [GeV-1] 3--dN_{PreEq}/dQdY [GeV-1] 3--dN_{Hydro}/dQdY [GeV-1]
0.01 0.00719933 0.00713533 6.39965e-05
0.0768562 0.00226236 0.00198299 0.000279373
0.143712 0.00535268 0.00492577 0.000426916
0.210569 0.530137 0.529219 0.00091715
0.277425 0.0184459 0.018236 0.000209862
0.344281 0.00417536 0.00379091 0.000384459
0.411137 0.199423 0.198092 0.0013309
0.477993 0.035187 0.0268307 0.00835635
0.544849 0.0562844 0.0561574 0.000126946
0.611706 0.134261 0.133603 0.00065755
0.678562 0.106728 0.103606 0.00312236
0.745418 0.111266 0.106457 0.00480899
0.812274 0.0123209 0.0107548 0.00156611
0.87913 0.0538575 0.0523473 0.00151021
0.945987 0.0194607 0.0190592 0.00040147
1.01284 0.08139 0.0807877 0.000602252
1.0797 0.011002 0.00979967 0.00120234
1.14656 0.00299698 0.00150442 0.00149257
1.21341 0.0722178 0.0714196 0.000798279
1.28027 0.44258 0.440389 0.00219062
1.34712 0.0486639 0.0482301 0.00043374
1.41398 0.00935132 0.00576987 0.00358145
1.48084 0.0428272 0.0405416 0.00228559
1.54769 0.00630029 0.00480571 0.00149458
1.61455 0.0597955 0.0563088 0.00348667
1.6814 0.0865572 0.0844114 0.00214578
1.74826 0.114934 0.114075 0.000859708
1.81512 0.0318093 0.026505 0.00530424
1.88197 0.00562007 0.00496736 0.000652712
1.94883 0.00420744 0.00344717 0.000760268
2.01569 2.24974 2.24959 0.000151713
2.08254 0.290205 0.289649 0.000555712
2.1494 0.0291287 0.0290587 6.99295e-05
2.21625 0.0763589 0.0756665 0.000692459
2.28311 0.0223664 0.0217844 0.000582079
2.34997 0.139608 0.139437 0.000171022
2.41682 0.112811 0.112787 2.38301e-05
2.48368 0.934544 0.934174 0.000369587
2.55054 0.0059642 0.00554001 0.000424184
2.61739 0.0034138 0.00324863 0.000165168
2.68425 0.182637 0.182503 0.000134022
2.7511 0.012505 0.0124833 2.16992e-05
2.81796 0.0131637 0.012959 0.000204755
2.88482 0.0808959 0.0806031 0.000292789
2.95167 0.112104 0.112078 2.57978e-05
3.01853 0.0113079 0.0111089 0.000198983
3.08538 0.644067 0.644038 2.85246e-05
3.15224 0.268911 0.268743 0.000168296
3.2191 0.0046 0.00456035 3.9644e-05
3.28595 0.0346857 0.0345955 9.01739e-05
3.35281 0.0270186 0.0269944 2.42384e-05
3.41967 0.336931 0.336813 0.000118124
3.48652 0.107407 0.107379 2.75419e-05
3.55338 0.00577199 0.00574465 2.73461e-05
3.62023 0.0206803 0.020671 9.34823e-06
3.68709 0.000538507 0.000531794 6.71326e-06
3.75395 0.882234 0.882224 9.31352e-06
3.8208 0.00220334 0.00210299 0.000100348
3.88766 0.0226425 0.0226135 2.89892e-05
3.95452 0.018631 0.0186243 6.68145e-06
4.02137 0.0746176 0.0746126 5.03497e-06
4.08823 0.0120854 0.0120742 1.12115e-05
4.15508 0.0320298 0.0320245 5.32756e-06
4.22194 0.103841 0.103838 3.66498e-06
4.2888 0.00189038 0.00188488 5.50294e-06
4.35565 0.00139501 0.00139469 3.19485e-07
4.42251 0.00148415 0.00146554 1.86107e-05
4.48936 0.00949207 0.00949173 3.39576e-07
4.55622 0.0206491 0.0206433 5.76269e-06
4.62308 0.0691358 0.069126 9.83382e-06
4.68993 0.0278367 0.0278366 9.29641e-08
4.75679 0.178566 0.178562 3.26942e-06
4.82365 0.00886884 0.00885963 9.2156e-06
4.8905 0.000175688 0.000175289 3.99609e-07
4.95736 0.0127794 0.0127783 1.05463e-06
5.02421 0.00294626 0.00294451 1.74955e-06
5.09107 0.0980157 0.098014 1.62185e-06
5.15793 3.22095e-05 3.18197e-05 3.89794e-07
5.22478 0.489226 0.489226 2.20014e-09
5.29164 0.0515053 0.0515051 1.56846e-07
5.35849 0.0102821 0.0102819 1.97958e-07
5.42535 0.0121105 0.0121105 4.20617e-09
5.49221 0.0147581 0.0147578 2.88391e-07
5.55906 0.000464818 0.000464734 8.41976e-08
5.62592 0.0156235 0.0156235 1.63153e-09
5.69278 0.000312808 0.000312619 1.89077e-07
5.75963 0.0284392 0.0284392 5.10334e-08
5.82649 0.00242172 0.00242159 1.29178e-07
5.89334 0.00129666 0.00129663 3.10211e-08
5.9602 0.0154025 0.0154024 1.15574e-07
6.02706 0.000858293 0.000858203 8.95272e-08
6.09391 0.000799088 0.000798712 3.76067e-07
6.16077 0.00478468 0.00478465 3.10093e-08
6.22763 0.00850386 0.00850375 1.08571e-07
6.29448 0.00279692 0.00279692 2.6457e-09
6.36134 0.000643522 0.000643459 6.26783e-08
6.42819 0.00471608 0.00471601 6.40958e-08
6.49505 0.0676139 0.0676139 1.52271e-08
6.56191 0.0111927 0.0111927 5.33411e-09
6.62876 0.00113355 0.00113353 1.72863e-08
6.69562 0.024577 0.024577 2.32709e-09
6.76247 0.00286136 0.00286136 7.0263e-10
6.82933 0.00103466 0.00103466 3.65578e-10
6.89619 3.33733e-05 3.33686e-05 4.68045e-09
6.96304 1.2675e-05 1.26555e-05 1.94785e-08
7.0299 1.87574e-06 1.87159e-06 4.15167e-09
7.09676 0.00482251 0.00482248 2.15085e-08
7.16361 1.4089e-05 1.40856e-05 3.46331e-09
7.23047 1.53605e-05 1.53601e-05 3.6894e-10
7.29732 0.00195534 0.00195534 2.16604e-10
7.36418 3.51579e-06 3.5157e-06 9.37367e-11
7.43104 0.0139845 0.0139845 4.41994e-10
7.49789 0.00148159 0.00148159 2.03385e-10
7.56475 0.000651708 0.000651708 4.40071e-12
7.63161 0.0670024 0.0670024 1.17177e-09
7.69846 0.000225735 0.000225734 2.49037e-10
7.76532 3.62961e-05 3.62961e-05 5.87322e-11
7.83217 0.00987075 0.00987075 4.05179e-10
7.89903 1.6221e-05 1.62209e-05 1.21598e-10
7.96589 2.11005e-06 2.11005e-06 2.0934e-12
8.03274 0.000830783 0.000830782 7.82811e-10
8.0996 3.88687e-05 3.88687e-05 1.31704e-11
8.16645 3.30077e-05 3.30077e-05 7.44019e-11
8.23331 7.99782e-07 7.99747e-07 3.51567e-11
8.30017 0.0053802 0.0053802 6.59649e-10
8.36702 0.0002013 0.0002013 4.45573e-12
8.43388 3.79173e-06 3.79149e-06 2.40352e-10
8.50074 2.29661e-05 2.29658e-05 3.10024e-10
8.56759 8.25531e-05 8.25531e-05 1.23659e-11
8.63445 0.00119767 0.00119767 7.84191e-12
8.7013 0.00208402 0.00208402 5.68295e-13
8.76816 0.00284312 0.00284312 6.22155e-12
8.83502 3.4097e-06 3.4097e-06 1.62658e-12
8.90187 1.02766e-05 1.02766e-05 4.14646e-12
8.96873 1.26658e-05 1.26658e-05 2.53674e-11
9.03559 0.335891 0.335891 9.32021e-13
9.10244 5.81349e-06 5.81347e-06 2.25443e-11
9.1693 1.13556e-06 1.13555e-06 4.35253e-12
9.23615 0.111746 0.111746 3.75713e-12
9.30301 0.000179697 0.000179697 2.68789e-11
9.36987 0.00256073 0.00256073 3.02137e-13
9.43672 4.98667e-07 4.98663e-07 4.36093e-12
9.50358 1.37531e-05 1.37531e-05 4.23948e-13
9.57043 7.39642e-05 7.39642e-05 1.7742e-12
9.63729 1.27421e-06 1.27421e-06 8.8566e-13
9.70415 1.09368e-05 1.09368e-05 3.54003e-13
9.771 1.51515e-05 1.51515e-05 9.95297e-15
9.83786 0.00326176 0.00326176 6.36935e-13
9.90472 2.36243e-05 2.36243e-05 2.80565e-13
9.97157 0.00199599 0.00199599 2.51219e-14
10.0384 2.93064e-05 2.93064e-05 3.08095e-14
10.1053 2.63884e-05 2.63884e-05 9.94447e-13
10.1721 1.47355e-08 1.4735e-08 4.95237e-13
10.239 1.16692e-05 1.16692e-05 1.24809e-13
10.3059 1.36101e-06 1.36101e-06 1.12349e-15
10.3727 2.47724e-06 2.47724e-06 3.89106e-15
10.4396 0.000436237 0.000436237 2.14668e-14
10.5064 3.30635e-06 3.30635e-06 3.36824e-15
10.5733 4.66429e-09 4.66428e-09 1.24023e-14
10.6401 6.79948e-05 6.79948e-05 4.57576e-14
10.707 2.3833e-07 2.3833e-07 6.58838e-15
10.7738 2.36883e-05 2.36883e-05 2.27591e-13
10.8407 0.00116216 0.00116216 1.0745e-15
10.9076 2.61374e-06 2.61374e-06 4.08433e-14
10.9744 1.98418e-05 1.98418e-05 1.14253e-14
11.0413 1.48583e-06 1.48583e-06 1.13237e-14
11.1081 1.07838e-06 1.07838e-06 6.57119e-15
11.175 2.49364e-07 2.49364e-07 8.9598e-16
11.2418 4.83718e-06 4.83718e-06 1.57604e-16
11.3087 7.8557e-08 7.8557e-08 2.47496e-16
11.3756 1.50243e-05 1.50243e-05 6.4468e-15
11.4424 2.08258e-07 2.08258e-07 5.27312e-15
11.5093 3.09501e-06 3.09501e-06 8.07554e-15
11.5761 0.0103022 0.0103022 1.59192e-16
11.643 6.97991e-07 6.97991e-07 3.20103e-15
11.7098 5.95063e-07 5.95063e-07 8.97817e-16
11.7767 4.9898e-08 4.9898e-08 1.74063e-18
11.8435 1.41142e-06 1.41142e-06 1.09174e-16
11.9104 1.90503e-06 1.90503e-06 3.12466e-16
11.9773 8.52063e-07 8.52063e-07 8.06697e-16
12.0441 0.0729877 0.0729877 2.36951e-16
12.111 2.79836e-09 2.79836e-09 9.13734e-16
12.1778 0.000676214 0.000676214 2.85724e-17
12.2447 7.80059e-09 7.80059e-09 4.61987e-16
12.3115 1.96215e-08 1.96215e-08 6.182e-17
12.3784 2.7043e-05 2.7043e-05 1.47423e-16
12.4453 1.85196e-06 1.85196e-06 9.56494e-17
12.5121 2.56979e-10 2.56979e-10 4.82755e-18
12.579 0.00795119 0.00795119 1.92989e-17
12.6458 5.60111e-08 5.60111e-08 3.81421e-16
12.7127 0.000128865 0.000128865 4.68871e-16
12.7795 3.29239e-09 3.29239e-09 3.77086e-16
12.8464 5.12253e-06 5.12253e-06 1.68435e-17
12.9132 8.83565e-06 8.83565e-06 4.28319e-17
12.9801 0.000106401 0.000106401 1.38148e-19
13.047 1.04292e-08 1.04292e-08 2.28566e-18
13.1138 0.00765085 0.00765085 6.29378e-18
13.1807 4.90272e-06 4.90272e-06 7.27016e-19
13.2475 1.00452e-05 1.00452e-05 1.42791e-18
13.3144 4.89251e-06 4.89251e-06 1.75555e-19
13.3812 2.63289e-08 2.63289e-08 1.08582e-16
13.4481 0.00475494 0.00475494 2.914e-17
13.5149 0.000246015 0.000246015 1.72003e-19
13.5818 6.95908e-09 6.95908e-09 6.417e-18
13.6487 1.42743e-07 1.42743e-07 5.531e-19
13.7155 0.0195687 0.0195687 2.47457e-19
13.7824 7.98539e-05 7.98539e-05 2.0999e-19
13.8492 1.47023e-05 1.47023e-05 7.19311e-19
13.9161 2.31008e-06 2.31008e-06 3.88057e-18
13.9829 6.46498e-05 6.46498e-05 2.84551e-18
14.0498 3.58344e-05 3.58344e-05 6.27281e-21
14.1167 1.87482e-07 1.87482e-07 6.43819e-20
14.1835 0.000492543 0.000492543 2.33055e-19
14.2504 2.39561e-08 2.39561e-08 9.58855e-19
14.3172 4.26052e-05 4.26052e-05 1.9638e-19
14.3841 0.00109498 0.00109498 3.95518e-20
14.4509 4.40017e-06 4.40017e-06 1.19473e-18
14.5178 6.20137e-07 6.20137e-07 3.35461e-20
14.5846 5.48452e-09 5.48452e-09 5.01549e-20
14.6515 0.00439779 0.00439779 1.02155e-20
14.7184 5.03033e-07 5.03033e-07 4.11566e-19
14.7852 2.58509e-07 2.58509e-07 4.42592e-20
14.8521 0.0123694 0.0123694 4.50706e-20
14.9189 1.69976e-09 1.69976e-09 1.70463e-21
14.9858 1.95182e-10 1.95182e-10 9.08073e-22
15.0526 3.07141e-10 3.07141e-10 9.52152e-22
15.1195 2.28803e-10 2.28803e-10 6.02635e-20
15.1864 0.000270683 0.000270683 8.42871e-22
15.2532 1.57196e-07 1.57196e-07 5.48753e-20
15.3201 7.19265e-07 7.19265e-07 1.32328e-20
15.3869 3.94761e-05 3.94761e-05 9.93548e-24
15.4538 0.190552 0.190552 1.95009e-19
15.5206 2.05045e-09 2.05045e-09 1.04882e-22
15.5875 5.06777e-11 5.06777e-11 8.17602e-21
15.6543 1.89541e-10 1.89541e-10 5.55993e-23
15.7212 3.8863e-09 3.8863e-09 3.07747e-22
15.7881 1.12861e-10 1.12861e-10 3.84953e-20
15.8549 2.67239e-09 2.67239e-09 8.75656e-21
15.9218 1.99206e-06 1.99206e-06 8.52292e-21
15.9886 0.000142165 0.000142165 4.72287e-24
16.0555 7.74066e-11 7.74066e-11 2.35846e-22
16.1223 1.0443e-08 1.0443e-08 3.76762e-23
16.1892 8.77103e-11 8.77103e-11 2.35421e-22
16.2561 2.97998e-13 2.97998e-13 2.0577e-24
16.3229 1.86678e-08 1.86678e-08 1.92295e-26
16.3898 1.12671e-05 1.12671e-05 3.35347e-22
16.4566 9.01102e-10 9.01102e-10 3.77268e-23
16.5235 2.88099e-09 2.88099e-09 1.22109e-22
16.5903 2.29563e-08 2.29563e-08 1.34099e-21
16.6572 9.75558e-08 9.75558e-08 2.86604e-23
16.724 7.34475e-10 7.34475e-10 3.60629e-24
16.7909 1.27218e-05 1.27218e-05 2.2609e-24
16.8578 0.00103286 0.00103286 3.19613e-22
16.9246 3.38906e-10 3.38906e-10 4.08838e-22
16.9915 1.76866e-09 1.76866e-09 2.14696e-23
17.0583 1.18082e-06 1.18082e-06 1.59378e-22
17.1252 3.44747e-10 3.44747e-10 1.56968e-25
17.192 3.11961e-08 3.11961e-08 2.14919e-23
17.2589 5.03715e-12 5.03715e-12 8.9935e-24
17.3258 5.18964e-12 5.18964e-12 5.26155e-24
17.3926 4.08096e-08 4.08096e-08 1.42742e-24
17.4595 1.13327e-05 1.13327e-05 2.83842e-24
17.5263 2.62431e-08 2.62431e-08 1.40672e-24
17.5932 0.000270063 0.000270063 3.70553e-24
17.66 2.48306e-15 2.48306e-15 2.16162e-24
17.7269 1.73696e-06 1.73696e-06 3.65983e-27
17.7937 1.80862e-07 1.80862e-07 2.77617e-25
17.8606 2.03082e-10 2.03082e-10 3.88508e-25
17.9275 0.0021181 0.0021181 4.87368e-26
17.9943 1.48188e-07 1.48188e-07 3.43441e-24
18.0612 1.1618e-05 1.1618e-05 1.69005e-24
18.128 5.06216e-10 5.06216e-10 1.03364e-25
18.1949 2.60208e-09 2.60208e-09 5.97616e-26
18.2617 2.10724e-06 2.10724e-06 5.43468e-26
18.3286 3.01484e-07 3.01484e-07 5.11553e-26
18.3955 5.78957e-11 5.78957e-11 2.3203e-25
18.4623 2.20176e-09 2.20176e-09 5.77796e-24
18.5292 2.32852e-10 2.32852e-10 2.5464e-27
18.596 2.52761e-13 2.52761e-13 1.20065e-26
18.6629 0.00530696 0.00530696 3.9856e-26
18.7297 1.77865e-08 1.77865e-08 2.27934e-24
18.7966 5.93598e-07 5.93598e-07 6.25765e-27
18.8634 1.6397e-13 1.6397e-13 5.53566e-27
18.9303 1.28072e-15 1.28072e-15 6.67778e-26
18.9972 1.27052e-10 1.27052e-10 7.7415e-25
19.064 2.4747e-09 2.4747e-09 6.07005e-27
19.1309 1.61013e-09 1.61013e-09 9.79391e-28
19.1977 4.72287e-12 4.72287e-12 2.20778e-28
19.2646 2.55901e-05 2.55901e-05 3.50202e-25
19.3314 3.52089e-12 3.52089e-12 2.18874e-26
19.3983 2.94972e-08 2.94972e-08 1.41854e-28
19.4652 3.9091e-11 3.9091e-11 1.44513e-25
19.532 1.01753e-14 1.01753e-14 4.01678e-26
19.5989 3.53693e-13 3.53693e-13 1.13064e-27
19.6657 3.47184e-05 3.47184e-05 1.48893e-27
19.7326 5.53432e-11 5.53432e-11 2.58877e-27
19.7994 7.15428e-10 7.15428e-10 6.36452e-27
19.8663 1.08005e-13 1.08005e-13 6.09929e-29
19.9331 3.9192e-14 3.9192e-14 1.69716e-29
20 3.44674e-11 3.44674e-11 3.09853e-26
