-3.17 0.798609
-3.07 0.626216
-2.97 0.88837
-2.825 0.815882
-2.68 0.778848
-2.5775 0.957587
-2.475 0.932201
-2.325 1.00642
-2.175 1.09949
-2.0775 0.97729
-1.98 0.985446
-1.8375 1.32033
-1.695 1.26796
-1.595 1.42789
-1.495 1.49674
-1.3525 1.58771
-1.21 1.63782
-1.115 1.49421
-1.02 1.63291
-0.8825 1.5449
-0.745 1.53673
-0.655 1.62944
-0.565 1.7667
-0.4325 1.52195
-0.3 1.58578
-0.2 1.70105
-0.1 1.80099
0 1.90726
0.1 1.70605
0.2 1.74758
0.3 1.86909
0.4325 1.73131
0.565 1.838
0.655 1.75952
0.745 1.80229
0.8825 1.62621
1.02 1.44749
1.115 1.70552
1.21 1.50898
1.3525 1.67883
1.495 1.3374
1.595 1.2816
1.695 1.35053
1.8375 1.34227
1.98 1.30995
2.0775 1.2406
2.175 0.860725
2.325 0.903962
2.475 0.924564
2.5775 0.890393
2.68 0.804823
2.825 0.815519
2.97 0.759053
3.07 0.76945
3.17 0.761962
3.32 0.85371
3.47 0.799873
3.57 0.810369
3.67 0.490024
3.82 0.622269
3.97 0.487772
4.07 0.365189
4.17 0.481973
4.32 0.363901
4.47 0.342439
4.57 0.357879
4.67 0.295554
