-3.17 0.778568
-3.07 0.905174
-2.97 0.844717
-2.825 1.11123
-2.68 0.68404
-2.5775 0.478689
-2.475 0.786897
-2.325 0.849037
-2.175 0.754404
-2.0775 1.28127
-1.98 0.966353
-1.8375 0.874616
-1.695 1.06607
-1.595 0.976697
-1.495 1.82981
-1.3525 1.71539
-1.21 2.00954
-1.115 1.82871
-1.02 1.41744
-0.8825 1.67524
-0.745 2.36787
-0.655 2.0978
-0.565 1.3824
-0.4325 1.40113
-0.3 1.87149
-0.2 1.92061
-0.1 1.60683
0 1.30273
0.1 1.30521
0.2 1.5339
0.3 1.45321
0.4325 1.85537
0.565 2.47526
0.655 1.11618
0.745 1.28104
0.8825 2.05804
1.02 1.3022
1.115 1.62306
1.21 1.82708
1.3525 1.83179
1.495 1.49242
1.595 0.924476
1.695 1.21466
1.8375 0.850241
1.98 1.029
2.0775 0.96456
2.175 0.967663
2.325 1.08395
2.475 1.33913
2.5775 1.00812
2.68 0.414213
2.825 0.97772
2.97 1.15928
3.07 0.977452
3.17 0.768523
3.32 0.676054
3.47 1.0113
3.57 0.738003
3.67 0.462348
3.82 0.556339
3.97 0.781977
4.07 0.248718
4.17 0.329778
4.32 0.487317
4.47 0.368659
4.57 0.259894
4.67 0.272922
