#1-Q [GeV] 2--dN/dQdY [GeV-1] 3--dN_{PreEq}/dQdY [GeV-1] 3--dN_{Hydro}/dQdY [GeV-1]
3.001 0.0518616 0.0462101 0.00565155
3.0913 0.323135 0.278575 0.0445596
3.1816 0.655441 0.597806 0.0576355
3.27189 0.610723 0.567335 0.0433879
3.36219 0.378294 0.313828 0.0644662
3.45249 0.642276 0.597634 0.0446422
3.54279 1.09321 1.04444 0.0487726
3.63308 0.890925 0.857918 0.0330071
3.72338 0.361711 0.323253 0.0384575
3.81368 0.782787 0.752493 0.0302943
3.90398 0.755068 0.723063 0.0320049
3.99427 0.41786 0.397073 0.0207873
4.08457 0.862996 0.841475 0.0215204
4.17487 0.374578 0.35951 0.015068
4.26517 0.53188 0.519816 0.0120639
4.35546 0.523653 0.508415 0.015238
4.44576 0.92227 0.912438 0.00983253
4.53606 0.215995 0.209528 0.00646692
4.62636 0.610615 0.600899 0.00971595
4.71666 0.420584 0.41419 0.00639381
4.80695 0.314792 0.309539 0.005253
4.89725 0.316874 0.314396 0.00247759
4.98755 0.387851 0.385046 0.00280537
5.07785 0.386011 0.382906 0.00310556
5.16814 0.561569 0.560092 0.00147733
5.25844 0.521048 0.51888 0.00216777
5.34874 0.298514 0.296953 0.00156117
5.43904 0.0745245 0.0734204 0.00110413
5.52933 0.138558 0.137397 0.00116067
5.61963 0.202824 0.202254 0.0005703
5.70993 0.354038 0.353092 0.000946305
5.80023 0.14525 0.144817 0.000433391
5.89053 0.0818435 0.0812886 0.000554945
5.98082 0.180228 0.180081 0.000147617
6.07112 0.0440602 0.0437379 0.000322331
6.16142 0.115517 0.115264 0.000253093
6.25172 0.282171 0.281906 0.000265364
6.34201 0.176411 0.176273 0.000137618
6.43231 0.134338 0.134261 7.76147e-05
6.52261 0.0926602 0.0925637 9.64697e-05
6.61291 0.115839 0.115754 8.5601e-05
6.7032 0.137415 0.137366 4.90774e-05
6.7935 0.108161 0.108113 4.7428e-05
6.8838 0.0900616 0.0900188 4.27688e-05
6.9741 0.0713162 0.0712928 2.34245e-05
7.06439 0.0998559 0.0998268 2.91611e-05
7.15469 0.103595 0.103573 2.26453e-05
7.24499 0.0758741 0.0758633 1.08028e-05
7.33529 0.0191482 0.019129 1.91636e-05
7.42559 0.130372 0.130365 7.00379e-06
7.51588 0.0997284 0.0997163 1.20787e-05
7.60618 0.0203757 0.0203692 6.50587e-06
7.69648 0.169126 0.16912 5.35949e-06
7.78678 0.0535121 0.0535078 4.30463e-06
7.87707 0.0698839 0.0698804 3.48497e-06
7.96737 0.0275634 0.0275606 2.76115e-06
8.05767 0.0307998 0.030796 3.80535e-06
8.14797 0.0868718 0.0868691 2.78056e-06
8.23826 0.0044053 0.00440437 9.29463e-07
8.32856 0.0102384 0.0102376 7.93155e-07
8.41886 0.10375 0.103749 1.53389e-06
8.50916 0.0110273 0.0110259 1.36104e-06
8.59945 0.0604406 0.0604398 7.35136e-07
8.68975 0.106761 0.106761 4.31311e-07
8.78005 0.013465 0.0134644 5.96065e-07
8.87035 0.00724545 0.00724457 8.82539e-07
8.96065 0.0248606 0.0248605 7.73606e-08
9.05094 0.0148919 0.0148912 6.68386e-07
9.14124 0.0158869 0.0158866 2.61602e-07
9.23154 0.0272122 0.027212 1.57527e-07
9.32184 0.0113036 0.0113032 3.85808e-07
9.41213 0.0018955 0.0018953 2.01504e-07
9.50243 0.0125882 0.0125882 6.86185e-08
9.59273 0.00586935 0.00586926 9.11076e-08
9.68303 0.0894034 0.0894033 4.20697e-08
9.77332 0.00469498 0.00469494 3.82072e-08
9.86362 0.0480135 0.0480135 4.85639e-08
9.95392 0.0129671 0.0129671 2.44863e-08
10.0442 0.0578511 0.0578511 4.55418e-08
10.1345 0.0400608 0.0400608 2.75094e-08
10.2248 0.00400068 0.00400067 7.93813e-09
10.3151 0.0283607 0.0283607 1.31256e-08
10.4054 0.052143 0.052143 1.54595e-08
10.4957 0.00203311 0.00203311 4.56305e-09
10.586 0.0476167 0.0476167 5.85377e-09
10.6763 0.0158295 0.0158295 8.07856e-09
10.7666 0.00504347 0.00504346 7.39512e-09
10.8569 0.00713772 0.00713771 1.02979e-08
10.9472 0.00104181 0.00104181 3.28562e-09
11.0375 0.0051067 0.0051067 1.64728e-09
11.1278 0.022866 0.022866 5.37592e-10
11.2181 0.000922827 0.000922827 8.91124e-10
11.3084 0.0114469 0.0114469 1.55653e-09
11.3987 0.000118781 0.000118781 4.60496e-10
11.489 0.0737809 0.0737809 1.3406e-09
11.5793 5.2813e-05 5.28112e-05 1.80366e-09
11.6696 0.000948951 0.00094895 3.85884e-10
11.7599 0.0236951 0.0236951 3.92987e-10
11.8502 0.00464488 0.00464488 1.00641e-10
11.9405 0.00207705 0.00207705 3.83295e-10
12.0308 5.44432e-05 5.44429e-05 2.27408e-10
12.1211 0.00012363 0.00012363 1.43877e-10
12.2114 0.00263159 0.00263159 1.611e-10
12.3017 0.000560766 0.000560766 1.70615e-10
12.392 0.000137694 0.000137694 5.3299e-11
12.4823 0.00381816 0.00381816 1.27213e-10
12.5726 0.00202144 0.00202144 5.25989e-11
12.6628 0.00760486 0.00760486 3.19405e-11
12.7531 0.00509436 0.00509436 4.78576e-11
12.8434 0.000196566 0.000196566 5.56605e-11
12.9337 0.0488788 0.0488788 2.42691e-11
13.024 0.0148971 0.0148971 1.19535e-11
13.1143 0.00226427 0.00226427 2.69426e-11
13.2046 0.000207663 0.000207663 7.15822e-12
13.2949 0.000252175 0.000252175 1.127e-11
13.3852 0.000166477 0.000166477 2.99503e-11
13.4755 0.00109896 0.00109896 7.09357e-12
13.5658 1.72871e-05 1.72871e-05 1.03818e-11
13.6561 0.000815392 0.000815392 8.30148e-12
13.7464 0.0029518 0.0029518 6.90238e-12
13.8367 0.000764013 0.000764013 1.9406e-12
13.927 8.28245e-05 8.28245e-05 2.01895e-12
14.0173 0.00233077 0.00233077 5.43497e-12
14.1076 1.5858e-05 1.5858e-05 6.30044e-13
14.1979 7.01361e-06 7.01361e-06 1.29067e-12
14.2882 0.000193676 0.000193676 1.37769e-12
14.3785 0.000541252 0.000541252 7.06486e-13
14.4688 0.0161719 0.0161719 3.44005e-13
14.5591 0.000343627 0.000343627 3.79032e-13
14.6494 1.6698e-05 1.6698e-05 1.77087e-12
14.7397 0.0036953 0.0036953 2.14764e-13
14.83 0.044021 0.044021 4.11063e-13
14.9203 3.44861e-05 3.44861e-05 6.16413e-13
15.0106 0.000114925 0.000114925 2.79826e-13
15.1009 0.000581526 0.000581526 1.07389e-13
15.1912 6.66382e-05 6.66382e-05 3.01811e-13
15.2815 8.01701e-05 8.01701e-05 3.25821e-14
15.3718 6.49128e-06 6.49128e-06 5.07921e-14
15.4621 0.000204282 0.000204282 3.74906e-14
15.5524 0.00279583 0.00279583 5.38158e-14
15.6427 5.68965e-06 5.68965e-06 1.33298e-14
15.733 0.000201424 0.000201424 1.25913e-13
15.8233 0.000123346 0.000123346 5.28947e-14
15.9136 0.000337397 0.000337397 8.75743e-14
16.0039 0.000410167 0.000410167 2.40304e-14
16.0942 0.000320466 0.000320466 9.86712e-15
16.1845 0.000195359 0.000195359 6.08151e-15
16.2748 0.00445177 0.00445177 1.17678e-14
16.3651 2.79169e-08 2.79169e-08 1.73904e-15
16.4554 8.73422e-06 8.73422e-06 1.61203e-15
16.5456 0.00153332 0.00153332 1.63411e-14
16.6359 0.000544171 0.000544171 4.28572e-15
16.7262 1.5747e-05 1.5747e-05 1.24555e-15
16.8165 0.0368159 0.0368159 1.28533e-15
16.9068 1.17965e-05 1.17965e-05 1.30874e-15
16.9971 1.15833e-07 1.15833e-07 2.17114e-15
17.0874 5.50128e-06 5.50128e-06 4.13018e-15
17.1777 0.000755805 0.000755805 6.53155e-15
17.268 5.95946e-06 5.95946e-06 2.93677e-15
17.3583 6.71056e-07 6.71056e-07 2.79107e-16
17.4486 0.00198227 0.00198227 7.19738e-16
17.5389 0.000602784 0.000602784 2.26691e-16
17.6292 0.000175093 0.000175093 3.61938e-16
17.7195 1.99219e-05 1.99219e-05 6.26404e-16
17.8098 1.74525e-06 1.74525e-06 3.97035e-16
17.9001 0.000102316 0.000102316 3.52027e-16
17.9904 0.000161711 0.000161711 4.72993e-16
18.0807 0.00016652 0.00016652 1.0697e-16
18.171 3.68757e-07 3.68757e-07 1.61313e-16
18.2613 0.000870436 0.000870436 7.09797e-17
18.3516 1.11536e-06 1.11536e-06 1.31335e-16
18.4419 4.59988e-08 4.59988e-08 9.37751e-18
18.5322 3.75248e-07 3.75248e-07 1.83375e-17
18.6225 5.41501e-07 5.41501e-07 4.77571e-18
18.7128 4.58457e-05 4.58457e-05 4.34347e-17
18.8031 0.00457673 0.00457673 1.10095e-17
18.8934 4.21561e-07 4.21561e-07 5.36595e-18
18.9837 3.08322e-07 3.08322e-07 4.00328e-17
19.074 4.94367e-05 4.94367e-05 1.75933e-17
19.1643 2.26116e-05 2.26116e-05 1.3538e-17
19.2546 0.000225381 0.000225381 8.08823e-18
19.3449 2.30684e-05 2.30684e-05 1.90816e-17
19.4352 1.93206e-06 1.93206e-06 5.95646e-18
19.5255 1.17915e-07 1.17915e-07 1.46379e-18
19.6158 9.19553e-05 9.19553e-05 3.35496e-18
19.7061 1.21618e-08 1.21618e-08 9.9767e-19
19.7964 1.01142e-06 1.01142e-06 1.31264e-18
19.8867 6.36963e-09 6.36963e-09 4.13253e-18
19.977 0.011043 0.011043 7.23996e-19
20.0673 3.59968e-06 3.59968e-06 1.08239e-18
20.1576 5.8509e-07 5.8509e-07 1.76065e-18
20.2479 5.03033e-08 5.03033e-08 9.15646e-19
20.3382 6.73143e-05 6.73143e-05 1.48931e-18
20.4284 2.7571e-06 2.7571e-06 1.44518e-19
20.5187 7.37766e-05 7.37766e-05 3.47774e-19
20.609 3.83899e-07 3.83899e-07 1.68109e-19
20.6993 1.86613e-05 1.86613e-05 1.88039e-19
20.7896 7.62959e-07 7.62959e-07 1.64973e-19
20.8799 7.69821e-08 7.69821e-08 1.31905e-19
20.9702 4.36395e-06 4.36395e-06 8.33222e-20
21.0605 0.000301446 0.000301446 3.74456e-20
21.1508 3.26129e-09 3.26129e-09 2.33469e-20
21.2411 6.34928e-09 6.34928e-09 3.29836e-20
21.3314 3.11339e-06 3.11339e-06 1.08614e-19
21.4217 3.34271e-05 3.34271e-05 8.03329e-20
21.512 3.02104e-05 3.02104e-05 1.61655e-21
21.6023 1.56945e-05 1.56945e-05 6.93425e-20
21.6926 1.211e-09 1.211e-09 4.18414e-20
21.7829 2.44292e-07 2.44292e-07 3.33912e-20
21.8732 2.05377e-07 2.05377e-07 2.34302e-20
21.9635 1.14601e-05 1.14601e-05 2.68304e-20
22.0538 1.18304e-06 1.18304e-06 3.73586e-21
22.1441 7.20807e-06 7.20807e-06 5.89194e-21
22.2344 7.38831e-07 7.38831e-07 2.49521e-20
22.3247 0.00139056 0.00139056 1.1051e-20
22.415 8.29306e-06 8.29306e-06 2.61782e-20
22.5053 1.62346e-10 1.62346e-10 6.00946e-22
22.5956 5.7293e-10 5.7293e-10 1.21494e-20
22.6859 4.62316e-05 4.62316e-05 2.58092e-21
22.7762 8.16789e-08 8.16789e-08 2.81202e-22
22.8665 2.56158e-06 2.56158e-06 9.55673e-22
22.9568 3.78399e-09 3.78399e-09 5.80339e-23
23.0471 1.44343e-07 1.44343e-07 8.39756e-22
23.1374 5.06249e-06 5.06249e-06 6.09546e-22
23.2277 1.92605e-06 1.92605e-06 1.09752e-21
23.318 1.94323e-05 1.94323e-05 1.73386e-22
23.4083 3.2104e-07 3.2104e-07 3.05281e-21
23.4986 1.01283e-07 1.01283e-07 1.53631e-22
23.5889 2.81376e-05 2.81376e-05 2.70499e-22
23.6792 4.67684e-07 4.67684e-07 5.91384e-22
23.7695 5.42146e-08 5.42146e-08 4.78595e-23
23.8598 0.000243684 0.000243684 4.95661e-24
23.9501 4.1481e-09 4.1481e-09 1.77631e-22
24.0404 2.90258e-13 2.90258e-13 1.46777e-22
24.1307 1.39787e-12 1.39787e-12 5.57882e-23
24.2209 7.78291e-08 7.78291e-08 2.5845e-23
24.3112 0.00256154 0.00256154 3.36e-23
24.4015 8.42712e-10 8.42712e-10 1.09654e-22
24.4918 0.00021422 0.00021422 3.71844e-25
24.5821 3.2597e-07 3.2597e-07 2.11008e-24
24.6724 9.91931e-11 9.91931e-11 1.88911e-24
24.7627 3.36285e-07 3.36285e-07 6.91813e-23
24.853 2.14374e-07 2.14374e-07 1.63289e-23
24.9433 3.17839e-09 3.17839e-09 2.69642e-24
25.0336 2.56736e-09 2.56736e-09 1.57045e-24
25.1239 1.27639e-07 1.27639e-07 5.32369e-24
25.2142 0.000420986 0.000420986 5.39828e-24
25.3045 1.89456e-08 1.89456e-08 1.07691e-24
25.3948 6.71737e-11 6.71737e-11 2.44204e-25
25.4851 0.000216822 0.000216822 2.48354e-24
25.5754 5.91741e-05 5.91741e-05 1.80514e-25
25.6657 4.03341e-07 4.03341e-07 3.64335e-24
25.756 1.10514e-07 1.10514e-07 9.35061e-25
25.8463 6.21964e-09 6.21964e-09 1.54638e-25
25.9366 3.55235e-07 3.55235e-07 1.26398e-24
26.0269 6.02146e-11 6.02146e-11 1.12857e-24
26.1172 1.7922e-11 1.7922e-11 1.72722e-24
26.2075 5.62723e-11 5.62723e-11 8.42674e-25
26.2978 1.99517e-09 1.99517e-09 9.7683e-27
26.3881 1.18721e-07 1.18721e-07 3.71801e-25
26.4784 3.84765e-14 3.84765e-14 6.16177e-26
26.5687 1.80086e-07 1.80086e-07 5.36302e-26
26.659 4.91813e-10 4.91813e-10 8.21879e-25
26.7493 1.80378e-10 1.80378e-10 4.9185e-26
26.8396 1.37341e-06 1.37341e-06 5.56851e-25
26.9299 5.412e-11 5.412e-11 1.27696e-25
27.0202 1.21177e-06 1.21177e-06 6.67629e-28
27.1105 4.72728e-11 4.72728e-11 7.21408e-26
27.2008 4.45343e-07 4.45343e-07 1.23878e-25
27.2911 2.80773e-08 2.80773e-08 3.72187e-26
27.3814 9.34333e-08 9.34333e-08 7.36413e-27
27.4717 3.40045e-08 3.40045e-08 1.77376e-26
27.562 4.77571e-08 4.77571e-08 8.51001e-27
27.6523 1.28061e-10 1.28061e-10 2.70083e-26
27.7426 5.9894e-09 5.9894e-09 3.64279e-27
27.8329 2.14926e-06 2.14926e-06 2.34529e-27
27.9232 5.77701e-09 5.77701e-09 1.87638e-27
28.0135 5.30653e-06 5.30653e-06 7.68235e-27
28.1037 1.74371e-13 1.74371e-13 1.65229e-26
28.194 2.42976e-12 2.42976e-12 4.48349e-27
28.2843 2.97587e-12 2.97587e-12 1.08391e-28
28.3746 7.66835e-07 7.66835e-07 1.34586e-26
28.4649 2.32731e-07 2.32731e-07 1.72783e-28
28.5552 3.53443e-11 3.53443e-11 1.89429e-27
28.6455 2.15499e-11 2.15499e-11 1.4999e-26
28.7358 3.94278e-09 3.94278e-09 1.70551e-27
28.8261 3.0206e-09 3.0206e-09 1.82595e-27
28.9164 4.53906e-10 4.53906e-10 2.26557e-27
29.0067 7.85466e-11 7.85466e-11 7.97526e-28
29.097 4.09702e-13 4.09702e-13 1.02299e-27
29.1873 4.51079e-09 4.51079e-09 2.35203e-27
29.2776 1.10241e-10 1.10241e-10 1.6528e-28
29.3679 4.80038e-13 4.80038e-13 2.32214e-28
29.4582 5.5521e-11 5.5521e-11 1.04618e-28
29.5485 4.40531e-09 4.40531e-09 8.39416e-29
29.6388 2.60892e-08 2.60892e-08 3.11408e-29
29.7291 2.38903e-14 2.38903e-14 1.15671e-28
29.8194 1.59187e-08 1.59187e-08 4.33242e-29
29.9097 2.24845e-05 2.24845e-05 1.32835e-28
30 6.35923e-09 6.35923e-09 9.7459e-30
