-3.17 1.23054
-3.07 1.1131
-2.97 1.26755
-2.825 1.14029
-2.68 1.2478
-2.5775 1.46037
-2.475 1.30342
-2.325 1.58721
-2.175 1.56322
-2.0775 1.8165
-1.98 1.93322
-1.8375 2.0705
-1.695 2.07006
-1.595 2.10141
-1.495 2.37529
-1.3525 2.19651
-1.21 2.39446
-1.115 2.35954
-1.02 2.58009
-0.8825 2.71752
-0.745 2.45867
-0.655 2.99959
-0.565 2.27795
-0.4325 2.51463
-0.3 2.54015
-0.2 2.63048
-0.1 2.31667
0 2.40457
0.1 2.89779
0.2 2.86825
0.3 2.77889
0.4325 2.29977
0.565 2.49649
0.655 2.69342
0.745 2.23406
0.8825 2.55725
1.02 2.32388
1.115 2.49323
1.21 2.31268
1.3525 2.30999
1.495 2.20754
1.595 2.14436
1.695 2.04648
1.8375 1.8659
1.98 2.22703
2.0775 1.72724
2.175 1.50958
2.325 1.63343
2.475 1.80244
2.5775 1.3093
2.68 1.32836
2.825 1.10808
2.97 1.17613
3.07 1.19325
3.17 1.12115
3.32 1.02769
3.47 0.906531
3.57 0.847367
3.67 0.829259
3.82 0.823034
3.97 0.717489
4.07 0.693344
4.17 0.629641
4.32 0.695133
4.47 0.642463
4.57 0.525114
4.67 0.455111
