#1-y 2--dNch/deta 5-dN/dY [GeV-1] 3--dN_{PreEq}/dY [GeV-1] 3--dN_{Hydro}/dY [GeV-1]
-3.17 1650 3.78681 3.32258 0.464228
-3.07 1665 7.38473 7.24956 0.135171
-2.97 1680 4.49896 4.42835 0.0706138
-2.825 1705 5.60808 5.12991 0.478165
-2.68 1730 1.13319 0.927999 0.205195
-2.5775 1765 3.47841 3.12643 0.351975
-2.475 1800 10.255 10.0435 0.211569
-2.325 1830 6.88385 6.66603 0.217814
-2.175 1860 5.88082 5.75431 0.126508
-2.0775 1905 7.88211 6.96639 0.915727
-1.98 1950 11.1298 10.7006 0.429208
-1.8375 1990 4.41192 3.95532 0.456602
-1.695 2030 2.3634 1.79478 0.568622
-1.595 2055 9.30599 8.30403 1.00196
-1.495 2080 3.58126 2.57882 1.00244
-1.3525 2110 10.2206 10.0715 0.14905
-1.21 2140 4.35945 4.19655 0.162901
-1.115 2155 5.3508 4.50499 0.845809
-1.02 2170 4.8207 4.14287 0.677828
-0.8825 2185 12.556 12.2035 0.35247
-0.745 2200 1.94449 1.48219 0.462299
-0.655 2205 12.8582 11.8188 1.0394
-0.565 2210 7.79203 7.11049 0.681539
-0.4325 2220 6.4556 5.75405 0.701545
-0.3 2230 37.1416 35.9865 1.15513
-0.2 2235 6.9448 6.30228 0.642517
-0.1 2240 24.0775 22.9068 1.17071
0 2240 8.46337 7.67965 0.783713
0.1 2240 6.38508 5.15039 1.2347
0.2 2235 15.4666 15.2299 0.236661
0.3 2230 5.93924 5.283 0.656239
0.4325 2220 3.70256 3.03813 0.664438
0.565 2210 3.34501 3.03107 0.313934
0.655 2205 4.61877 3.93267 0.686101
0.745 2200 7.99462 5.86801 2.12661
0.8825 2185 8.32325 8.02247 0.300784
1.02 2170 9.20557 8.6914 0.514163
1.115 2155 19.4495 17.8123 1.63719
1.21 2140 25.5606 24.9161 0.644436
1.3525 2110 1.94787 1.67423 0.27364
1.495 2080 17.084 16.3707 0.713288
1.595 2055 14.672 14.1225 0.549549
1.695 2030 6.96976 6.51464 0.455115
1.8375 1990 2.39577 1.85896 0.53681
1.98 1950 1.57659 0.817415 0.759174
2.0775 1905 6.29747 5.95556 0.341911
2.175 1860 10.1675 9.95632 0.211164
2.325 1830 5.18591 4.96773 0.218178
2.475 1800 12.9531 12.6731 0.280056
2.5775 1765 4.20582 3.97945 0.226367
2.68 1730 1.50739 1.26654 0.240845
2.825 1705 2.9986 2.63706 0.361538
2.97 1680 3.14565 2.86314 0.28251
3.07 1665 1.99073 1.39732 0.593405
3.17 1650 8.21023 8.06839 0.14184
3.32 1625 3.17086 3.10483 0.0660362
3.47 1600 5.7356 5.63389 0.101703
3.57 1550 16.5359 16.444 0.0919277
3.67 1500 1.00882 0.856517 0.152301
3.82 1435 1.58 1.28226 0.297735
3.97 1370 2.87062 2.63398 0.236632
4.07 1345 1.01593 0.982259 0.0336692
4.17 1320 0.563189 0.511658 0.051531
4.32 1300 4.50845 4.50265 0.00580365
4.47 1280 0.778398 0.755696 0.0227021
4.57 1260 4.3699 4.35844 0.0114634
4.67 1240 1.60777 1.53282 0.0749565
