-3.17 0.732495
-3.07 0.835885
-2.97 0.76963
-2.825 0.992856
-2.68 0.591643
-2.5775 0.389855
-2.475 0.713423
-2.325 0.770324
-2.175 0.639052
-2.0775 1.18864
-1.98 0.874395
-1.8375 0.74295
-1.695 0.963848
-1.595 0.834293
-1.495 1.6988
-1.3525 1.56259
-1.21 1.86401
-1.115 1.57568
-1.02 1.27568
-0.8825 1.53373
-0.745 2.20391
-0.655 1.95427
-0.565 1.25299
-0.4325 1.25997
-0.3 1.70215
-0.2 1.78502
-0.1 1.44587
0 1.14602
0.1 1.12463
0.2 1.33355
0.3 1.28242
0.4325 1.73411
0.565 2.28504
0.655 0.980581
0.745 1.11392
0.8825 1.85631
1.02 1.19514
1.115 1.50892
1.21 1.70322
1.3525 1.73019
1.495 1.37022
1.595 0.766515
1.695 1.04947
1.8375 0.727363
1.98 0.910023
2.0775 0.812652
2.175 0.881008
2.325 1.00631
2.475 1.22487
2.5775 0.92885
2.68 0.352513
2.825 0.926691
2.97 1.07947
3.07 0.909929
3.17 0.720402
3.32 0.592352
3.47 0.921804
3.57 0.666159
3.67 0.424213
3.82 0.518088
3.97 0.726094
4.07 0.184163
4.17 0.293056
4.32 0.451565
4.47 0.321842
4.57 0.226646
4.67 0.238412
