#1-y 2--dNch/deta 5-dN/dY [GeV-1] 3--dN_{PreEq}/dY [GeV-1] 3--dN_{Hydro}/dY [GeV-1]
-3.17 1421.19 0.645037 0.636651 0.00838581
-3.07 1434.11 1.41268 1.39942 0.0132635
-2.97 1447.03 0.55986 0.549692 0.0101684
-2.825 1468.56 0.7435 0.711149 0.0323508
-2.68 1490.09 1.77988 1.77389 0.00599577
-2.5775 1520.24 0.40734 0.400888 0.00645183
-2.475 1550.39 0.414759 0.397043 0.0177158
-2.325 1576.23 2.06559 2.05804 0.00754776
-2.175 1602.07 0.546975 0.526724 0.0202515
-2.0775 1640.83 0.724312 0.706841 0.0174714
-1.98 1679.59 1.04025 1.01858 0.0216696
-1.8375 1714.04 1.69078 1.67107 0.0197162
-1.695 1748.49 3.14578 3.13318 0.0125967
-1.595 1770.03 0.43724 0.417472 0.0197682
-1.495 1791.56 0.876451 0.849964 0.0264862
-1.3525 1817.4 0.680862 0.648604 0.0322585
-1.21 1843.24 2.439 2.36921 0.0697967
-1.115 1856.16 1.30952 1.21823 0.0912928
-1.02 1869.08 0.949875 0.924974 0.0249018
-0.8825 1882 0.449152 0.39472 0.0544319
-0.745 1894.92 0.901146 0.791389 0.109757
-0.655 1899.22 1.30765 1.2364 0.0712452
-0.565 1903.53 3.01053 2.96833 0.0421968
-0.4325 1912.14 2.88846 2.82874 0.0597247
-0.3 1920.76 1.43734 1.38572 0.0516252
-0.2 1925.06 2.29332 2.21959 0.0737301
-0.1 1929.37 1.30002 1.21744 0.0825736
0 1929.37 1.10101 1.03175 0.0692571
0.1 1929.37 2.33466 2.17286 0.161803
0.2 1925.06 2.30498 2.26782 0.0371578
0.3 1920.76 1.91794 1.84596 0.0719766
0.4325 1912.14 1.82489 1.77339 0.0514998
0.565 1903.53 1.03577 1.00763 0.0281325
0.655 1899.22 5.98819 5.94457 0.0436196
0.745 1894.92 0.720333 0.675956 0.0443773
0.8825 1882 1.42076 1.37865 0.0421179
1.02 1869.08 1.31126 1.27416 0.0370959
1.115 1856.16 0.991169 0.954986 0.0361829
1.21 1843.24 1.15528 1.0934 0.0618765
1.3525 1817.4 0.750178 0.725776 0.0244013
1.495 1791.56 1.62564 1.61495 0.0106887
1.595 1770.03 1.03164 0.999626 0.0320175
1.695 1748.49 0.711542 0.700318 0.0112231
1.8375 1714.04 3.02185 2.99507 0.0267847
1.98 1679.59 0.960001 0.938946 0.0210555
2.0775 1640.83 0.725403 0.709534 0.0158689
2.175 1602.07 0.440031 0.406953 0.033078
2.325 1576.23 0.988418 0.979661 0.00875738
2.475 1550.39 0.728336 0.717437 0.0108994
2.5775 1520.24 1.32841 1.31533 0.0130875
2.68 1490.09 1.72681 1.71866 0.00815664
2.825 1468.56 1.32032 1.29945 0.0208717
2.97 1447.03 0.381014 0.377087 0.00392673
3.07 1434.11 1.5192 1.50335 0.0158539
3.17 1421.19 2.94779 2.9395 0.00828133
3.32 1399.66 0.246947 0.244104 0.00284395
3.47 1378.12 0.531001 0.523875 0.007126
3.57 1335.06 0.630293 0.624556 0.0057369
3.67 1291.99 0.269051 0.259842 0.00920897
3.82 1236 0.202122 0.198387 0.00373591
3.97 1180.02 0.100355 0.0960128 0.00434268
4.07 1158.48 0.533526 0.531311 0.00221543
4.17 1136.95 0.454098 0.453069 0.00102909
4.32 1119.72 0.550349 0.548292 0.00205657
4.47 1102.5 0.0597614 0.0564416 0.0033198
4.57 1085.27 0.0693785 0.0687196 0.000658907
4.67 1068.04 0.425036 0.421928 0.00310827
