#1-Q [GeV] 2--dN/dQdY [GeV-1] 3--dN_{PreEq}/dQdY [GeV-1] 3--dN_{Hydro}/dQdY [GeV-1]
1 0.00624512 0.000704232 0.00554089
1.08163 0.00470778 0.000677765 0.00403002
1.16327 0.0037676 0.000766226 0.00300138
1.2449 0.00309048 0.000729285 0.0023612
1.32653 0.00209774 0.000471543 0.00162619
1.40816 0.00165178 0.000473051 0.00117873
1.4898 0.00124823 0.000291458 0.00095677
1.57143 0.00105096 0.000314454 0.000736502
1.65306 0.000712727 0.00026328 0.000449446
1.73469 0.000611889 0.000259668 0.000352221
1.81633 0.000433784 0.000170812 0.000262973
1.89796 0.000385659 0.000194717 0.000190943
1.97959 0.000310376 0.00017751 0.000132866
2.06122 0.000223598 0.000123033 0.000100565
2.14286 0.000192668 0.000117922 7.4746e-05
2.22449 0.000142311 8.55756e-05 5.67349e-05
2.30612 0.000124005 8.37683e-05 4.02365e-05
2.38776 9.39419e-05 6.2729e-05 3.12128e-05
2.46939 7.60095e-05 5.03313e-05 2.56782e-05
2.55102 6.74403e-05 5.0503e-05 1.69372e-05
2.63265 4.59583e-05 3.30378e-05 1.29205e-05
2.71429 3.74111e-05 2.89298e-05 8.48135e-06
2.79592 4.12005e-05 3.24464e-05 8.75405e-06
2.87755 3.10105e-05 2.65209e-05 4.48961e-06
2.95918 2.74163e-05 2.42085e-05 3.20777e-06
3.04082 2.3354e-05 1.98073e-05 3.5467e-06
3.12245 1.70003e-05 1.4407e-05 2.59325e-06
3.20408 1.83463e-05 1.67369e-05 1.60941e-06
3.28571 1.35289e-05 1.20037e-05 1.52518e-06
3.36735 9.73381e-06 8.51613e-06 1.21767e-06
3.44898 8.65347e-06 7.89429e-06 7.59181e-07
3.53061 8.37957e-06 7.846e-06 5.33578e-07
3.61224 7.6961e-06 7.19462e-06 5.01482e-07
3.69388 5.28305e-06 4.84079e-06 4.4226e-07
3.77551 4.87598e-06 4.60275e-06 2.73236e-07
3.85714 3.34689e-06 3.15206e-06 1.94831e-07
3.93878 3.29868e-06 3.13498e-06 1.63694e-07
4.02041 3.54085e-06 3.4545e-06 8.63563e-08
4.10204 1.90775e-06 1.81724e-06 9.05149e-08
4.18367 1.93219e-06 1.86397e-06 6.82204e-08
4.26531 1.87664e-06 1.82251e-06 5.41338e-08
4.34694 2.18569e-06 2.14873e-06 3.69525e-08
4.42857 1.14898e-06 1.12732e-06 2.16568e-08
4.5102 1.31217e-06 1.29252e-06 1.96502e-08
4.59184 1.15473e-06 1.1375e-06 1.72314e-08
4.67347 7.22511e-07 7.11177e-07 1.13334e-08
4.7551 8.6751e-07 8.58669e-07 8.84087e-09
4.83673 5.06448e-07 4.97869e-07 8.57918e-09
4.91837 5.00687e-07 4.96285e-07 4.40184e-09
5 5.68112e-07 5.62617e-07 5.49475e-09
