#1-y 2--dN/dY 3--QMin 4--QMax 5-dN/dQdY [GeV-1] 3--dN_{PreEq}/dQdY [GeV-1] 3--dN_{Hydro}/dQdY [GeV-1]
-3.17 1650 1.5 2.5  0.00026784 0.000136807 0.000131033 2.5 3.5  1.29986e-05 9.30375e-06 3.69481e-06 3.5 4.5  1.50528e-06 1.40453e-06 1.00755e-07 4.5 5.5  1.80882e-07 1.77984e-07 2.89829e-09 
-2.97 1680 1.5 2.5  0.000232889 0.000114571 0.000118318 2.5 3.5  1.28699e-05 9.09325e-06 3.77668e-06 3.5 4.5  1.22195e-06 1.15382e-06 6.81305e-08 4.5 5.5  1.11613e-07 1.1049e-07 1.12315e-09 
-2.68 1730 1.5 2.5  0.000283179 0.000148487 0.000134692 2.5 3.5  1.5613e-05 1.25591e-05 3.05392e-06 3.5 4.5  2.14723e-06 2.01189e-06 1.35334e-07 4.5 5.5  1.20769e-07 1.15694e-07 5.0749e-09 
-2.475 1800 1.5 2.5  0.00029909 0.000136291 0.000162799 2.5 3.5  2.36504e-05 1.83103e-05 5.34014e-06 3.5 4.5  1.85114e-06 1.72182e-06 1.29321e-07 4.5 5.5  6.52567e-08 6.38765e-08 1.38021e-09 
-2.175 1860 1.5 2.5  0.000393396 0.000141466 0.00025193 2.5 3.5  1.57986e-05 1.13081e-05 4.49049e-06 3.5 4.5  2.65491e-06 2.45023e-06 2.04675e-07 4.5 5.5  1.47302e-07 1.42475e-07 4.82729e-09 
-1.98 1950 1.5 2.5  0.000350313 0.000138754 0.000211559 2.5 3.5  3.06437e-05 2.46063e-05 6.03735e-06 3.5 4.5  2.66377e-06 2.35603e-06 3.07742e-07 4.5 5.5  3.50153e-07 3.37556e-07 1.25972e-08 
-1.695 2030 1.5 2.5  0.000448731 0.000180809 0.000267922 2.5 3.5  2.78741e-05 2.05592e-05 7.31483e-06 3.5 4.5  2.42283e-06 2.09704e-06 3.25792e-07 4.5 5.5  3.76289e-07 3.64122e-07 1.21671e-08 
-1.495 2080 1.5 2.5  0.00043527 0.000159236 0.000276034 2.5 3.5  3.55648e-05 2.70382e-05 8.5266e-06 3.5 4.5  5.23094e-06 4.80386e-06 4.27075e-07 4.5 5.5  2.52132e-07 2.35283e-07 1.68488e-08 
-1.21 2140 1.5 2.5  0.000587539 0.000236492 0.000351047 2.5 3.5  3.11716e-05 2.0957e-05 1.02146e-05 3.5 4.5  2.44391e-06 1.96684e-06 4.77073e-07 4.5 5.5  3.50239e-07 3.37463e-07 1.27761e-08 
-1.02 2170 1.5 2.5  0.000658543 0.00024047 0.000418073 2.5 3.5  4.88688e-05 3.71039e-05 1.17649e-05 3.5 4.5  4.06671e-06 3.45581e-06 6.10903e-07 4.5 5.5  4.70646e-07 4.50264e-07 2.0382e-08 
-0.745 2200 1.5 2.5  0.000559265 0.000200887 0.000358378 2.5 3.5  4.19815e-05 2.7908e-05 1.40734e-05 3.5 4.5  2.94029e-06 2.64306e-06 2.97229e-07 4.5 5.5  3.58793e-07 3.32163e-07 2.66301e-08 
-0.565 2210 1.5 2.5  0.000606687 0.000241911 0.000364776 2.5 3.5  3.38855e-05 2.15106e-05 1.23749e-05 3.5 4.5  3.89626e-06 3.52306e-06 3.73206e-07 4.5 5.5  9.29365e-07 9.05667e-07 2.36979e-08 
-0.3 2230 1.5 2.5  0.000642133 0.000216603 0.00042553 2.5 3.5  4.82804e-05 3.27738e-05 1.55066e-05 3.5 4.5  4.6277e-06 3.83822e-06 7.89482e-07 4.5 5.5  3.75158e-07 3.60994e-07 1.41643e-08 
-0.1 2240 1.5 2.5  0.000491508 0.000141918 0.00034959 2.5 3.5  5.11836e-05 3.68837e-05 1.42999e-05 3.5 4.5  3.65985e-06 3.2561e-06 4.03745e-07 4.5 5.5  5.53682e-07 5.19234e-07 3.44486e-08 
0.1 2240 1.5 2.5  0.000607184 0.000224778 0.000382406 2.5 3.5  5.01822e-05 3.20346e-05 1.81476e-05 3.5 4.5  5.58736e-06 4.87888e-06 7.0848e-07 4.5 5.5  6.09923e-07 5.83999e-07 2.59239e-08 
0.3 2230 1.5 2.5  0.000635809 0.000265526 0.000370283 2.5 3.5  5.30612e-05 3.94149e-05 1.36463e-05 3.5 4.5  4.09139e-06 3.36793e-06 7.23457e-07 4.5 5.5  5.89191e-07 5.61123e-07 2.80681e-08 
0.565 2210 1.5 2.5  0.000552015 0.000152407 0.000399608 2.5 3.5  4.19122e-05 2.8307e-05 1.36053e-05 3.5 4.5  4.08544e-06 3.62255e-06 4.62886e-07 4.5 5.5  5.04929e-07 4.81001e-07 2.39281e-08 
0.745 2200 1.5 2.5  0.000523611 0.000184667 0.000338944 2.5 3.5  4.4609e-05 2.92991e-05 1.53099e-05 3.5 4.5  3.01727e-06 2.58627e-06 4.31009e-07 4.5 5.5  5.60723e-07 5.36787e-07 2.39351e-08 
1.02 2170 1.5 2.5  0.000565675 0.000194941 0.000370733 2.5 3.5  4.34529e-05 3.00109e-05 1.3442e-05 3.5 4.5  2.80055e-06 2.3439e-06 4.56657e-07 4.5 5.5  2.80421e-07 2.54123e-07 2.62987e-08 
1.21 2140 1.5 2.5  0.000539216 0.000168181 0.000371034 2.5 3.5  3.3262e-05 2.50968e-05 8.16526e-06 3.5 4.5  2.89375e-06 2.37522e-06 5.18532e-07 4.5 5.5  3.67185e-07 3.45793e-07 2.13916e-08 
1.495 2080 1.5 2.5  0.000468825 0.000175616 0.000293208 2.5 3.5  3.79566e-05 2.87387e-05 9.21795e-06 3.5 4.5  3.25734e-06 2.85311e-06 4.04222e-07 4.5 5.5  6.15926e-07 6.02819e-07 1.31075e-08 
1.695 2030 1.5 2.5  0.000486516 0.000205233 0.000281283 2.5 3.5  3.44664e-05 2.49333e-05 9.53311e-06 3.5 4.5  3.51661e-06 3.22496e-06 2.91656e-07 4.5 5.5  4.21125e-07 4.02111e-07 1.90142e-08 
1.98 1950 1.5 2.5  0.00043108 0.000177957 0.000253123 2.5 3.5  2.46783e-05 1.6641e-05 8.03723e-06 3.5 4.5  2.77362e-06 2.59766e-06 1.75961e-07 4.5 5.5  2.66365e-07 2.58061e-07 8.30335e-09 
2.175 1860 1.5 2.5  0.000362959 0.000163626 0.000199333 2.5 3.5  1.69744e-05 1.24064e-05 4.56805e-06 3.5 4.5  1.84732e-06 1.62684e-06 2.20482e-07 4.5 5.5  2.84067e-07 2.76919e-07 7.14742e-09 
2.475 1800 1.5 2.5  0.000317087 0.00013748 0.000179607 2.5 3.5  1.64056e-05 1.25826e-05 3.82295e-06 3.5 4.5  2.22057e-06 2.04865e-06 1.71923e-07 4.5 5.5  1.67058e-07 1.63799e-07 3.25881e-09 
2.68 1730 1.5 2.5  0.000265542 0.000100507 0.000165035 2.5 3.5  1.63094e-05 1.2673e-05 3.63637e-06 3.5 4.5  1.27599e-06 1.17638e-06 9.96021e-08 4.5 5.5  1.49685e-07 1.47419e-07 2.26547e-09 
2.97 1680 1.5 2.5  0.000236412 0.000106166 0.000130246 2.5 3.5  1.78656e-05 1.51029e-05 2.76271e-06 3.5 4.5  8.89183e-07 8.18667e-07 7.05164e-08 4.5 5.5  1.58535e-07 1.566e-07 1.93569e-09 
3.17 1650 1.5 2.5  0.000239145 0.000109011 0.000130134 2.5 3.5  1.5075e-05 1.19139e-05 3.16108e-06 3.5 4.5  1.33722e-06 1.28759e-06 4.96273e-08 4.5 5.5  1.5594e-07 1.54104e-07 1.83676e-09 
3.47 1600 1.5 2.5  0.000210463 9.66112e-05 0.000113851 2.5 3.5  9.93677e-06 7.71642e-06 2.22034e-06 3.5 4.5  1.0729e-06 1.02413e-06 4.87725e-08 4.5 5.5  9.82445e-08 9.70326e-08 1.21194e-09 
3.67 1500 1.5 2.5  0.000176814 9.37161e-05 8.30977e-05 2.5 3.5  6.25985e-06 4.47465e-06 1.7852e-06 3.5 4.5  1.01757e-06 9.74505e-07 4.30607e-08 4.5 5.5  6.60663e-08 6.53066e-08 7.59672e-10 
3.97 1370 1.5 2.5  0.000113168 6.1102e-05 5.20656e-05 2.5 3.5  8.9514e-06 7.70412e-06 1.24728e-06 3.5 4.5  5.57018e-07 5.38133e-07 1.8885e-08 4.5 5.5  4.47042e-08 4.4343e-08 3.61213e-10 
4.17 1320 1.5 2.5  0.000104868 5.82746e-05 4.65931e-05 2.5 3.5  4.62009e-06 4.10347e-06 5.16621e-07 3.5 4.5  5.16363e-07 5.0298e-07 1.33831e-08 4.5 5.5  2.48207e-08 2.4561e-08 2.59686e-10 
4.47 1280 1.5 2.5  9.27109e-05 5.99818e-05 3.27291e-05 2.5 3.5  5.46414e-06 5.01541e-06 4.48725e-07 3.5 4.5  2.87381e-07 2.78642e-07 8.73858e-09 4.5 5.5  2.14602e-08 2.12758e-08 1.84416e-10 
4.67 1240 1.5 2.5  9.72729e-05 6.48151e-05 3.24578e-05 2.5 3.5  3.44343e-06 2.98767e-06 4.55758e-07 3.5 4.5  5.2568e-07 5.20183e-07 5.49656e-09 4.5 5.5  2.50038e-08 2.49026e-08 1.01177e-10 
