-3.17 38841.7
-3.07 59487.5
-2.97 46049.7
-2.825 49235.8
-2.68 44006.8
-2.5775 26963.3
-2.475 44526.4
-2.325 36198
-2.175 63357.5
-2.0775 27241.8
-1.98 41776
-1.8375 34018.8
-1.695 67662.9
-1.595 38490.3
-1.495 29045.7
-1.3525 32119.4
-1.21 31007.1
-1.115 48388.6
-1.02 79953
-0.8825 43542.1
-0.745 38054.3
-0.655 25850.6
-0.565 47780.2
-0.4325 59350.6
-0.3 29909.5
-0.2 38924
-0.1 46796.6
0 29220.1
0.1 22939.5
0.2 33789.9
0.3 41936.3
0.4325 46802.9
0.565 46254.2
0.655 59325.1
0.745 45738.2
0.8825 22964.8
1.02 57020.4
1.115 39897.4
1.21 55640.8
1.3525 37338.7
1.495 50696
1.595 29509.5
1.695 31401.5
1.8375 32424
1.98 38561.7
2.0775 34320.5
2.175 46152.5
2.325 45000.7
2.475 51029.7
2.5775 82227.6
2.68 45292.1
2.825 46725.6
2.97 27851.9
3.07 37817.8
3.17 50519
3.32 24089.7
3.47 48662.2
3.57 55062.2
3.67 52511.2
3.82 36643
3.97 57999.9
4.07 60974.5
4.17 35048.9
4.32 51833.4
4.47 139115
4.57 42250.5
4.67 62044
