-3.17 50.5141
-3.07 46.9581
-2.97 46.5752
-2.825 42.6028
-2.68 39.1433
-2.5775 41.0945
-2.475 30.6065
-2.325 38.5264
-2.175 35.3512
-2.0775 35.6286
-1.98 35.9157
-1.8375 31.0559
-1.695 27.4122
-1.595 28.2688
-1.495 27.802
-1.3525 24.6002
-1.21 23.9092
-1.115 23.9191
-1.02 25.3767
-0.8825 24.0701
-0.745 22.7311
-0.655 28.6039
-0.565 19.3346
-0.4325 22.0386
-0.3 21.5331
-0.2 22.9851
-0.1 19.6903
0 20.2126
0.1 25.7329
0.2 21.8229
0.3 25.7279
0.4325 20.2968
0.565 23.8734
0.655 24.7389
0.745 21.1464
0.8825 20.8962
1.02 22.8936
1.115 25.2003
1.21 25.4675
1.3525 25.8114
1.495 24.744
1.595 26.5034
1.695 30.111
1.8375 26.7868
1.98 36.4718
2.0775 31.9987
2.175 35.594
2.325 40.02
2.475 44.9629
2.5775 35.8254
2.68 40.981
2.825 37.0867
2.97 46.8811
3.07 43.3516
3.17 43.4425
3.32 43.7919
3.47 42.0893
3.57 48.9779
3.67 56.6104
3.82 76.3316
3.97 86.6328
4.07 75.0684
4.17 96.1512
4.32 106.893
4.47 124.594
4.57 105.373
4.67 101.045
