-3.17 8.64677
-3.07 6.49004
-2.97 11.0092
-2.825 8.35167
-2.68 8.41864
-2.5775 10.8364
-2.475 9.43363
-2.325 8.4271
-2.175 9.48132
-2.0775 7.95106
-1.98 7.51996
-1.8375 9.48744
-1.695 8.62422
-1.595 9.5101
-1.495 8.40017
-1.3525 9.49022
-1.21 9.66368
-1.115 7.94404
-1.02 8.44912
-0.8825 8.26619
-0.745 7.0698
-0.655 9.14968
-0.565 8.84377
-0.4325 7.54017
-0.3 7.83334
-0.2 8.82072
-0.1 9.54191
0 9.56332
0.1 7.98161
0.2 9.72145
0.3 9.61811
0.4325 7.58495
0.565 9.62918
0.655 8.60529
0.745 10.1752
0.8825 8.8598
1.02 8.0811
1.115 9.48874
1.21 7.77926
1.3525 10.0311
1.495 7.62368
1.595 7.39416
1.695 9.39487
1.8375 8.41811
1.98 9.68531
2.0775 8.91063
2.175 7.13433
2.325 7.68872
2.475 8.38391
2.5775 8.81906
2.68 7.72165
2.825 8.15827
2.97 8.26326
3.07 8.9927
3.17 8.89724
3.32 12.1204
3.47 9.73618
3.57 12.1975
3.67 7.22875
3.82 10.5956
3.97 8.55855
4.07 7.2666
4.17 11.2148
4.32 8.37205
4.47 7.77012
4.57 10.1928
4.67 7.06089
