-3.17 0.075354
-3.07 0.0786367
-2.97 0.0837915
-2.825 0.0820228
-2.68 0.0874861
-2.5775 0.102296
-2.475 0.0974394
-2.325 0.0890145
-2.175 0.0953465
-2.0775 0.0975155
-1.98 0.111083
-1.8375 0.111026
-1.695 0.111938
-1.595 0.120176
-1.495 0.102535
-1.3525 0.12148
-1.21 0.122388
-1.115 0.116864
-1.02 0.113941
-0.8825 0.117657
-0.745 0.108844
-0.655 0.132016
-0.565 0.121182
-0.4325 0.125642
-0.3 0.12268
-0.2 0.140689
-0.1 0.126386
0 0.124132
0.1 0.125626
0.2 0.139039
0.3 0.122483
0.4325 0.107079
0.565 0.127106
0.655 0.118883
0.745 0.131215
0.8825 0.127954
1.02 0.126221
1.115 0.12238
1.21 0.11677
1.3525 0.113707
1.495 0.0986754
1.595 0.107078
1.695 0.118625
1.8375 0.101608
1.98 0.100384
2.0775 0.0913635
2.175 0.103765
2.325 0.0958715
2.475 0.0880461
2.5775 0.0926286
2.68 0.0849873
2.825 0.0806657
2.97 0.0771145
3.07 0.0905914
3.17 0.0841357
3.32 0.0911744
3.47 0.0697642
3.57 0.0785871
3.67 0.0674811
3.82 0.0679528
3.97 0.0548648
4.07 0.0576106
4.17 0.0598692
4.32 0.0551204
4.47 0.051877
4.57 0.0632723
4.67 0.0507693
