-3.17 7.16745
-3.07 7.22498
-2.97 7.48927
-2.825 7.10031
-2.68 5.26882
-2.5775 5.63808
-2.475 6.09973
-2.325 15.7194
-2.175 5.41757
-2.0775 6.32229
-1.98 7.90162
-1.8375 5.76685
-1.695 7.42428
-1.595 10.0005
-1.495 12.7719
-1.3525 10.5288
-1.21 8.22217
-1.115 12.4568
-1.02 10.6588
-0.8825 9.00762
-0.745 8.29694
-0.655 7.25166
-0.565 9.53844
-0.4325 17.9631
-0.3 7.6781
-0.2 5.57765
-0.1 11.0675
0 6.12527
0.1 7.19343
0.2 6.69481
0.3 7.70935
0.4325 10.8714
0.565 7.58869
0.655 14.4701
0.745 10.5559
0.8825 5.52829
1.02 7.14864
1.115 6.68937
1.21 10.4216
1.3525 7.86638
1.495 9.86386
1.595 5.74461
1.695 6.24548
1.8375 8.15374
1.98 14.614
2.0775 12.5435
2.175 10.1434
2.325 8.55147
2.475 5.87158
2.5775 9.99972
2.68 9.0102
2.825 11.5552
2.97 7.01517
3.07 9.88336
3.17 6.8362
3.32 12.2607
3.47 9.25547
3.57 13.613
3.67 5.77105
3.82 11.3884
3.97 5.47785
4.07 7.88713
4.17 6.55374
4.32 8.02302
4.57 6.03396
4.67 4.85887
