-3.17 1.18153
-3.07 1.48578
-2.97 0.823057
-2.825 1.3037
-2.68 1.01922
-2.5775 0.594266
-2.475 1.25992
-2.325 0.67517
-2.175 0.968371
-2.0775 0.757524
-1.98 0.703772
-1.8375 0.846707
-1.695 1.33295
-1.595 1.10991
-1.495 0.578307
-1.3525 0.863798
-1.21 0.975699
-1.115 0.954249
-1.02 1.07414
-0.8825 0.98083
-0.745 1.2603
-0.655 0.926775
-0.565 0.764142
-0.4325 1.05577
-0.3 0.906305
-0.2 1.22505
-0.1 1.27721
0 1.07004
0.1 0.866146
0.2 1.20381
0.3 1.31198
0.4325 0.935683
0.565 0.947543
0.655 1.10082
0.745 1.16985
0.8825 0.546868
1.02 0.958715
1.115 0.879556
1.21 1.42802
1.3525 1.13709
1.495 0.967001
1.595 0.794857
1.695 1.07206
1.8375 0.700325
1.98 0.837856
2.0775 0.815753
2.175 1.22022
2.325 0.973486
2.475 1.78276
2.5775 1.86743
2.68 1.43562
2.825 0.948614
2.97 0.698917
3.07 1.19506
3.17 1.19949
3.32 0.495738
3.47 0.969566
3.57 1.09026
3.67 1.208
3.82 0.808974
3.97 1.75747
4.07 1.6136
4.17 0.576099
4.32 1.4087
4.47 0.66224
4.57 0.721584
4.67 1.20147
