-3.17 80060.6
-3.07 65284.1
-2.97 108398
-2.825 56841.7
-2.68 55411.5
-2.5775 45127.5
-2.475 70678.2
-2.325 49430.7
-2.175 74234.4
-2.0775 45493.9
-1.98 46569.5
-1.8375 48243.5
-1.695 105800
-1.595 58351.6
-1.495 36580.2
-1.3525 52316.7
-1.21 54687.6
-1.115 50972.2
-1.02 99903.2
-0.8825 67609.4
-0.745 44846.3
-0.655 68032.6
-0.565 61377.9
-0.4325 56461
-0.3 44787
-0.2 70917.5
-0.1 69581.6
0 47769.4
0.1 57623.5
0.2 60349
0.3 73977.7
0.4325 39650.1
0.565 55162.2
0.655 66365.6
0.745 72067.6
0.8825 41345.6
1.02 62988.9
1.115 60076.2
1.21 86713.7
1.3525 56697.2
1.495 56283.1
1.595 53363.5
1.695 55301.8
1.8375 48075.2
1.98 62472.4
2.0775 48345.1
2.175 95618.7
2.325 64804.8
2.475 126425
2.5775 77753.1
2.68 67406.2
2.825 62028.3
2.97 39984.2
3.07 57834.9
3.17 60530.7
3.32 49007.4
3.47 43549.5
3.57 82129.1
3.67 67679.7
3.82 49671
3.97 94496.2
4.07 57998.6
4.17 42606.1
4.32 85718.5
4.47 74369.1
4.57 44792
4.67 82724.3
