#1-y 2--dNch/deta 5-dN/dY [GeV-1] 3--dN_{PreEq}/dY [GeV-1] 3--dN_{Hydro}/dY [GeV-1]
-3.17 1650 0.0204453 0.0204412 4.11617e-06
-3.07 1665 0.0655182 0.065514 4.131e-06
-2.97 1680 0.0209908 0.0209851 5.70342e-06
-2.825 1705 0.040349 0.0403454 3.59468e-06
-2.68 1730 0.0641807 0.0641749 5.82494e-06
-2.5775 1765 0.00972579 0.00972246 3.32289e-06
-2.475 1800 0.0242486 0.0242429 5.70771e-06
-2.325 1830 0.0384015 0.0383979 3.65443e-06
-2.175 1860 0.0226666 0.0226621 4.53734e-06
-2.0775 1905 0.0415624 0.0415566 5.82664e-06
-1.98 1950 0.0183948 0.0183648 2.99897e-05
-1.8375 1990 0.0868274 0.086806 2.13799e-05
-1.695 2030 0.0244985 0.0244842 1.42799e-05
-1.595 2055 0.0328225 0.0327942 2.82507e-05
-1.495 2080 0.0290099 0.0289909 1.89881e-05
-1.3525 2110 0.0368304 0.0367931 3.73202e-05
-1.21 2140 0.0385852 0.0385557 2.95316e-05
-1.115 2155 0.0483626 0.0483257 3.69069e-05
-1.02 2170 0.0783468 0.0783257 2.10507e-05
-0.8825 2185 0.0981655 0.0981134 5.21053e-05
-0.745 2200 0.0592422 0.0592007 4.14839e-05
-0.655 2205 0.211375 0.211343 3.19623e-05
-0.565 2210 0.052386 0.0523625 2.34805e-05
-0.4325 2220 0.0928459 0.0928103 3.55975e-05
-0.3 2230 0.0671737 0.0671383 3.53408e-05
-0.2 2235 0.0556313 0.0555845 4.67627e-05
-0.1 2240 0.133731 0.13368 5.06783e-05
0 2240 0.129545 0.12949 5.51784e-05
0.1 2240 0.28414 0.284099 4.0303e-05
0.2 2235 0.0557992 0.0557528 4.63698e-05
0.3 2230 0.123491 0.123451 4.03962e-05
0.4325 2220 0.0459832 0.0459587 2.44649e-05
0.565 2210 0.0230161 0.022989 2.71351e-05
0.655 2205 0.125814 0.125791 2.32929e-05
0.745 2200 0.137732 0.137691 4.1187e-05
0.8825 2185 0.0519991 0.051974 2.50064e-05
1.02 2170 0.121909 0.12186 4.96588e-05
1.115 2155 0.0777425 0.0777159 2.65418e-05
1.21 2140 0.116697 0.116658 3.99682e-05
1.3525 2110 0.203003 0.202964 3.97914e-05
1.495 2080 0.126269 0.126241 2.8892e-05
1.595 2055 0.22487 0.224853 1.73995e-05
1.695 2030 0.105788 0.105752 3.62822e-05
1.8375 1990 0.0545023 0.054483 1.92763e-05
1.98 1950 0.0863946 0.0863766 1.79711e-05
2.0775 1905 0.225185 0.22517 1.52353e-05
2.175 1860 0.0490813 0.0490654 1.58988e-05
2.325 1830 0.0498192 0.0498134 5.75025e-06
2.475 1800 0.014644 0.0146381 5.88373e-06
2.5775 1765 0.0253253 0.0253138 1.15454e-05
2.68 1730 0.0299459 0.02994 5.8231e-06
2.825 1705 0.0198535 0.019848 5.53036e-06
2.97 1680 0.0364316 0.0364276 4.04005e-06
3.07 1665 0.0947521 0.0947478 4.28291e-06
3.17 1650 0.0303754 0.0303714 3.97738e-06
3.32 1625 0.129763 0.129758 4.26442e-06
3.47 1600 0.0150353 0.0150311 4.20968e-06
3.57 1550 0.0152278 0.0152252 2.5374e-06
3.67 1500 0.0697763 0.069775 1.27521e-06
3.82 1435 0.0166367 0.0166361 5.4067e-07
3.97 1370 0.0108587 0.0108579 8.56019e-07
4.07 1345 0.0113381 0.0113371 1.00197e-06
4.17 1320 0.00466771 0.00466751 2.02466e-07
4.32 1300 0.00121683 0.00121656 2.71556e-07
4.47 1280 0.00746422 0.00746361 6.10336e-07
4.57 1260 0.0232557 0.0232554 2.57808e-07
4.67 1240 0.00367807 0.00367795 1.14822e-07
