-3.17 0.721909
-3.07 0.548912
-2.97 0.82043
-2.825 0.735584
-2.68 0.70311
-2.5775 0.884727
-2.475 0.851174
-2.325 0.908786
-2.175 1.00412
-2.0775 0.878256
-1.98 0.88201
-1.8375 1.20791
-1.695 1.15022
-1.595 1.30761
-1.495 1.35294
-1.3525 1.45394
-1.21 1.50214
-1.115 1.34571
-1.02 1.47869
-0.8825 1.3967
-0.745 1.36562
-0.655 1.48896
-0.565 1.60765
-0.4325 1.36474
-0.3 1.42699
-0.2 1.55073
-0.1 1.6507
0 1.74793
0.1 1.53869
0.2 1.60604
0.3 1.71353
0.4325 1.5497
0.565 1.68621
0.655 1.59688
0.745 1.66109
0.8825 1.4815
1.02 1.30714
1.115 1.56161
1.21 1.356
1.3525 1.54307
1.495 1.19664
1.595 1.14451
1.695 1.23516
1.8375 1.21371
1.98 1.1992
2.0775 1.12645
2.175 0.765274
2.325 0.809464
2.475 0.83442
2.5775 0.80781
2.68 0.720097
2.825 0.733397
2.97 0.683179
3.07 0.699193
3.17 0.691291
3.32 0.794429
3.47 0.730456
3.57 0.753722
3.67 0.434366
3.82 0.572194
3.97 0.439131
4.07 0.323488
4.17 0.444847
4.32 0.327172
4.47 0.305382
4.57 0.327912
4.67 0.260716
