-3.17 0.907003
-3.07 1.30211
-2.97 0.960288
-2.825 1.2797
-2.68 1.3592
-2.5775 1.09096
-2.475 1.29169
-2.325 1.58679
-2.175 1.99769
-2.0775 1.42114
-1.98 2.08395
-1.8375 1.80759
-1.695 2.20146
-1.595 2.0829
-1.495 2.37049
-1.3525 2.20109
-1.21 1.81111
-1.115 3.1341
-1.02 3.37503
-0.8825 2.79
-0.745 2.97518
-0.655 2.21988
-0.565 2.718
-0.4325 3.83161
-0.3 2.6937
-0.2 2.15341
-0.1 2.90958
0 2.18395
0.1 1.962
0.2 2.34895
0.3 2.48865
0.4325 3.66314
0.565 3.36965
0.655 3.75057
0.745 2.29884
0.8825 2.09276
1.02 2.96126
1.115 2.45887
1.21 2.77053
1.3525 2.28693
1.495 2.70582
1.595 1.80492
1.695 1.54164
1.8375 1.80249
1.98 1.82999
2.0775 1.73091
2.175 1.41522
2.325 1.36232
2.475 1.26328
2.5775 1.81059
2.68 1.24491
2.825 1.19419
2.97 0.983523
3.07 0.935711
3.17 1.15662
3.32 0.696394
3.47 1.24645
3.57 0.87168
3.67 0.833776
3.82 0.686175
3.97 0.513051
4.07 0.802292
4.17 0.59826
4.32 0.50249
4.47 1.50087
4.57 0.529917
4.67 0.401769
