#1-y 2--dNch/deta 5-dN/dY [GeV-1] 3--dN_{PreEq}/dY [GeV-1] 3--dN_{Hydro}/dY [GeV-1]
-3.17 1650 2.22221 1.97233 0.249875
-3.07 1665 5.04564 4.91491 0.130721
-2.97 1680 8.45083 7.62959 0.821244
-2.825 1705 8.66987 8.37226 0.297609
-2.68 1730 49.6652 48.804 0.861198
-2.5775 1765 7.08327 6.35875 0.724513
-2.475 1800 86.9646 86.5583 0.406381
-2.325 1830 19.5122 19.3026 0.209589
-2.175 1860 8.33759 7.92597 0.41162
-2.0775 1905 10.1176 9.76646 0.351166
-1.98 1950 62.4759 61.2096 1.2663
-1.8375 1990 6.87507 6.10216 0.772915
-1.695 2030 12.3878 11.5547 0.83311
-1.595 2055 5.45707 5.35394 0.10313
-1.495 2080 16.8466 16.3834 0.463229
-1.3525 2110 5.89638 4.71395 1.18244
-1.21 2140 3.47659 2.78823 0.688353
-1.115 2155 6.39677 5.33583 1.06094
-1.02 2170 8.84727 7.2691 1.57817
-0.8825 2185 37.1962 35.236 1.96015
-0.745 2200 25.754 25.3137 0.440333
-0.655 2205 12.9646 11.627 1.33755
-0.565 2210 14.5058 13.6385 0.867315
-0.4325 2220 4.1759 2.98224 1.19366
-0.3 2230 12.0995 11.194 0.905535
-0.2 2235 9.1826 8.17974 1.00286
-0.1 2240 65.5435 64.1873 1.35618
0 2240 8.53373 7.49934 1.0344
0.1 2240 13.2195 12.215 1.00441
0.2 2235 15.9937 15.3027 0.690948
0.3 2230 4.25728 3.37525 0.882032
0.4325 2220 25.7413 22.0743 3.66707
0.565 2210 18.5441 17.6921 0.852031
0.655 2205 13.863 12.4433 1.4197
0.745 2200 8.60191 7.92215 0.679762
0.8825 2185 16.3738 15.7967 0.577057
1.02 2170 8.92787 8.2019 0.725968
1.115 2155 44.6391 43.8971 0.74199
1.21 2140 2.55135 1.74641 0.804938
1.3525 2110 29.0382 28.1526 0.88565
1.495 2080 6.56308 5.97698 0.586101
1.595 2055 36.2301 34.9851 1.24493
1.695 2030 7.23839 6.68204 0.556347
1.8375 1990 26.8674 25.8551 1.01233
1.98 1950 7.77191 7.30852 0.463393
2.0775 1905 24.335 23.9745 0.360579
2.175 1860 12.9358 12.4773 0.458498
2.325 1830 12.5328 12.2605 0.272329
2.475 1800 22.7579 21.8164 0.941523
2.5775 1765 7.21318 6.94111 0.27207
2.68 1730 2.7177 2.52616 0.191538
2.825 1705 9.36238 9.12706 0.235317
2.97 1680 6.05051 5.99869 0.0518193
3.07 1665 4.7086 4.0756 0.632993
3.17 1650 5.60986 5.40204 0.207828
3.32 1625 3.91753 3.4656 0.451926
3.47 1600 2.54948 2.48729 0.0621937
3.57 1550 2.03083 1.67103 0.359801
3.67 1500 15.1432 15.0533 0.0898617
3.82 1435 8.23911 7.92103 0.318079
3.97 1370 8.18963 8.1675 0.0221354
4.07 1345 2.56773 2.49773 0.0700007
4.17 1320 17.6225 17.5577 0.0647815
4.32 1300 1.95784 1.66297 0.294871
4.47 1280 1.87738 1.82304 0.0543402
4.57 1260 1.21977 1.17757 0.0421979
4.67 1240 0.219722 0.155328 0.0643938
