-3.17 1650 2.58039e-06 2.27301e-06 3.07386e-07 
-3.07 1665 4.46313e-06 3.40778e-06 1.05535e-06 
-2.97 1680 6.50596e-06 6.28697e-06 2.18988e-07 
-2.825 1705 1.01613e-05 9.76144e-06 3.99873e-07 
-2.68 1730 6.02008e-06 5.09162e-06 9.2846e-07 
-2.5775 1765 7.91992e-06 7.01751e-06 9.02411e-07 
-2.475 1800 9.51818e-06 9.03877e-06 4.79412e-07 
-2.325 1830 7.5845e-06 6.57348e-06 1.01102e-06 
-2.175 1860 5.09707e-06 4.62328e-06 4.73794e-07 
-2.0775 1905 4.88389e-06 4.34734e-06 5.36559e-07 
-1.98 1950 1.34367e-05 1.32074e-05 2.29253e-07 
-1.8375 1990 9.81811e-06 7.69537e-06 2.12274e-06 
-1.695 2030 8.62761e-06 8.0929e-06 5.34707e-07 
-1.595 2055 1.22483e-05 1.18148e-05 4.33438e-07 
-1.495 2080 9.07798e-06 6.78094e-06 2.29704e-06 
-1.3525 2110 1.26449e-05 1.18547e-05 7.9026e-07 
-1.21 2140 1.34012e-05 1.23163e-05 1.08493e-06 
-1.115 2155 8.34887e-06 4.87016e-06 3.4787e-06 
-1.02 2170 7.21067e-06 5.31658e-06 1.89408e-06 
-0.8825 2185 7.07446e-06 3.15466e-06 3.91979e-06 
-0.745 2200 1.99568e-05 1.6346e-05 3.6108e-06 
-0.655 2205 1.47023e-05 1.34962e-05 1.20608e-06 
-0.565 2210 1.09873e-05 9.49552e-06 1.4918e-06 
-0.4325 2220 2.43092e-05 2.31452e-05 1.16401e-06 
-0.3 2230 2.53154e-05 2.2592e-05 2.72334e-06 
-0.2 2235 1.49604e-05 1.28698e-05 2.0906e-06 
-0.1 2240 2.23625e-05 1.88955e-05 3.46698e-06 
0 2240 9.5596e-06 8.59899e-06 9.60605e-07 
0.1 2240 3.01299e-05 2.85431e-05 1.58681e-06 
0.2 2235 6.22209e-06 5.50291e-06 7.19186e-07 
0.3 2230 9.0191e-06 7.96439e-06 1.05471e-06 
0.4325 2220 6.63311e-06 4.59041e-06 2.0427e-06 
0.565 2210 1.39559e-05 1.24291e-05 1.52678e-06 
0.655 2205 1.31688e-05 1.1987e-05 1.18184e-06 
0.745 2200 8.78924e-06 6.31042e-06 2.47882e-06 
0.8825 2185 1.80083e-05 1.7619e-05 3.89321e-07 
1.02 2170 1.60738e-05 1.56334e-05 4.40447e-07 
1.115 2155 1.72209e-05 1.64821e-05 7.38846e-07 
1.21 2140 2.31883e-05 2.20947e-05 1.09366e-06 
1.3525 2110 7.21667e-06 5.96362e-06 1.25305e-06 
1.495 2080 5.94238e-06 5.6151e-06 3.27287e-07 
1.595 2055 4.32205e-06 3.89136e-06 4.30693e-07 
1.695 2030 5.81962e-06 4.3557e-06 1.46392e-06 
1.8375 1990 2.58832e-05 2.43466e-05 1.5366e-06 
1.98 1950 6.42453e-06 5.14234e-06 1.28218e-06 
2.0775 1905 8.68541e-06 7.33741e-06 1.348e-06 
2.175 1860 1.16445e-05 1.15077e-05 1.36822e-07 
2.325 1830 1.03155e-05 9.92035e-06 3.95129e-07 
2.475 1800 2.76965e-06 2.53448e-06 2.35165e-07 
2.5775 1765 1.64536e-05 1.61919e-05 2.61692e-07 
2.68 1730 5.14637e-06 4.56972e-06 5.76643e-07 
2.825 1705 1.26784e-06 1.13708e-06 1.30759e-07 
2.97 1680 2.40109e-06 1.25556e-06 1.14554e-06 
3.07 1665 9.97582e-06 9.84756e-06 1.28264e-07 
3.17 1650 2.50899e-06 2.41955e-06 8.94376e-08 
3.32 1625 2.52949e-06 2.32716e-06 2.02335e-07 
3.47 1600 1.24647e-05 1.21229e-05 3.41809e-07 
3.57 1550 7.90866e-06 7.84651e-06 6.21494e-08 
3.67 1500 4.1212e-06 3.99986e-06 1.2134e-07 
3.82 1435 3.31141e-06 3.28589e-06 2.55194e-08 
3.97 1370 2.57053e-06 2.49198e-06 7.8547e-08 
4.07 1345 8.17921e-07 6.32828e-07 1.85093e-07 
4.17 1320 2.09825e-06 2.06951e-06 2.87407e-08 
4.32 1300 1.33127e-06 1.31441e-06 1.68595e-08 
4.47 1280 1.32951e-06 1.28491e-06 4.45978e-08 
4.57 1260 6.66554e-06 6.65254e-06 1.30055e-08 
4.67 1240 9.29922e-07 8.69867e-07 6.00548e-08 
