-3.17 1650 2.37178e-05 1.53701e-05 8.34762e-06 
-3.07 1665 2.20685e-05 1.70501e-05 5.01847e-06 
-2.97 1680 2.1e-05 1.16935e-05 9.30646e-06 
-2.825 1705 2.63028e-05 2.00608e-05 6.24194e-06 
-2.68 1730 3.0885e-05 2.25188e-05 8.36622e-06 
-2.5775 1765 4.09601e-05 3.2361e-05 8.59918e-06 
-2.475 1800 2.95014e-05 1.84416e-05 1.10597e-05 
-2.325 1830 4.42607e-05 3.21098e-05 1.21508e-05 
-2.175 1860 3.18125e-05 2.10579e-05 1.07545e-05 
-2.0775 1905 5.26324e-05 3.99284e-05 1.2704e-05 
-1.98 1950 5.03193e-05 4.15126e-05 8.80678e-06 
-1.8375 1990 5.38258e-05 4.29177e-05 1.09081e-05 
-1.695 2030 3.2852e-05 1.95657e-05 1.32864e-05 
-1.595 2055 5.48762e-05 3.60129e-05 1.88633e-05 
-1.495 2080 8.29134e-05 6.49337e-05 1.79798e-05 
-1.3525 2110 6.99033e-05 4.19849e-05 2.79185e-05 
-1.21 2140 5.94586e-05 4.37843e-05 1.56743e-05 
-1.115 2155 6.58527e-05 4.62907e-05 1.9562e-05 
-1.02 2170 4.26851e-05 2.58259e-05 1.68592e-05 
-0.8825 2185 6.56069e-05 4.01944e-05 2.54125e-05 
-0.745 2200 7.9476e-05 5.48244e-05 2.46516e-05 
-0.655 2205 8.76657e-05 4.40905e-05 4.35752e-05 
-0.565 2210 5.8004e-05 3.71135e-05 2.08905e-05 
-0.4325 2220 6.56836e-05 4.45375e-05 2.11461e-05 
-0.3 2230 9.15629e-05 5.67162e-05 3.48467e-05 
-0.2 2235 5.68592e-05 3.70921e-05 1.9767e-05 
-0.1 2240 6.31869e-05 3.32943e-05 2.98926e-05 
0 2240 7.69002e-05 5.0337e-05 2.65631e-05 
0.1 2240 8.83841e-05 5.02883e-05 3.80958e-05 
0.2 2235 7.16046e-05 4.75277e-05 2.40769e-05 
0.3 2230 6.0467e-05 3.75639e-05 2.29031e-05 
0.4325 2220 7.98021e-05 5.80016e-05 2.18005e-05 
0.565 2210 7.4468e-05 4.52573e-05 2.92107e-05 
0.655 2205 6.48392e-05 4.05846e-05 2.42546e-05 
0.745 2200 5.07222e-05 3.09995e-05 1.97227e-05 
0.8825 2185 9.46877e-05 6.18506e-05 3.28371e-05 
1.02 2170 5.29446e-05 3.68935e-05 1.6051e-05 
1.115 2155 6.29963e-05 4.15011e-05 2.14952e-05 
1.21 2140 5.06592e-05 2.66703e-05 2.39889e-05 
1.3525 2110 6.28013e-05 4.07426e-05 2.20587e-05 
1.495 2080 5.42656e-05 3.92221e-05 1.50435e-05 
1.595 2055 6.23244e-05 4.0184e-05 2.21404e-05 
1.695 2030 5.01747e-05 3.70057e-05 1.3169e-05 
1.8375 1990 5.63907e-05 3.88121e-05 1.75786e-05 
1.98 1950 4.86301e-05 3.56482e-05 1.29818e-05 
2.0775 1905 5.05094e-05 3.57273e-05 1.47821e-05 
2.175 1860 3.0685e-05 1.57875e-05 1.48975e-05 
2.325 1830 3.07346e-05 2.52054e-05 5.52922e-06 
2.475 1800 2.50764e-05 1.4257e-05 1.08194e-05 
2.5775 1765 2.20601e-05 1.68392e-05 5.22082e-06 
2.68 1730 2.78607e-05 1.97068e-05 8.15388e-06 
2.825 1705 2.56996e-05 1.78641e-05 7.83549e-06 
2.97 1680 3.57872e-05 2.94149e-05 6.37228e-06 
3.07 1665 2.48543e-05 2.0632e-05 4.22226e-06 
3.17 1650 2.30656e-05 1.8522e-05 4.54354e-06 
3.32 1625 2.93609e-05 2.09701e-05 8.39087e-06 
3.47 1600 2.56355e-05 2.08161e-05 4.81939e-06 
3.57 1550 1.5906e-05 1.03175e-05 5.5885e-06 
3.67 1500 1.59547e-05 1.22527e-05 3.70194e-06 
3.82 1435 1.86692e-05 1.65697e-05 2.09941e-06 
3.97 1370 8.81453e-06 7.59278e-06 1.22175e-06 
4.07 1345 1.31549e-05 1.19545e-05 1.2004e-06 
4.17 1320 1.69292e-05 1.47782e-05 2.15093e-06 
4.32 1300 9.68635e-06 8.10949e-06 1.57686e-06 
4.47 1280 1.07863e-05 8.63884e-06 2.14743e-06 
4.57 1260 1.24472e-05 1.17234e-05 7.23798e-07 
4.67 1240 6.46133e-06 5.50154e-06 9.59792e-07 
