0.0267559 0.0160021 3.72541e-05 0.0159648
0.0535117 0.0336904 5.77608e-05 0.0336327
0.0802676 0.045711 0.00010479 0.0456062
0.107023 0.0548353 0.000217192 0.0546181
0.133779 0.0669629 0.000155786 0.0668071
0.160535 0.0678127 0.000198377 0.0676144
0.187291 0.0642618 0.00035611 0.0639057
0.214047 0.0771971 0.00022507 0.0769721
0.240803 0.0796547 0.000239577 0.0794151
0.267559 0.0704683 0.000316498 0.0701518
0.294314 0.0742268 0.000253387 0.0739734
0.32107 0.0649989 0.000514095 0.0644848
0.347826 0.0637136 0.000396925 0.0633167
0.374582 0.0655344 0.000478119 0.0650563
0.401338 0.0543785 0.000553225 0.0538252
0.428094 0.0548775 0.000473999 0.0544036
0.454849 0.0521872 0.000402113 0.0517851
0.481605 0.0493278 0.000431415 0.0488964
0.508361 0.0481755 0.000599494 0.047576
0.535117 0.0451411 0.000383542 0.0447576
0.561873 0.0358034 0.00049432 0.0353091
0.588629 0.0372458 0.000396543 0.0368492
0.615385 0.0336227 0.000717147 0.0329056
0.64214 0.0318964 0.000561155 0.0313353
0.668896 0.0282945 0.000526553 0.0277679
0.695652 0.0243753 0.0003422 0.0240331
0.722408 0.0231891 0.000420349 0.0227687
0.749164 0.0218571 0.000340934 0.0215162
0.77592 0.0215832 0.000434982 0.0211483
0.802676 0.018197 0.000520516 0.0176765
0.829431 0.0145149 0.000501851 0.0140131
0.856187 0.0142959 0.000511954 0.013784
0.882943 0.0128851 0.00039257 0.0124925
0.909699 0.0121787 0.000418538 0.0117602
0.936455 0.0120039 0.000364623 0.0116393
0.963211 0.0108266 0.00049554 0.010331
0.989967 0.00992203 0.000459342 0.00946269
1.01672 0.00860835 0.000451544 0.00815681
1.04348 0.00850974 0.000409616 0.00810012
1.07023 0.00702966 0.000316246 0.00671341
1.09699 0.00723836 0.000349137 0.00688923
1.12375 0.00613644 0.000266213 0.00587023
1.1505 0.00528169 0.000459713 0.00482198
1.17726 0.005173 0.000412444 0.00476056
1.20401 0.00463744 0.000407603 0.00422984
1.23077 0.00518376 0.000273329 0.00491043
1.25753 0.00403846 0.000376168 0.00366229
1.28428 0.00351856 0.000326916 0.00319165
1.31104 0.00341788 0.000333304 0.00308457
1.33779 0.00323422 0.000279977 0.00295424
1.36455 0.00243376 0.000303217 0.00213054
1.3913 0.00231578 0.000246446 0.00206934
1.41806 0.00290756 0.000444834 0.00246273
1.44482 0.0021518 0.000275522 0.00187628
1.47157 0.00235156 0.000257311 0.00209425
1.49833 0.00207545 0.000247488 0.00182796
1.52508 0.00219221 0.00034378 0.00184843
1.55184 0.0017572 0.00027101 0.00148619
1.5786 0.00170368 0.000285485 0.0014182
1.60535 0.00164585 0.000319155 0.00132669
1.63211 0.00125824 0.000229856 0.00102838
1.65886 0.00147716 0.000282498 0.00119467
1.68562 0.00120754 0.000191727 0.00101582
1.71237 0.0010391 0.000114959 0.000924141
1.73913 0.00112834 0.000260453 0.000867888
1.76589 0.000941946 0.000283965 0.000657982
1.79264 0.0012052 0.000345699 0.000859501
1.8194 0.000776621 0.000205129 0.000571492
1.84615 0.000793099 0.000180167 0.000612932
1.87291 0.000802563 0.000228276 0.000574287
1.89967 0.000603058 0.000161039 0.000442019
1.92642 0.000755571 0.000193671 0.000561901
1.95318 0.000710414 0.000197162 0.000513252
1.97993 0.000631347 0.000200686 0.000430661
2.00669 0.000521082 0.000182516 0.000338566
2.03344 0.000476296 0.000111639 0.000364657
2.0602 0.000496948 0.000107102 0.000389845
2.08696 0.000473545 0.000138123 0.000335423
2.11371 0.000415767 0.000147862 0.000267906
2.14047 0.00043353 0.000177091 0.000256439
2.16722 0.00041785 0.000159609 0.000258241
2.19398 0.000324037 0.000107483 0.000216554
2.22074 0.000371431 0.000153643 0.000217788
2.24749 0.000303173 0.000105569 0.000197604
2.27425 0.000407811 0.000164925 0.000242886
2.301 0.000244459 5.6823e-05 0.000187636
2.32776 0.000282008 8.84579e-05 0.00019355
2.35452 0.000240749 8.75473e-05 0.000153202
2.38127 0.000241313 8.97358e-05 0.000151577
2.40803 0.000246629 9.64517e-05 0.000150177
2.43478 0.000177125 6.04912e-05 0.000116634
2.46154 0.000187502 7.34814e-05 0.000114021
2.48829 0.0001584 4.64414e-05 0.000111958
2.51505 0.000178145 8.25818e-05 9.55629e-05
2.54181 0.000198106 8.98959e-05 0.00010821
2.56856 0.000206451 0.000105078 0.000101372
2.59532 0.000137438 5.81925e-05 7.92455e-05
2.62207 0.000160865 0.000100843 6.0022e-05
2.64883 0.000121722 4.94216e-05 7.23e-05
2.67559 0.000139526 6.67672e-05 7.27592e-05
2.70234 8.71399e-05 3.87769e-05 4.83631e-05
2.7291 9.25138e-05 4.14156e-05 5.10983e-05
2.75585 9.4106e-05 4.21865e-05 5.19195e-05
2.78261 9.84681e-05 4.8855e-05 4.96131e-05
2.80936 9.09195e-05 4.4033e-05 4.68865e-05
2.83612 0.000119121 6.06509e-05 5.84705e-05
2.86288 8.09047e-05 3.84547e-05 4.245e-05
2.88963 7.92856e-05 4.8466e-05 3.08197e-05
2.91639 8.02991e-05 3.04091e-05 4.98901e-05
2.94314 8.59264e-05 5.49021e-05 3.10243e-05
2.9699 6.99271e-05 4.46969e-05 2.52302e-05
2.99666 7.10627e-05 4.21401e-05 2.89225e-05
3.02341 6.02167e-05 3.16928e-05 2.85239e-05
3.05017 6.85146e-05 4.35692e-05 2.49454e-05
3.07692 6.6777e-05 4.26766e-05 2.41004e-05
3.10368 5.8144e-05 3.20721e-05 2.60719e-05
3.13043 5.0866e-05 2.77867e-05 2.30793e-05
3.15719 6.23567e-05 4.24931e-05 1.98637e-05
3.18395 6.84461e-05 4.8295e-05 2.0151e-05
3.2107 5.00256e-05 2.93685e-05 2.06571e-05
3.23746 4.66108e-05 3.02498e-05 1.6361e-05
3.26421 3.3756e-05 2.46134e-05 9.14262e-06
3.29097 4.24533e-05 2.56849e-05 1.67683e-05
3.31773 3.70868e-05 2.59599e-05 1.11269e-05
3.34448 3.42981e-05 2.07142e-05 1.35839e-05
3.37124 3.24979e-05 2.19894e-05 1.05085e-05
3.39799 3.03518e-05 2.04918e-05 9.86001e-06
3.42475 2.45402e-05 1.72096e-05 7.33059e-06
3.45151 3.17154e-05 2.19642e-05 9.75121e-06
3.47826 2.40179e-05 1.44294e-05 9.58849e-06
3.50502 2.62498e-05 1.95639e-05 6.68583e-06
3.53177 2.60342e-05 1.93171e-05 6.71707e-06
3.55853 1.67898e-05 1.22932e-05 4.49665e-06
3.58528 2.33136e-05 1.93105e-05 4.00312e-06
3.61204 2.55728e-05 1.80024e-05 7.57037e-06
3.6388 1.85617e-05 1.22577e-05 6.30396e-06
3.66555 1.71363e-05 1.06905e-05 6.44579e-06
3.69231 1.95774e-05 1.31702e-05 6.40718e-06
3.71906 2.09656e-05 1.66682e-05 4.29736e-06
3.74582 2.02717e-05 1.56001e-05 4.67158e-06
3.77258 2.1058e-05 1.7173e-05 3.88504e-06
3.79933 1.52414e-05 1.12702e-05 3.97123e-06
3.82609 1.6905e-05 1.31527e-05 3.7523e-06
3.85284 1.40221e-05 1.13241e-05 2.69794e-06
3.8796 1.25575e-05 9.77051e-06 2.78703e-06
3.90635 1.29883e-05 1.1407e-05 1.5813e-06
3.93311 1.30821e-05 1.0245e-05 2.83714e-06
3.95987 1.34113e-05 1.02486e-05 3.16266e-06
3.98662 7.4517e-06 5.8116e-06 1.6401e-06
4.01338 7.80219e-06 4.98201e-06 2.82018e-06
4.04013 1.67916e-05 1.48111e-05 1.98058e-06
4.06689 1.33509e-05 1.18579e-05 1.49299e-06
4.09365 1.05366e-05 8.86183e-06 1.6748e-06
4.1204 8.29678e-06 6.39971e-06 1.89707e-06
4.14716 8.27242e-06 6.84246e-06 1.42996e-06
4.17391 1.03397e-05 9.18937e-06 1.15036e-06
4.20067 7.68831e-06 6.62082e-06 1.06749e-06
4.22742 6.472e-06 5.32868e-06 1.14332e-06
4.25418 8.5965e-06 7.80268e-06 7.9382e-07
4.28094 9.28394e-06 8.1734e-06 1.11054e-06
4.30769 9.42736e-06 7.81442e-06 1.61294e-06
4.33445 4.79274e-06 4.08125e-06 7.11493e-07
4.3612 1.1551e-05 1.09277e-05 6.23285e-07
4.38796 1.05955e-05 9.45497e-06 1.14049e-06
4.41472 5.81228e-06 4.7008e-06 1.11148e-06
4.44147 8.74877e-06 7.58386e-06 1.16491e-06
4.46823 1.04265e-05 9.42727e-06 9.99225e-07
4.49498 7.57866e-06 6.24506e-06 1.3336e-06
4.52174 5.9431e-06 5.1804e-06 7.62702e-07
4.54849 6.76903e-06 6.40623e-06 3.62801e-07
4.57525 4.41578e-06 3.82389e-06 5.9189e-07
4.60201 6.24694e-06 5.49728e-06 7.49667e-07
4.62876 6.34521e-06 5.66284e-06 6.82372e-07
4.65552 4.60947e-06 4.24746e-06 3.62007e-07
4.68227 5.08888e-06 4.47488e-06 6.13993e-07
4.70903 6.47759e-06 6.0137e-06 4.63889e-07
4.73579 3.24225e-06 2.80942e-06 4.32828e-07
4.76254 3.08616e-06 2.86783e-06 2.18325e-07
4.7893 3.3933e-06 3.06975e-06 3.23545e-07
4.81605 3.02969e-06 2.76183e-06 2.67861e-07
4.84281 2.65178e-06 2.3255e-06 3.26283e-07
4.86957 2.12239e-06 1.80825e-06 3.14142e-07
4.89632 3.19514e-06 2.87008e-06 3.25054e-07
4.92308 3.38567e-06 3.23626e-06 1.49412e-07
4.94983 2.48558e-06 2.15538e-06 3.30196e-07
4.97659 4.07567e-06 3.88715e-06 1.88521e-07
5.00334 2.84737e-06 2.6994e-06 1.47976e-07
5.0301 3.29198e-06 3.11436e-06 1.77614e-07
5.05686 2.58014e-06 2.3832e-06 1.96934e-07
5.08361 1.65348e-06 1.44815e-06 2.05334e-07
5.11037 2.00012e-06 1.82862e-06 1.71497e-07
5.13712 1.96541e-06 1.78147e-06 1.83936e-07
5.16388 2.11359e-06 1.94718e-06 1.66412e-07
5.19064 2.25391e-06 2.15087e-06 1.03045e-07
5.21739 3.70487e-06 3.56125e-06 1.43616e-07
5.24415 2.57113e-06 2.47877e-06 9.23585e-08
5.2709 3.42183e-06 3.28012e-06 1.41708e-07
5.29766 1.73458e-06 1.59849e-06 1.36096e-07
5.32441 1.06169e-06 9.89246e-07 7.24426e-08
5.35117 2.23887e-06 2.1228e-06 1.16073e-07
5.37793 1.21898e-06 1.14797e-06 7.10047e-08
5.40468 1.6345e-06 1.59952e-06 3.49786e-08
5.43144 1.51942e-06 1.46013e-06 5.92914e-08
5.45819 1.32601e-06 1.27978e-06 4.62303e-08
5.48495 9.57107e-07 8.17726e-07 1.39382e-07
5.51171 8.59577e-07 8.01187e-07 5.83904e-08
5.53846 1.02277e-06 9.40203e-07 8.25716e-08
5.56522 1.48339e-06 1.42217e-06 6.12259e-08
5.59197 2.09745e-06 2.05849e-06 3.89554e-08
5.61873 1.12228e-06 1.07454e-06 4.77399e-08
5.64548 1.58409e-06 1.52975e-06 5.43343e-08
5.67224 9.72068e-07 9.15925e-07 5.61422e-08
5.699 1.32231e-06 1.29713e-06 2.51816e-08
5.72575 8.63991e-07 8.43406e-07 2.05857e-08
5.75251 7.7876e-07 7.56794e-07 2.19665e-08
5.77926 9.5299e-07 9.28483e-07 2.45067e-08
5.80602 1.26623e-06 1.24353e-06 2.27037e-08
5.83278 7.51307e-07 6.92963e-07 5.83434e-08
5.85953 1.4203e-06 1.37084e-06 4.94574e-08
5.88629 4.99533e-07 4.61334e-07 3.8199e-08
5.91304 8.44421e-07 8.21428e-07 2.29931e-08
5.9398 1.0457e-06 1.02845e-06 1.72506e-08
5.96656 7.90145e-07 7.71717e-07 1.84277e-08
5.99331 1.00466e-06 9.67982e-07 3.66803e-08
6.02007 3.79432e-07 3.59684e-07 1.97482e-08
6.04682 3.97172e-07 3.8367e-07 1.35025e-08
6.07358 4.1272e-07 3.92556e-07 2.01641e-08
6.10033 5.6717e-07 5.50629e-07 1.65411e-08
6.12709 2.54414e-07 2.43969e-07 1.04453e-08
6.15385 4.1399e-07 3.95324e-07 1.86664e-08
6.1806 4.05144e-07 3.82983e-07 2.21615e-08
6.20736 6.07255e-07 6.0403e-07 3.22437e-09
6.23411 5.33475e-07 5.17191e-07 1.62841e-08
6.26087 6.88116e-07 6.76156e-07 1.19598e-08
6.28763 2.39378e-07 2.3091e-07 8.46838e-09
6.31438 3.01781e-07 2.91114e-07 1.06668e-08
6.34114 3.69696e-07 3.61358e-07 8.33849e-09
6.36789 5.27282e-07 5.24052e-07 3.23019e-09
6.39465 8.23058e-08 7.58915e-08 6.41429e-09
6.4214 3.63171e-07 3.45869e-07 1.73016e-08
6.44816 2.57394e-07 2.49286e-07 8.10803e-09
6.47492 1.43831e-07 1.35585e-07 8.24557e-09
6.50167 1.945e-07 1.90357e-07 4.14295e-09
6.52843 5.25062e-07 5.18962e-07 6.1e-09
6.55518 4.71705e-07 4.63354e-07 8.35127e-09
6.58194 2.47685e-07 2.42059e-07 5.62538e-09
6.6087 3.43422e-07 3.40815e-07 2.60742e-09
6.63545 4.87511e-07 4.81753e-07 5.75799e-09
6.66221 3.58952e-07 3.51551e-07 7.40169e-09
6.68896 1.39484e-07 1.361e-07 3.38481e-09
6.71572 2.31137e-07 2.29206e-07 1.93084e-09
6.74247 2.39737e-07 2.36133e-07 3.60336e-09
6.76923 2.52565e-07 2.46258e-07 6.30701e-09
6.79599 1.82721e-07 1.8053e-07 2.19142e-09
6.82274 1.83255e-07 1.80854e-07 2.40137e-09
6.8495 3.00391e-07 2.97483e-07 2.90786e-09
6.87625 2.96304e-07 2.93969e-07 2.33525e-09
6.90301 2.53901e-07 2.51057e-07 2.84408e-09
6.92977 2.72501e-07 2.71532e-07 9.69138e-10
6.95652 1.30405e-07 1.28936e-07 1.46837e-09
6.98328 1.55254e-07 1.52736e-07 2.51744e-09
7.01003 4.15505e-07 4.13409e-07 2.09622e-09
7.03679 1.65814e-07 1.63295e-07 2.51859e-09
7.06355 1.33506e-07 1.31287e-07 2.21935e-09
7.0903 1.20827e-07 1.20546e-07 2.81717e-10
7.11706 2.52736e-07 2.52262e-07 4.73377e-10
7.14381 1.30685e-07 1.29424e-07 1.26073e-09
7.17057 1.19215e-07 1.1777e-07 1.44526e-09
7.19732 1.64326e-07 1.63911e-07 4.14545e-10
7.22408 7.99617e-08 7.83127e-08 1.64903e-09
7.25084 6.80488e-08 6.71591e-08 8.89672e-10
7.27759 5.39426e-08 5.29834e-08 9.59211e-10
7.30435 1.74115e-07 1.73292e-07 8.23021e-10
7.3311 7.28822e-08 7.17483e-08 1.13395e-09
7.35786 1.06829e-07 1.06238e-07 5.90795e-10
7.38462 2.16038e-07 2.15364e-07 6.73432e-10
7.41137 1.9337e-07 1.92703e-07 6.66479e-10
7.43813 1.47759e-07 1.47499e-07 2.59753e-10
7.46488 7.47237e-08 7.43573e-08 3.66444e-10
7.49164 7.32367e-08 7.26871e-08 5.4964e-10
7.51839 9.68813e-08 9.59212e-08 9.6015e-10
7.54515 6.93302e-08 6.88281e-08 5.02077e-10
7.57191 6.9281e-08 6.89918e-08 2.89233e-10
7.59866 1.2696e-07 1.26698e-07 2.62152e-10
7.62542 6.07538e-08 6.0165e-08 5.88855e-10
7.65217 7.38503e-08 7.33208e-08 5.29464e-10
7.67893 5.4935e-08 5.47307e-08 2.04299e-10
7.70569 1.13507e-07 1.12978e-07 5.29625e-10
7.73244 6.47119e-08 6.407e-08 6.41898e-10
7.7592 2.26425e-08 2.24439e-08 1.98631e-10
7.78595 4.28669e-08 4.23689e-08 4.98012e-10
7.81271 7.25022e-08 7.21661e-08 3.36019e-10
7.83946 1.82015e-08 1.79367e-08 2.64801e-10
7.86622 2.11724e-08 2.09959e-08 1.76523e-10
7.89298 6.35784e-08 6.32536e-08 3.24807e-10
7.91973 6.09055e-08 6.07534e-08 1.52113e-10
7.94649 9.88973e-08 9.84357e-08 4.61579e-10
7.97324 5.06506e-08 5.04856e-08 1.64934e-10
8 1.36782e-08 1.34575e-08 2.20622e-10
