0.0267559 0.015317 0.000185342 0.0151317
0.0535117 0.0276354 0.000245697 0.0273897
0.0802676 0.0364741 0.000551194 0.0359229
0.107023 0.0488425 0.000582519 0.04826
0.133779 0.0528362 0.000759233 0.052077
0.160535 0.0604713 0.00109856 0.0593727
0.187291 0.0749459 0.00124591 0.0737
0.214047 0.0671387 0.000908301 0.0662304
0.240803 0.0676877 0.000961435 0.0667263
0.267559 0.0644469 0.0011187 0.0633282
0.294314 0.0625926 0.00129125 0.0613013
0.32107 0.057884 0.00135173 0.0565322
0.347826 0.0551553 0.00122092 0.0539344
0.374582 0.0576883 0.00129135 0.056397
0.401338 0.0521262 0.00157709 0.0505491
0.428094 0.0485983 0.00138864 0.0472097
0.454849 0.0457247 0.000972773 0.0447519
0.481605 0.044831 0.00134333 0.0434877
0.508361 0.0390776 0.00116487 0.0379127
0.535117 0.0386608 0.00157405 0.0370868
0.561873 0.0347218 0.00144551 0.0332763
0.588629 0.0312548 0.0011238 0.030131
0.615385 0.0283188 0.00132096 0.0269978
0.64214 0.0250935 0.00114937 0.0239442
0.668896 0.0242639 0.00155349 0.0227104
0.695652 0.0226838 0.00139279 0.021291
0.722408 0.019525 0.00122828 0.0182967
0.749164 0.0184855 0.00137063 0.0171148
0.77592 0.0162695 0.00105632 0.0152132
0.802676 0.013448 0.00118208 0.0122659
0.829431 0.0140881 0.00111691 0.0129712
0.856187 0.0116152 0.00128051 0.0103347
0.882943 0.0114637 0.00122768 0.010236
0.909699 0.00866128 0.000742639 0.00791864
0.936455 0.00910829 0.001084 0.00802429
0.963211 0.00797521 0.000933991 0.00704122
0.989967 0.00687458 0.000668162 0.00620642
1.01672 0.00648929 0.000690112 0.00579917
1.04348 0.00570034 0.000996853 0.00470348
1.07023 0.00492103 0.000732083 0.00418894
1.09699 0.00461124 0.000585285 0.00402595
1.12375 0.00393479 0.000715525 0.00321926
1.1505 0.00423482 0.000708778 0.00352604
1.17726 0.00383805 0.000765859 0.00307219
1.20401 0.00333434 0.00065201 0.00268233
1.23077 0.0030555 0.000553717 0.00250178
1.25753 0.00259624 0.000531518 0.00206472
1.28428 0.00258414 0.000650227 0.00193391
1.31104 0.00228051 0.000429301 0.00185121
1.33779 0.00205367 0.000479923 0.00157374
1.36455 0.00180488 0.000376063 0.00142882
1.3913 0.00159444 0.000474195 0.00112025
1.41806 0.001771 0.000400017 0.00137098
1.44482 0.00167098 0.000582781 0.0010882
1.47157 0.00121807 0.00035967 0.000858402
1.49833 0.00113567 0.000322479 0.000813189
1.52508 0.001137 0.000380679 0.000756318
1.55184 0.00107575 0.000292707 0.000783048
1.5786 0.000937332 0.000283496 0.000653837
1.60535 0.000695746 0.00029648 0.000399266
1.63211 0.000804423 0.000291255 0.000513168
1.65886 0.000647112 0.000240805 0.000406307
1.68562 0.000670841 0.000272031 0.00039881
1.71237 0.000583829 0.000249849 0.00033398
1.73913 0.000638419 0.000303893 0.000334526
1.76589 0.00054575 0.000242433 0.000303318
1.79264 0.000512298 0.000259295 0.000253003
1.8194 0.000473535 0.000210876 0.000262659
1.84615 0.000396121 0.000161076 0.000235045
1.87291 0.000375377 0.000164928 0.000210449
1.89967 0.00035603 0.000172602 0.000183428
1.92642 0.00036917 0.000187447 0.000181723
1.95318 0.000306397 0.000150819 0.000155578
1.97993 0.000356738 0.000200295 0.000156443
2.00669 0.000274684 0.00015558 0.000119104
2.03344 0.000270248 0.000143048 0.000127199
2.0602 0.00028719 0.000156253 0.000130937
2.08696 0.00024466 0.000140041 0.000104619
2.11371 0.000222423 0.000123366 9.90568e-05
2.14047 0.000203245 0.000122475 8.07701e-05
2.16722 0.000158056 8.91567e-05 6.88992e-05
2.19398 0.000145724 7.90717e-05 6.66519e-05
2.22074 0.000168132 0.000103495 6.46371e-05
2.24749 0.000161432 0.000101739 5.96932e-05
2.27425 0.00013126 7.6223e-05 5.50369e-05
2.301 0.000135065 8.60145e-05 4.9051e-05
2.32776 0.00012242 8.43438e-05 3.80758e-05
2.35452 8.89707e-05 5.37217e-05 3.52491e-05
2.38127 0.000102422 6.58386e-05 3.65831e-05
2.40803 9.77561e-05 6.34558e-05 3.43002e-05
2.43478 6.70858e-05 4.35389e-05 2.35469e-05
2.46154 8.5263e-05 5.60451e-05 2.92179e-05
2.48829 5.03018e-05 2.93405e-05 2.09613e-05
2.51505 6.6251e-05 3.72976e-05 2.89534e-05
2.54181 7.48176e-05 5.26593e-05 2.21584e-05
2.56856 4.58186e-05 3.3066e-05 1.27526e-05
2.59532 7.20771e-05 5.42572e-05 1.78198e-05
2.62207 5.90415e-05 3.96673e-05 1.93741e-05
2.64883 6.75448e-05 5.8496e-05 9.04888e-06
2.67559 4.13861e-05 2.99091e-05 1.14771e-05
2.70234 3.47224e-05 2.40597e-05 1.06626e-05
2.7291 4.11463e-05 3.04734e-05 1.06729e-05
2.75585 3.36094e-05 2.40119e-05 9.59756e-06
2.78261 4.40443e-05 3.82852e-05 5.75909e-06
2.80936 3.86372e-05 3.34205e-05 5.21665e-06
2.83612 3.20471e-05 2.71521e-05 4.89501e-06
2.86288 3.19932e-05 2.67479e-05 5.24528e-06
2.88963 2.81435e-05 2.16652e-05 6.47822e-06
2.91639 3.44479e-05 2.83754e-05 6.07254e-06
2.94314 2.29685e-05 2.0031e-05 2.93751e-06
2.9699 2.86886e-05 2.40529e-05 4.63575e-06
2.99666 1.92741e-05 1.64125e-05 2.86161e-06
3.02341 2.03748e-05 1.70581e-05 3.31663e-06
3.05017 2.8453e-05 2.45358e-05 3.91716e-06
3.07692 1.92544e-05 1.65648e-05 2.68953e-06
3.10368 1.65911e-05 1.40169e-05 2.57419e-06
3.13043 2.05357e-05 1.7795e-05 2.74069e-06
3.15719 2.49552e-05 2.16564e-05 3.2988e-06
3.18395 1.24263e-05 1.09104e-05 1.51589e-06
3.2107 1.35096e-05 1.22896e-05 1.21994e-06
3.23746 1.74237e-05 1.61974e-05 1.22627e-06
3.26421 1.42733e-05 1.24766e-05 1.79666e-06
3.29097 1.25278e-05 1.12132e-05 1.31453e-06
3.31773 7.68697e-06 6.36804e-06 1.31894e-06
3.34448 1.44753e-05 1.30637e-05 1.41164e-06
3.37124 9.41858e-06 8.17547e-06 1.24312e-06
3.39799 1.14111e-05 1.03934e-05 1.01767e-06
3.42475 8.01807e-06 7.12089e-06 8.9718e-07
3.45151 8.54436e-06 7.8769e-06 6.67467e-07
3.47826 9.00163e-06 8.22194e-06 7.79695e-07
3.50502 1.24119e-05 1.20539e-05 3.57987e-07
3.53177 6.94906e-06 6.56575e-06 3.83307e-07
3.55853 6.94117e-06 6.42703e-06 5.14142e-07
3.58528 8.33167e-06 7.89392e-06 4.37743e-07
3.61204 6.84725e-06 6.02183e-06 8.25421e-07
3.6388 8.62517e-06 8.2297e-06 3.95464e-07
3.66555 5.27838e-06 4.80129e-06 4.77092e-07
3.69231 5.74261e-06 5.29452e-06 4.48089e-07
3.71906 5.49784e-06 5.17691e-06 3.20934e-07
3.74582 7.16592e-06 6.94547e-06 2.20458e-07
3.77258 4.3432e-06 4.12089e-06 2.22311e-07
3.79933 2.95945e-06 2.71494e-06 2.44508e-07
3.82609 4.75554e-06 4.57475e-06 1.80787e-07
3.85284 4.74945e-06 4.58599e-06 1.63464e-07
3.8796 4.9525e-06 4.78477e-06 1.67732e-07
3.90635 4.01777e-06 3.8444e-06 1.73364e-07
3.93311 3.33472e-06 3.20906e-06 1.25661e-07
3.95987 3.17433e-06 3.06109e-06 1.13238e-07
3.98662 2.89634e-06 2.78671e-06 1.09629e-07
4.01338 4.34394e-06 4.24766e-06 9.62791e-08
4.04013 2.74592e-06 2.61795e-06 1.27979e-07
4.06689 2.5465e-06 2.48651e-06 5.99885e-08
4.09365 2.69495e-06 2.57347e-06 1.21485e-07
4.1204 2.52398e-06 2.45167e-06 7.23118e-08
4.14716 1.44784e-06 1.37843e-06 6.94138e-08
4.17391 1.57434e-06 1.50194e-06 7.24021e-08
4.20067 2.24666e-06 2.2045e-06 4.21594e-08
4.22742 2.05365e-06 2.00252e-06 5.11374e-08
4.25418 2.50651e-06 2.44063e-06 6.58813e-08
4.28094 2.49589e-06 2.45585e-06 4.00481e-08
4.30769 1.88108e-06 1.84591e-06 3.51709e-08
4.33445 2.00241e-06 1.96956e-06 3.28507e-08
4.3612 1.20337e-06 1.1773e-06 2.6074e-08
4.38796 1.60592e-06 1.57773e-06 2.81918e-08
4.41472 1.2562e-06 1.22443e-06 3.17725e-08
4.44147 1.05628e-06 1.02326e-06 3.30142e-08
4.46823 1.47865e-06 1.45069e-06 2.79597e-08
4.49498 1.40121e-06 1.37315e-06 2.80634e-08
4.52174 1.02453e-06 1.00733e-06 1.72042e-08
4.54849 9.85617e-07 9.59395e-07 2.62227e-08
4.57525 1.72889e-06 1.70385e-06 2.50471e-08
4.60201 1.01608e-06 9.97952e-07 1.81231e-08
4.62876 1.39945e-06 1.39049e-06 8.95589e-09
4.65552 9.14876e-07 8.9413e-07 2.07458e-08
4.68227 1.26547e-06 1.24994e-06 1.55287e-08
4.70903 4.58238e-07 4.43714e-07 1.45242e-08
4.73579 7.73751e-07 7.63532e-07 1.02189e-08
4.76254 3.85455e-07 3.75788e-07 9.6664e-09
4.7893 8.04388e-07 7.91981e-07 1.24063e-08
4.81605 8.35525e-07 8.25049e-07 1.04764e-08
4.84281 1.08772e-06 1.08087e-06 6.84972e-09
4.86957 4.85031e-07 4.80965e-07 4.06628e-09
4.89632 5.89355e-07 5.81061e-07 8.29487e-09
4.92308 3.03824e-07 2.96697e-07 7.12647e-09
4.94983 7.65061e-07 7.59666e-07 5.39455e-09
4.97659 5.94526e-07 5.87783e-07 6.74344e-09
5.00334 3.8906e-07 3.83202e-07 5.85761e-09
5.0301 2.13638e-07 2.09853e-07 3.78486e-09
5.05686 7.22044e-07 7.17376e-07 4.66783e-09
5.08361 3.25782e-07 3.22662e-07 3.12023e-09
5.11037 2.39687e-07 2.35715e-07 3.97177e-09
5.13712 3.76752e-07 3.72513e-07 4.23951e-09
5.16388 2.312e-07 2.29654e-07 1.54589e-09
5.19064 1.71264e-07 1.69258e-07 2.00618e-09
5.21739 5.85994e-07 5.84122e-07 1.87172e-09
5.24415 3.05849e-07 3.02772e-07 3.07653e-09
5.2709 2.85227e-07 2.82836e-07 2.3916e-09
5.29766 2.02169e-07 1.98562e-07 3.60664e-09
5.32441 2.88014e-07 2.86222e-07 1.79168e-09
5.35117 3.92023e-07 3.89882e-07 2.14085e-09
5.37793 2.19637e-07 2.18481e-07 1.15682e-09
5.40468 3.51478e-07 3.50082e-07 1.39583e-09
5.43144 1.84424e-07 1.82817e-07 1.60627e-09
5.45819 2.81604e-07 2.79654e-07 1.95046e-09
5.48495 1.11494e-07 1.10382e-07 1.11114e-09
5.51171 1.72359e-07 1.71965e-07 3.94092e-10
5.53846 1.24474e-07 1.23943e-07 5.31193e-10
5.56522 1.39463e-07 1.38854e-07 6.09078e-10
5.59197 2.31253e-07 2.30626e-07 6.26945e-10
5.61873 1.52146e-07 1.51558e-07 5.8782e-10
5.64548 8.64835e-08 8.57489e-08 7.34608e-10
5.67224 6.11113e-08 6.05653e-08 5.45908e-10
5.699 2.40084e-07 2.39582e-07 5.01998e-10
5.72575 1.71295e-07 1.70582e-07 7.13148e-10
5.75251 1.16724e-07 1.16553e-07 1.70605e-10
5.77926 1.40279e-07 1.39955e-07 3.23424e-10
5.80602 2.40506e-07 2.40312e-07 1.93508e-10
5.83278 8.74392e-08 8.72849e-08 1.5433e-10
5.85953 5.07526e-08 5.06162e-08 1.36369e-10
5.88629 1.21575e-07 1.21296e-07 2.7833e-10
5.91304 1.98128e-07 1.97958e-07 1.7048e-10
5.9398 5.27225e-08 5.25756e-08 1.46891e-10
5.96656 5.50698e-08 5.47783e-08 2.91484e-10
5.99331 9.49036e-08 9.46452e-08 2.5842e-10
6.02007 1.10599e-07 1.1048e-07 1.18807e-10
6.04682 1.18007e-07 1.17788e-07 2.18849e-10
6.07358 1.41068e-07 1.41009e-07 5.82675e-11
6.10033 9.52272e-08 9.51046e-08 1.22598e-10
6.12709 4.99059e-08 4.97236e-08 1.82301e-10
6.15385 9.65747e-08 9.65039e-08 7.0764e-11
6.1806 4.78531e-08 4.77761e-08 7.70574e-11
6.20736 6.07727e-08 6.07046e-08 6.80714e-11
6.23411 4.83076e-08 4.82196e-08 8.80248e-11
6.26087 8.43792e-08 8.43435e-08 3.5732e-11
6.28763 4.97927e-08 4.97263e-08 6.63295e-11
6.31438 1.15647e-07 1.1561e-07 3.63747e-11
6.34114 1.6909e-08 1.68239e-08 8.51025e-11
6.36789 3.55743e-08 3.55533e-08 2.10797e-11
6.39465 7.08599e-08 7.08139e-08 4.60121e-11
6.4214 4.1164e-08 4.11436e-08 2.04556e-11
6.44816 3.70522e-08 3.69984e-08 5.37717e-11
6.47492 6.12963e-08 6.12745e-08 2.17785e-11
6.50167 2.41649e-08 2.41311e-08 3.38445e-11
6.52843 4.45086e-08 4.44572e-08 5.1413e-11
6.55518 4.61125e-08 4.60833e-08 2.92158e-11
6.58194 1.91714e-08 1.91583e-08 1.30858e-11
6.6087 5.07705e-08 5.07223e-08 4.8206e-11
6.63545 4.734e-08 4.73123e-08 2.76848e-11
6.66221 2.1429e-08 2.13931e-08 3.59013e-11
6.68896 2.93293e-08 2.93165e-08 1.28015e-11
6.71572 3.86904e-08 3.86692e-08 2.12584e-11
6.74247 3.44981e-08 3.44751e-08 2.30228e-11
6.76923 1.20099e-08 1.19928e-08 1.71075e-11
6.79599 9.71107e-09 9.69328e-09 1.77866e-11
6.82274 2.80286e-08 2.80218e-08 6.80279e-12
6.8495 2.76009e-08 2.75826e-08 1.83904e-11
6.87625 2.58098e-08 2.58073e-08 2.50282e-12
6.90301 1.9853e-08 1.98421e-08 1.09556e-11
6.92977 1.12188e-08 1.1207e-08 1.18048e-11
6.95652 1.29844e-08 1.29764e-08 8.00684e-12
6.98328 2.73388e-08 2.73306e-08 8.2144e-12
7.01003 1.53769e-08 1.53712e-08 5.61305e-12
7.03679 1.46404e-08 1.46278e-08 1.2517e-11
7.06355 1.6912e-08 1.69087e-08 3.28872e-12
7.0903 1.22701e-08 1.22655e-08 4.64163e-12
7.11706 2.27843e-08 2.27809e-08 3.31442e-12
7.14381 1.6132e-08 1.61275e-08 4.45415e-12
7.17057 1.53162e-08 1.53147e-08 1.55304e-12
7.19732 1.85064e-08 1.85043e-08 2.12955e-12
7.22408 2.86451e-09 2.86112e-09 3.39153e-12
7.25084 9.23664e-09 9.23553e-09 1.10916e-12
7.27759 1.06942e-08 1.06903e-08 3.86968e-12
7.30435 1.6395e-08 1.6389e-08 5.95387e-12
7.3311 1.78457e-08 1.78421e-08 3.5338e-12
7.35786 5.68825e-09 5.68407e-09 4.18043e-12
7.38462 4.27102e-09 4.26973e-09 1.29436e-12
7.41137 5.9806e-09 5.98017e-09 4.24046e-13
7.43813 6.70746e-09 6.70431e-09 3.15032e-12
7.46488 4.02564e-09 4.02474e-09 8.91199e-13
7.49164 1.40533e-08 1.40524e-08 9.2135e-13
7.51839 9.94217e-09 9.94147e-09 6.97136e-13
7.54515 6.37718e-09 6.37606e-09 1.11971e-12
7.57191 8.3922e-09 8.39051e-09 1.69537e-12
7.59866 3.76914e-09 3.76857e-09 5.73482e-13
7.62542 7.35074e-09 7.3503e-09 4.39933e-13
7.65217 1.06708e-08 1.06699e-08 8.63806e-13
7.67893 2.23454e-08 2.23448e-08 5.86125e-13
7.70569 1.12969e-08 1.12963e-08 5.2928e-13
7.73244 8.69773e-09 8.69751e-09 2.15073e-13
7.7592 3.963e-09 3.96247e-09 5.24865e-13
7.78595 4.33426e-09 4.33387e-09 3.94224e-13
7.81271 4.95814e-09 4.95774e-09 3.99145e-13
7.83946 1.89554e-09 1.89542e-09 1.1829e-13
7.86622 3.40322e-09 3.40285e-09 3.67518e-13
7.89298 3.15593e-09 3.15568e-09 2.51265e-13
7.91973 4.31592e-09 4.31573e-09 1.92581e-13
7.94649 4.26669e-09 4.26607e-09 6.15875e-13
7.97324 2.28898e-09 2.28866e-09 3.23112e-13
8 6.89482e-09 6.89471e-09 1.08764e-13
