0.032 1.53897e-05 1.53897e-05 0
0.096 4.4831e-05 4.4831e-05 0
0.16 7.10147e-05 7.10147e-05 0
0.224 9.49024e-05 9.49024e-05 0
0.288 0.000115112 0.000115112 0
0.352 0.000133295 0.000133295 0
0.416 0.000146932 0.000146932 0
0.48 0.000154336 0.000154336 0
0.544 0.000161566 0.000161566 0
0.608 0.000168671 0.000168671 0
0.672 0.000168732 0.000168732 0
0.736 0.000171267 0.000171267 0
0.8 0.00017095 0.00017095 0
0.864 0.00016781 0.00016781 0
0.928 0.000167055 0.000167055 0
0.992 0.000160814 0.000160814 0
1.056 0.000155398 0.000155398 0
1.12 0.000149074 0.000149074 0
1.184 0.000143462 0.000143462 0
1.248 0.000135968 0.000135968 0
1.312 0.000129434 0.000129434 0
1.376 0.00012287 0.00012287 0
1.44 0.000116016 0.000116016 0
1.504 0.000110234 0.000110234 0
1.568 0.000104508 0.000104508 0
1.632 9.71533e-05 9.71533e-05 0
1.696 9.07349e-05 9.07349e-05 0
1.76 8.45613e-05 8.45613e-05 0
1.824 7.94845e-05 7.94845e-05 0
1.888 7.40035e-05 7.40035e-05 0
1.952 6.80555e-05 6.80555e-05 0
2.016 6.46397e-05 6.46397e-05 0
2.08 5.93927e-05 5.93927e-05 0
2.144 5.4306e-05 5.4306e-05 0
2.208 5.13692e-05 5.13692e-05 0
2.272 4.70635e-05 4.70635e-05 0
2.336 4.34603e-05 4.34603e-05 0
2.4 4.02693e-05 4.02693e-05 0
2.464 3.66054e-05 3.66054e-05 0
2.528 3.38902e-05 3.38902e-05 0
2.592 3.19046e-05 3.19046e-05 0
2.656 2.9066e-05 2.9066e-05 0
2.72 2.68413e-05 2.68413e-05 0
2.784 2.51013e-05 2.51013e-05 0
2.848 2.25899e-05 2.25899e-05 0
2.912 2.08598e-05 2.08598e-05 0
2.976 1.91977e-05 1.91977e-05 0
3.04 1.77084e-05 1.77084e-05 0
3.104 1.60499e-05 1.60499e-05 0
3.168 1.5029e-05 1.5029e-05 0
3.232 1.34255e-05 1.34255e-05 0
3.296 1.23581e-05 1.23581e-05 0
3.36 1.14078e-05 1.14078e-05 0
3.424 1.03567e-05 1.03567e-05 0
3.488 9.39438e-06 9.39438e-06 0
3.552 8.83188e-06 8.83188e-06 0
3.616 7.96332e-06 7.96332e-06 0
3.68 7.46217e-06 7.46217e-06 0
3.744 6.6145e-06 6.6145e-06 0
3.808 6.10283e-06 6.10283e-06 0
3.872 5.54972e-06 5.54972e-06 0
3.936 5.07534e-06 5.07534e-06 0
4 4.61992e-06 4.61992e-06 0
4.064 4.26021e-06 4.26021e-06 0
4.128 3.94865e-06 3.94865e-06 0
4.192 3.65517e-06 3.65517e-06 0
4.256 3.2433e-06 3.2433e-06 0
4.32 2.96495e-06 2.96495e-06 0
4.384 2.66567e-06 2.66567e-06 0
4.448 2.44622e-06 2.44622e-06 0
4.512 2.26134e-06 2.26134e-06 0
4.576 2.06284e-06 2.06284e-06 0
4.64 1.83465e-06 1.83465e-06 0
4.704 1.69414e-06 1.69414e-06 0
4.768 1.52524e-06 1.52524e-06 0
4.832 1.41293e-06 1.41293e-06 0
4.896 1.28243e-06 1.28243e-06 0
4.96 1.14916e-06 1.14916e-06 0
5.024 1.05285e-06 1.05285e-06 0
5.088 9.46786e-07 9.46786e-07 0
5.152 8.81543e-07 8.81543e-07 0
5.216 7.96042e-07 7.96042e-07 0
5.28 7.18834e-07 7.18834e-07 0
5.344 6.56463e-07 6.56463e-07 0
5.408 6.04062e-07 6.04062e-07 0
5.472 5.51117e-07 5.51117e-07 0
5.536 4.90429e-07 4.90429e-07 0
5.6 4.49964e-07 4.49964e-07 0
5.664 4.0401e-07 4.0401e-07 0
5.728 3.69338e-07 3.69338e-07 0
5.792 3.41641e-07 3.41641e-07 0
5.856 2.99288e-07 2.99288e-07 0
5.92 2.84823e-07 2.84823e-07 0
5.984 2.54162e-07 2.54162e-07 0
6.048 2.28471e-07 2.28471e-07 0
6.112 2.06312e-07 2.06312e-07 0
6.176 1.86525e-07 1.86525e-07 0
6.24 1.74298e-07 1.74298e-07 0
6.304 1.562e-07 1.562e-07 0
6.368 1.41913e-07 1.41913e-07 0
6.432 1.30134e-07 1.30134e-07 0
