#1-Q [GeV] 2--dN/dQdY [GeV-1] 3--dN_{PreEq}/dQdY [GeV-1] 3--dN_{Hydro}/dQdY [GeV-1]
0.032 0.000234085 0 0.000234085
0.096 0.00066525 0 0.00066525
0.16 0.000990835 0 0.000990835
0.224 0.00121018 0 0.00121018
0.288 0.00138243 0 0.00138243
0.352 0.00142359 0 0.00142359
0.416 0.00144482 0 0.00144482
0.48 0.00139802 0 0.00139802
0.544 0.00135094 0 0.00135094
0.608 0.00124237 0 0.00124237
0.672 0.00113414 0 0.00113414
0.736 0.00102748 0 0.00102748
0.8 0.000919433 0 0.000919433
0.864 0.000793507 0 0.000793507
0.928 0.000695824 0 0.000695824
0.992 0.000600236 0 0.000600236
1.056 0.00052378 0 0.00052378
1.12 0.00045037 0 0.00045037
1.184 0.000373513 0 0.000373513
1.248 0.000318654 0 0.000318654
1.312 0.000267171 0 0.000267171
1.376 0.000233373 0 0.000233373
1.44 0.000191934 0 0.000191934
1.504 0.000157327 0 0.000157327
1.568 0.000132114 0 0.000132114
1.632 0.000109292 0 0.000109292
1.696 9.08393e-05 0 9.08393e-05
1.76 7.50793e-05 0 7.50793e-05
1.824 6.23896e-05 0 6.23896e-05
1.888 5.10241e-05 0 5.10241e-05
1.952 4.15847e-05 0 4.15847e-05
2.016 3.37664e-05 0 3.37664e-05
2.08 2.75777e-05 0 2.75777e-05
2.144 2.2775e-05 0 2.2775e-05
2.208 1.87199e-05 0 1.87199e-05
2.272 1.53442e-05 0 1.53442e-05
2.336 1.24576e-05 0 1.24576e-05
2.4 1.01315e-05 0 1.01315e-05
2.464 8.30523e-06 0 8.30523e-06
2.528 6.77171e-06 0 6.77171e-06
2.592 5.32203e-06 0 5.32203e-06
2.656 4.46992e-06 0 4.46992e-06
2.72 3.56985e-06 0 3.56985e-06
2.784 2.86514e-06 0 2.86514e-06
2.848 2.3513e-06 0 2.3513e-06
2.912 1.86663e-06 0 1.86663e-06
2.976 1.52922e-06 0 1.52922e-06
3.04 1.26246e-06 0 1.26246e-06
3.104 1.00989e-06 0 1.00989e-06
3.168 8.10118e-07 0 8.10118e-07
3.232 6.46719e-07 0 6.46719e-07
3.296 5.31244e-07 0 5.31244e-07
3.36 4.27167e-07 0 4.27167e-07
3.424 3.53753e-07 0 3.53753e-07
3.488 2.81305e-07 0 2.81305e-07
3.552 2.25922e-07 0 2.25922e-07
3.616 1.82014e-07 0 1.82014e-07
3.68 1.45033e-07 0 1.45033e-07
3.744 1.17301e-07 0 1.17301e-07
3.808 9.57731e-08 0 9.57731e-08
3.872 7.8028e-08 0 7.8028e-08
3.936 6.14878e-08 0 6.14878e-08
4 4.78499e-08 0 4.78499e-08
4.064 3.95346e-08 0 3.95346e-08
4.128 3.18788e-08 0 3.18788e-08
4.192 2.55624e-08 0 2.55624e-08
4.256 2.05321e-08 0 2.05321e-08
4.32 1.64741e-08 0 1.64741e-08
4.384 1.33292e-08 0 1.33292e-08
4.448 1.06881e-08 0 1.06881e-08
4.512 8.64681e-09 0 8.64681e-09
4.576 6.97164e-09 0 6.97164e-09
4.64 5.50565e-09 0 5.50565e-09
4.704 4.44132e-09 0 4.44132e-09
4.768 3.54912e-09 0 3.54912e-09
4.832 2.92913e-09 0 2.92913e-09
4.896 2.26576e-09 0 2.26576e-09
4.96 1.82182e-09 0 1.82182e-09
5.024 1.45912e-09 0 1.45912e-09
5.088 1.14971e-09 0 1.14971e-09
5.152 9.1519e-10 0 9.1519e-10
5.216 7.68454e-10 0 7.68454e-10
5.28 6.27328e-10 0 6.27328e-10
5.344 4.8622e-10 0 4.8622e-10
5.408 3.89839e-10 0 3.89839e-10
5.472 3.09921e-10 0 3.09921e-10
5.536 2.50102e-10 0 2.50102e-10
5.6 1.99924e-10 0 1.99924e-10
5.664 1.62222e-10 0 1.62222e-10
5.728 1.28362e-10 0 1.28362e-10
5.792 1.02251e-10 0 1.02251e-10
5.856 8.26926e-11 0 8.26926e-11
5.92 6.66207e-11 0 6.66207e-11
5.984 5.35131e-11 0 5.35131e-11
6.048 4.1376e-11 0 4.1376e-11
6.112 3.43463e-11 0 3.43463e-11
6.176 2.6748e-11 0 2.6748e-11
6.24 2.22106e-11 0 2.22106e-11
6.304 1.73454e-11 0 1.73454e-11
6.368 1.39695e-11 0 1.39695e-11
6.432 1.12114e-11 0 1.12114e-11
