0.032 2.30947e-09
0.096 3.41816e-09
0.16 2.91265e-09
0.224 2.37346e-09
0.288 2.02193e-09
0.352 2.19504e-09
0.416 1.85329e-09
0.48 2.05964e-09
0.544 1.61567e-09
0.608 1.59315e-09
0.672 9.86768e-10
0.736 1.11925e-09
0.8 1.05313e-09
0.864 1.07407e-09
0.928 5.38027e-10
0.992 6.57504e-10
1.056 6.95761e-10
1.12 7.23998e-10
1.184 4.00362e-10
1.248 4.9826e-10
1.312 4.15912e-10
1.376 3.22443e-10
1.44 3.15541e-10
1.504 2.30771e-10
1.568 1.87161e-10
1.632 2.44281e-10
1.696 2.11671e-10
1.76 1.13565e-10
1.824 1.24828e-10
1.888 1.21456e-10
1.952 1.39779e-10
2.016 7.48974e-11
2.08 5.37709e-11
2.144 6.95888e-11
2.208 7.0084e-11
2.272 4.08e-11
2.336 5.80673e-11
2.4 4.01583e-11
2.464 4.69732e-11
2.528 3.98999e-11
2.592 2.21433e-11
2.656 2.66854e-11
2.72 1.50591e-11
2.784 1.7894e-11
2.848 2.35666e-11
2.912 1.54011e-11
2.976 1.55866e-11
3.04 1.00025e-11
3.104 9.0617e-12
3.168 5.27486e-12
3.232 8.05975e-12
3.296 6.39685e-12
3.36 4.81691e-12
3.424 5.2111e-12
3.488 6.78399e-12
3.552 4.40147e-12
3.616 2.66029e-12
3.68 2.36123e-12
3.744 2.48232e-12
3.808 1.50538e-12
3.872 2.6266e-12
3.936 1.92367e-12
4 1.63402e-12
4.064 1.50321e-12
4.128 9.81582e-13
4.192 9.80376e-13
4.256 1.76382e-12
4.32 1.62856e-12
4.384 1.11489e-12
4.448 1.01855e-12
4.512 4.61249e-13
4.576 7.29887e-13
4.64 1.07527e-13
4.704 4.12641e-13
4.768 2.03914e-13
4.832 1.74978e-13
4.896 3.49199e-13
4.96 1.41545e-13
5.024 1.02177e-13
5.088 3.23853e-13
5.152 1.08373e-13
5.216 3.40358e-13
5.28 1.96485e-13
5.344 1.3993e-13
5.408 8.87094e-14
5.472 7.18981e-14
5.536 8.56686e-14
5.6 4.64834e-14
5.664 3.9534e-14
5.728 6.77934e-14
5.792 7.49183e-14
5.856 4.0819e-14
5.92 1.53958e-14
5.984 5.81281e-14
6.048 3.1192e-14
6.112 1.52827e-14
6.176 2.40345e-14
6.24 5.50808e-14
6.304 2.97178e-15
6.368 2.32144e-14
6.432 1.71444e-14
