#1-Q [GeV] 2--dN/dQdY [GeV-1] 3--dN_{PreEq}/dQdY [GeV-1] 3--dN_{Hydro}/dQdY [GeV-1]
0.032 0.000300595 0 0.000300595
0.096 0.000829674 0 0.000829674
0.16 0.0012356 0 0.0012356
0.224 0.00148227 0 0.00148227
0.288 0.00165903 0 0.00165903
0.352 0.0016818 0 0.0016818
0.416 0.00165383 0 0.00165383
0.48 0.00157466 0 0.00157466
0.544 0.00146246 0 0.00146246
0.608 0.00131836 0 0.00131836
0.672 0.00119179 0 0.00119179
0.736 0.00105785 0 0.00105785
0.8 0.000884859 0 0.000884859
0.864 0.000777669 0 0.000777669
0.928 0.000669397 0 0.000669397
0.992 0.000565248 0 0.000565248
1.056 0.000473591 0 0.000473591
1.12 0.000397525 0 0.000397525
1.184 0.000318813 0 0.000318813
1.248 0.000267317 0 0.000267317
1.312 0.000218205 0 0.000218205
1.376 0.000177391 0 0.000177391
1.44 0.000146588 0 0.000146588
1.504 0.000116769 0 0.000116769
1.568 9.68269e-05 0 9.68269e-05
1.632 7.72416e-05 0 7.72416e-05
1.696 6.25018e-05 0 6.25018e-05
1.76 5.00222e-05 0 5.00222e-05
1.824 4.04267e-05 0 4.04267e-05
1.888 3.22215e-05 0 3.22215e-05
1.952 2.57296e-05 0 2.57296e-05
2.016 2.07922e-05 0 2.07922e-05
2.08 1.68109e-05 0 1.68109e-05
2.144 1.3008e-05 0 1.3008e-05
2.208 1.05687e-05 0 1.05687e-05
2.272 8.37546e-06 0 8.37546e-06
2.336 6.46996e-06 0 6.46996e-06
2.4 5.19765e-06 0 5.19765e-06
2.464 4.13937e-06 0 4.13937e-06
2.528 3.33847e-06 0 3.33847e-06
2.592 2.55643e-06 0 2.55643e-06
2.656 2.06461e-06 0 2.06461e-06
2.72 1.61432e-06 0 1.61432e-06
2.784 1.28776e-06 0 1.28776e-06
2.848 1.00897e-06 0 1.00897e-06
2.912 7.9375e-07 0 7.9375e-07
2.976 6.19646e-07 0 6.19646e-07
3.04 4.82171e-07 0 4.82171e-07
3.104 3.79714e-07 0 3.79714e-07
3.168 3.01248e-07 0 3.01248e-07
3.232 2.40159e-07 0 2.40159e-07
3.296 1.8924e-07 0 1.8924e-07
3.36 1.43663e-07 0 1.43663e-07
3.424 1.16812e-07 0 1.16812e-07
3.488 8.99972e-08 0 8.99972e-08
3.552 7.07937e-08 0 7.07937e-08
3.616 5.58314e-08 0 5.58314e-08
3.68 4.40639e-08 0 4.40639e-08
3.744 3.45545e-08 0 3.45545e-08
3.808 2.65466e-08 0 2.65466e-08
3.872 2.11168e-08 0 2.11168e-08
3.936 1.67058e-08 0 1.67058e-08
4 1.30971e-08 0 1.30971e-08
4.064 1.01036e-08 0 1.01036e-08
4.128 7.96928e-09 0 7.96928e-09
4.192 6.11716e-09 0 6.11716e-09
4.256 4.86956e-09 0 4.86956e-09
4.32 3.8508e-09 0 3.8508e-09
4.384 3.02541e-09 0 3.02541e-09
4.448 2.28807e-09 0 2.28807e-09
4.512 1.80059e-09 0 1.80059e-09
4.576 1.37947e-09 0 1.37947e-09
4.64 1.12384e-09 0 1.12384e-09
4.704 8.74783e-10 0 8.74783e-10
4.768 6.634e-10 0 6.634e-10
4.832 5.20533e-10 0 5.20533e-10
4.896 4.0142e-10 0 4.0142e-10
4.96 3.26402e-10 0 3.26402e-10
5.024 2.58325e-10 0 2.58325e-10
5.088 1.99621e-10 0 1.99621e-10
5.152 1.59914e-10 0 1.59914e-10
5.216 1.1712e-10 0 1.1712e-10
5.28 9.3007e-11 0 9.3007e-11
5.344 7.14459e-11 0 7.14459e-11
5.408 5.63123e-11 0 5.63123e-11
5.472 4.49478e-11 0 4.49478e-11
5.536 3.4782e-11 0 3.4782e-11
5.6 2.7355e-11 0 2.7355e-11
5.664 2.14387e-11 0 2.14387e-11
5.728 1.64647e-11 0 1.64647e-11
5.792 1.31426e-11 0 1.31426e-11
5.856 1.00905e-11 0 1.00905e-11
5.92 7.73606e-12 0 7.73606e-12
5.984 6.01119e-12 0 6.01119e-12
6.048 4.78113e-12 0 4.78113e-12
6.112 3.75985e-12 0 3.75985e-12
6.176 2.83141e-12 0 2.83141e-12
6.24 2.2038e-12 0 2.2038e-12
6.304 1.70933e-12 0 1.70933e-12
6.368 1.34077e-12 0 1.34077e-12
6.432 1.03936e-12 0 1.03936e-12
