#1-y 2--dN/dY 3--QMin 4--QMax 5-dN/dQdY [GeV-1] 3--dN_{PreEq}/dQdY [GeV-1] 3--dN_{Hydro}/dQdY [GeV-1]
-3.17 1650 1.5 2.5  0.00111058 0.000574426 0.000536153 2.5 3.5  3.79103e-06 1.40039e-06 2.39064e-06 3.5 4.5  4.21036e-07 3.75948e-07 4.50879e-08 4.5 5.5  1.13208e-09 9.6787e-10 1.64206e-10 
-2.97 1680 1.5 2.5  0.000452948 0.000330235 0.000122712 2.5 3.5  4.81411e-06 1.88842e-06 2.92569e-06 3.5 4.5  6.78253e-08 5.52826e-08 1.25427e-08 4.5 5.5  1.93492e-07 1.91063e-07 2.42871e-09 
-2.68 1730 1.5 2.5  0.000187713 4.70351e-06 0.00018301 2.5 3.5  1.39159e-06 8.87665e-07 5.03927e-07 3.5 4.5  1.30082e-07 6.34324e-08 6.66496e-08 4.5 5.5  1.92682e-09 1.62604e-09 3.00781e-10 
-2.475 1800 1.5 2.5  7.58958e-05 4.98147e-05 2.60811e-05 2.5 3.5  4.73725e-06 5.07314e-08 4.68652e-06 3.5 4.5  1.08264e-05 1.08202e-05 6.14957e-09 4.5 5.5  1.87733e-08 1.32029e-08 5.5704e-09 
-2.175 1860 1.5 2.5  5.7645e-05 1.47461e-05 4.28989e-05 2.5 3.5  3.81878e-05 3.63247e-05 1.86314e-06 3.5 4.5  3.17884e-06 3.17435e-06 4.4827e-09 4.5 5.5  6.66782e-09 6.56173e-09 1.06084e-10 
-1.98 1950 1.5 2.5  0.000193879 8.61842e-05 0.000107694 2.5 3.5  4.93517e-05 4.85891e-05 7.6264e-07 3.5 4.5  4.55697e-07 3.78352e-07 7.73452e-08 4.5 5.5  8.75225e-07 8.44377e-07 3.08478e-08 
-1.695 2030 1.5 2.5  0.000497351 0.00011159 0.000385761 2.5 3.5  1.96826e-05 1.70329e-05 2.64976e-06 3.5 4.5  2.566e-05 2.4929e-05 7.31017e-07 4.5 5.5  1.10606e-07 1.06372e-07 4.23343e-09 
-1.495 2080 1.5 2.5  0.000216027 9.33977e-05 0.000122629 2.5 3.5  0.000122642 5.47315e-05 6.79103e-05 3.5 4.5  8.33568e-07 7.2222e-07 1.11347e-07 4.5 5.5  2.73788e-06 2.73628e-06 1.60008e-09 
-1.21 2140 1.5 2.5  0.00039747 0.000220548 0.000176922 2.5 3.5  7.03058e-06 1.13805e-06 5.89253e-06 3.5 4.5  1.55699e-06 1.54431e-06 1.26746e-08 4.5 5.5  3.86618e-08 3.79591e-08 7.0267e-10 
-1.02 2170 1.5 2.5  0.00027128 0.000142286 0.000128995 2.5 3.5  7.09635e-06 1.17667e-06 5.91968e-06 3.5 4.5  1.06401e-05 1.05352e-05 1.04861e-07 4.5 5.5  1.99177e-08 1.63593e-08 3.55845e-09 
-0.745 2200 1.5 2.5  0.000501489 6.57168e-05 0.000435773 2.5 3.5  0.000156205 0.000107828 4.83761e-05 3.5 4.5  4.55354e-06 1.08733e-07 4.4448e-06 4.5 5.5  2.57893e-07 2.33314e-07 2.45796e-08 
-0.565 2210 1.5 2.5  0.000725782 5.42492e-05 0.000671533 2.5 3.5  1.95957e-05 1.8274e-05 1.32171e-06 3.5 4.5  6.38277e-06 6.28694e-06 9.58249e-08 4.5 5.5  2.87813e-06 2.8753e-06 2.83376e-09 
-0.3 2230 1.5 2.5  0.000415942 7.03189e-05 0.000345623 2.5 3.5  3.10734e-05 3.01899e-05 8.83456e-07 3.5 4.5  1.83675e-06 9.72014e-08 1.73955e-06 4.5 5.5  5.66384e-06 5.66062e-06 3.21866e-09 
-0.1 2240 1.5 2.5  0.000618855 0.000296745 0.00032211 2.5 3.5  8.89062e-05 1.00236e-05 7.88826e-05 3.5 4.5  7.58087e-07 1.62903e-07 5.95184e-07 4.5 5.5  1.68653e-07 1.67935e-07 7.18488e-10 
0.1 2240 1.5 2.5  3.48662e-05 1.60006e-06 3.32661e-05 2.5 3.5  1.5766e-06 8.28837e-08 1.49372e-06 3.5 4.5  1.63795e-06 1.55123e-06 8.67112e-08 4.5 5.5  5.7181e-08 5.56773e-08 1.50371e-09 
0.3 2230 1.5 2.5  0.000610832 1.40313e-06 0.000609429 2.5 3.5  0.000260225 0.00024556 1.46653e-05 3.5 4.5  4.77726e-05 4.7754e-05 1.86056e-08 4.5 5.5  5.79463e-08 4.98514e-08 8.09495e-09 
0.565 2210 1.5 2.5  0.000306414 1.50625e-05 0.000291352 2.5 3.5  3.6602e-06 5.30816e-07 3.12939e-06 3.5 4.5  5.0989e-05 5.03962e-05 5.92719e-07 4.5 5.5  2.05204e-07 2.01752e-07 3.45182e-09 
0.745 2200 1.5 2.5  0.000278166 0.000152869 0.000125297 2.5 3.5  1.20945e-05 9.14893e-07 1.11796e-05 3.5 4.5  1.60699e-06 1.56933e-06 3.76667e-08 4.5 5.5  2.11598e-08 1.69901e-08 4.16969e-09 
1.02 2170 1.5 2.5  0.000734476 0.000194685 0.000539792 2.5 3.5  7.22314e-05 6.25082e-05 9.72322e-06 3.5 4.5  2.40701e-05 2.21463e-05 1.92382e-06 4.5 5.5  6.80823e-08 3.338e-08 3.47023e-08 
1.21 2140 1.5 2.5  0.000371565 6.13431e-07 0.000370952 2.5 3.5  7.52925e-05 6.09182e-05 1.43743e-05 3.5 4.5  7.98229e-07 1.38656e-07 6.59574e-07 4.5 5.5  1.31341e-07 9.945e-08 3.18909e-08 
1.495 2080 1.5 2.5  0.00127018 0.00112017 0.000150012 2.5 3.5  2.54155e-05 2.49501e-05 4.65487e-07 3.5 4.5  9.59315e-07 8.23482e-07 1.35833e-07 4.5 5.5  8.76222e-07 8.16836e-07 5.93862e-08 
1.695 2030 1.5 2.5  8.0583e-05 4.14198e-05 3.91632e-05 2.5 3.5  5.08777e-05 1.86301e-05 3.22476e-05 3.5 4.5  1.1073e-06 1.04715e-06 6.01487e-08 4.5 5.5  4.93255e-09 3.97697e-09 9.55577e-10 
1.98 1950 1.5 2.5  0.00192758 0.00189353 3.40504e-05 2.5 3.5  1.09466e-05 1.05732e-05 3.73326e-07 3.5 4.5  1.00742e-06 4.83054e-07 5.24367e-07 4.5 5.5  1.05886e-07 1.04357e-07 1.52876e-09 
2.175 1860 1.5 2.5  0.000510516 7.62771e-08 0.00051044 2.5 3.5  4.30123e-05 3.89759e-05 4.03639e-06 3.5 4.5  1.39737e-06 1.32227e-06 7.50954e-08 4.5 5.5  1.36125e-07 1.36001e-07 1.24206e-10 
2.475 1800 1.5 2.5  0.000578098 0.000527853 5.02454e-05 2.5 3.5  5.81954e-06 5.42104e-07 5.27744e-06 3.5 4.5  4.49664e-08 2.41757e-09 4.25488e-08 4.5 5.5  3.10237e-08 3.07215e-08 3.02213e-10 
2.68 1730 1.5 2.5  0.000201402 4.33052e-05 0.000158097 2.5 3.5  3.76038e-06 8.17945e-08 3.67859e-06 3.5 4.5  2.08354e-06 3.24743e-08 2.05107e-06 4.5 5.5  7.25805e-09 1.23933e-09 6.01872e-09 
2.97 1680 1.5 2.5  0.000119002 9.1584e-05 2.74185e-05 2.5 3.5  2.4187e-06 1.42385e-07 2.27632e-06 3.5 4.5  3.49859e-07 2.22165e-07 1.27694e-07 4.5 5.5  7.44539e-09 6.8703e-09 5.75085e-10 
3.17 1650 1.5 2.5  0.00014434 9.3441e-05 5.08995e-05 2.5 3.5  2.01125e-05 1.89159e-05 1.19653e-06 3.5 4.5  2.68223e-08 2.37998e-08 3.0225e-09 4.5 5.5  9.53611e-09 9.52987e-09 6.23267e-12 
3.47 1600 1.5 2.5  0.000138775 6.34385e-05 7.53366e-05 2.5 3.5  4.69384e-07 6.43049e-08 4.0508e-07 3.5 4.5  7.7322e-07 7.60296e-07 1.29232e-08 4.5 5.5  2.24499e-07 2.23174e-07 1.32529e-09 
3.67 1500 1.5 2.5  4.01243e-05 2.302e-05 1.71043e-05 2.5 3.5  3.74715e-07 2.35663e-08 3.51149e-07 3.5 4.5  8.3575e-07 7.35308e-07 1.00442e-07 4.5 5.5  1.58307e-09 1.26914e-09 3.13931e-10 
3.97 1370 1.5 2.5  7.33534e-05 5.74152e-05 1.59382e-05 2.5 3.5  1.50768e-05 1.50432e-05 3.35705e-08 3.5 4.5  5.26887e-08 5.21039e-08 5.84783e-10 4.5 5.5  2.48972e-07 2.48951e-07 2.03941e-11 
4.17 1320 1.5 2.5  0.000123215 0.00012171 1.50569e-06 2.5 3.5  9.60081e-07 1.24266e-07 8.35815e-07 3.5 4.5  1.452e-07 1.3721e-07 7.99024e-09 4.5 5.5  2.88337e-08 2.86353e-08 1.9837e-10 
4.47 1280 1.5 2.5  0.000112992 0.000106115 6.87694e-06 2.5 3.5  6.6782e-07 4.43395e-07 2.24425e-07 3.5 4.5  7.2179e-08 6.70849e-08 5.09411e-09 4.5 5.5  4.95655e-08 4.93375e-08 2.28023e-10 
4.67 1240 1.5 2.5  3.79999e-05 2.93281e-05 8.6718e-06 2.5 3.5  8.73234e-07 7.65582e-07 1.07652e-07 3.5 4.5  2.64535e-06 2.62974e-06 1.56076e-08 4.5 5.5  1.53272e-07 1.53256e-07 1.58166e-11 
