1.01672 0.00622223 0.000803976 0.00541825
1.04348 0.00561585 0.000644317 0.00497153
1.07023 0.00504534 0.000797991 0.00424735
1.09699 0.00521836 0.000892516 0.00432584
1.12375 0.00441413 0.000788286 0.00362584
1.1505 0.00407074 0.00079065 0.00328009
1.17726 0.00362325 0.000712256 0.00291099
1.20401 0.00314116 0.000548557 0.00259261
1.23077 0.0032484 0.000615289 0.00263311
1.25753 0.00273555 0.000631345 0.00210421
1.28428 0.0026566 0.000596253 0.00206034
1.31104 0.00219277 0.000495868 0.0016969
1.33779 0.00206677 0.000508982 0.00155779
1.36455 0.00205679 0.000487814 0.00156897
1.3913 0.00172677 0.000490958 0.00123581
1.41806 0.00148903 0.000418916 0.00107012
1.44482 0.00168872 0.000461188 0.00122753
1.47157 0.0012945 0.000393872 0.000900625
1.49833 0.00124472 0.000391537 0.000853184
1.52508 0.00107394 0.000321827 0.000752108
1.55184 0.00101791 0.000294261 0.000723648
1.5786 0.000849042 0.000315289 0.000533753
1.60535 0.000860679 0.000298554 0.000562125
1.63211 0.000799184 0.000269071 0.000530113
1.65886 0.000795868 0.000297569 0.000498299
1.68562 0.000738401 0.00028525 0.000453151
1.71237 0.000636135 0.000265608 0.000370527
1.73913 0.000581118 0.000249771 0.000331347
1.76589 0.000526408 0.000239416 0.000286993
1.79264 0.00051339 0.000263102 0.000250288
1.8194 0.000501073 0.000212859 0.000288214
1.84615 0.000438426 0.000197823 0.000240603
1.87291 0.00035521 0.000144818 0.000210392
1.89967 0.000380117 0.000202008 0.000178109
1.92642 0.000330783 0.000185994 0.000144789
1.95318 0.000317976 0.000177431 0.000140545
1.97993 0.00033246 0.000170881 0.000161578
2.00669 0.000273615 0.000154091 0.000119524
2.03344 0.000269808 0.000153251 0.000116556
2.0602 0.000237698 0.000133419 0.000104279
2.08696 0.000217941 0.000141611 7.63299e-05
2.11371 0.000254559 0.00015346 0.000101099
2.14047 0.000196744 0.000104385 9.2359e-05
2.16722 0.000147906 9.64675e-05 5.14383e-05
2.19398 0.00015174 8.70516e-05 6.46889e-05
2.22074 0.000183591 0.000123985 5.96061e-05
2.24749 0.000135513 8.51032e-05 5.041e-05
2.27425 0.000125503 8.458e-05 4.09226e-05
2.301 0.0001047 5.56477e-05 4.90522e-05
2.32776 0.000116369 7.18057e-05 4.4563e-05
2.35452 0.000117737 7.37197e-05 4.40172e-05
2.38127 0.000107813 7.02884e-05 3.75249e-05
2.40803 9.54058e-05 6.76543e-05 2.77515e-05
2.43478 8.45283e-05 6.14936e-05 2.30347e-05
2.46154 8.93365e-05 6.19468e-05 2.73897e-05
2.48829 6.62036e-05 4.57227e-05 2.04809e-05
2.51505 7.20928e-05 4.86129e-05 2.34798e-05
2.54181 6.43584e-05 4.74457e-05 1.69127e-05
2.56856 6.07832e-05 4.01866e-05 2.05967e-05
2.59532 4.66861e-05 3.27117e-05 1.39744e-05
2.62207 5.28784e-05 3.72389e-05 1.56396e-05
2.64883 5.01426e-05 3.78128e-05 1.23298e-05
2.67559 3.9084e-05 2.76554e-05 1.14286e-05
2.70234 4.94531e-05 3.7808e-05 1.16451e-05
2.7291 4.70314e-05 3.63979e-05 1.06336e-05
2.75585 4.42309e-05 3.5265e-05 8.96592e-06
2.78261 3.91993e-05 2.83125e-05 1.08868e-05
2.80936 4.12968e-05 3.338e-05 7.91675e-06
2.83612 3.13392e-05 2.53194e-05 6.01984e-06
2.86288 3.39591e-05 2.6897e-05 7.0621e-06
2.88963 2.67759e-05 2.09012e-05 5.87462e-06
2.91639 2.7386e-05 2.24551e-05 4.93085e-06
2.94314 2.48148e-05 1.97038e-05 5.11107e-06
2.9699 2.79195e-05 2.44407e-05 3.47874e-06
2.99666 2.14403e-05 1.76965e-05 3.74376e-06
3.02341 2.44141e-05 2.14683e-05 2.94576e-06
3.05017 1.94865e-05 1.62724e-05 3.21404e-06
3.07692 2.25616e-05 1.9736e-05 2.82558e-06
3.10368 2.02943e-05 1.74567e-05 2.83757e-06
3.13043 2.07834e-05 1.88329e-05 1.95055e-06
3.15719 1.62097e-05 1.38938e-05 2.31592e-06
3.18395 1.78081e-05 1.50703e-05 2.73782e-06
3.2107 1.83551e-05 1.64908e-05 1.86435e-06
3.23746 1.56174e-05 1.40507e-05 1.56668e-06
3.26421 1.08028e-05 9.10836e-06 1.69442e-06
3.29097 1.18317e-05 1.03204e-05 1.51128e-06
3.31773 1.37806e-05 1.27052e-05 1.07542e-06
3.34448 1.00545e-05 8.84115e-06 1.21331e-06
3.37124 1.16652e-05 1.0817e-05 8.48216e-07
3.39799 1.07041e-05 9.8326e-06 8.71496e-07
3.42475 8.36283e-06 7.49168e-06 8.71142e-07
3.45151 9.5477e-06 8.73549e-06 8.12211e-07
3.47826 7.72669e-06 7.10206e-06 6.24627e-07
3.50502 7.36208e-06 6.56553e-06 7.9655e-07
3.55853 9.52935e-06 8.89486e-06 6.34488e-07
3.58528 5.55822e-06 5.13895e-06 4.1927e-07
3.61204 7.51665e-06 6.92132e-06 5.95331e-07
3.6388 5.76917e-06 5.2804e-06 4.88767e-07
3.66555 6.04433e-06 5.6963e-06 3.48032e-07
3.69231 4.90341e-06 4.69006e-06 2.13345e-07
3.71906 5.0504e-06 4.78275e-06 2.67643e-07
3.74582 6.42263e-06 6.12683e-06 2.958e-07
3.77258 4.22318e-06 3.9695e-06 2.53674e-07
3.79933 5.68162e-06 5.40592e-06 2.75705e-07
3.82609 3.85484e-06 3.63086e-06 2.23988e-07
3.85284 4.30267e-06 4.15243e-06 1.5024e-07
3.8796 3.29104e-06 3.14676e-06 1.44285e-07
3.90635 3.53261e-06 3.26244e-06 2.70166e-07
3.93311 2.97863e-06 2.81206e-06 1.66571e-07
3.95987 2.89515e-06 2.75479e-06 1.40363e-07
3.98662 2.82365e-06 2.71322e-06 1.10429e-07
4.01338 2.16717e-06 2.04e-06 1.27171e-07
4.04013 2.22661e-06 2.12041e-06 1.06191e-07
4.06689 1.99628e-06 1.87475e-06 1.21528e-07
4.09365 2.26457e-06 2.18254e-06 8.20248e-08
4.1204 2.8109e-06 2.71789e-06 9.30116e-08
4.14716 1.88261e-06 1.76807e-06 1.14541e-07
4.17391 2.46674e-06 2.38287e-06 8.38736e-08
4.20067 2.0324e-06 1.98122e-06 5.11766e-08
4.22742 2.35574e-06 2.27962e-06 7.61115e-08
4.25418 1.79312e-06 1.73597e-06 5.71524e-08
4.28094 2.09737e-06 2.04273e-06 5.46343e-08
4.30769 1.35609e-06 1.31312e-06 4.29689e-08
4.33445 1.47042e-06 1.42158e-06 4.88408e-08
4.3612 1.05758e-06 1.01932e-06 3.82566e-08
4.38796 1.53749e-06 1.49814e-06 3.93427e-08
4.41472 1.35581e-06 1.31814e-06 3.76731e-08
4.44147 1.19835e-06 1.16315e-06 3.51923e-08
4.46823 1.018e-06 9.9346e-07 2.45435e-08
4.49498 1.10742e-06 1.07506e-06 3.23619e-08
4.52174 9.71461e-07 9.49851e-07 2.16099e-08
4.54849 1.03817e-06 1.02073e-06 1.74377e-08
4.57525 1.04251e-06 1.02256e-06 1.9953e-08
4.60201 8.53204e-07 8.3408e-07 1.91235e-08
4.62876 6.50266e-07 6.33811e-07 1.64549e-08
4.65552 9.90089e-07 9.7628e-07 1.38095e-08
4.68227 8.23621e-07 8.07035e-07 1.65861e-08
4.70903 6.11027e-07 6.02259e-07 8.76821e-09
4.73579 8.20726e-07 8.07453e-07 1.32732e-08
4.76254 7.49709e-07 7.38897e-07 1.08114e-08
4.7893 4.78909e-07 4.66057e-07 1.28517e-08
4.81605 7.82913e-07 7.76528e-07 6.38497e-09
4.84281 6.41968e-07 6.34249e-07 7.71921e-09
4.86957 5.59082e-07 5.49734e-07 9.34838e-09
4.89632 8.88417e-07 8.84425e-07 3.99222e-09
4.92308 3.29529e-07 3.24757e-07 4.77224e-09
4.94983 7.53665e-07 7.47564e-07 6.10062e-09
4.97659 4.36845e-07 4.30969e-07 5.87603e-09
5.00334 4.54738e-07 4.50442e-07 4.29577e-09
5.0301 5.66485e-07 5.62842e-07 3.64243e-09
5.05686 6.00623e-07 5.93439e-07 7.18375e-09
5.08361 4.69239e-07 4.6613e-07 3.10942e-09
5.11037 4.42899e-07 4.39939e-07 2.95987e-09
5.13712 3.60627e-07 3.57441e-07 3.18595e-09
5.16388 2.87704e-07 2.8519e-07 2.51368e-09
5.19064 3.23451e-07 3.21593e-07 1.85836e-09
5.21739 4.3511e-07 4.32476e-07 2.63389e-09
5.24415 2.86065e-07 2.83339e-07 2.72627e-09
5.2709 3.94305e-07 3.92225e-07 2.07925e-09
5.29766 4.19162e-07 4.17973e-07 1.18975e-09
5.32441 2.40975e-07 2.39066e-07 1.90874e-09
5.35117 2.35999e-07 2.34505e-07 1.4939e-09
5.37793 2.28826e-07 2.27946e-07 8.80308e-10
5.40468 2.48805e-07 2.47153e-07 1.65211e-09
5.43144 1.26607e-07 1.256e-07 1.00725e-09
5.45819 1.49463e-07 1.48143e-07 1.3198e-09
5.48495 1.4381e-07 1.43051e-07 7.58503e-10
5.51171 2.45553e-07 2.44807e-07 7.45249e-10
5.53846 2.1855e-07 2.17375e-07 1.1742e-09
5.56522 1.91482e-07 1.90316e-07 1.16558e-09
5.59197 2.77705e-07 2.77185e-07 5.19259e-10
5.61873 1.94538e-07 1.93977e-07 5.61184e-10
5.64548 1.57956e-07 1.57547e-07 4.08799e-10
5.67224 1.89765e-07 1.89212e-07 5.52819e-10
5.699 1.29544e-07 1.29235e-07 3.08963e-10

