#1-Q [GeV] 2--dN/dQdY [GeV-1] 3--dN_{PreEq}/dQdY [GeV-1] 3--dN_{Hydro}/dQdY [GeV-1]
0.032 0.0219389 0.000235587 0.0217033
0.096 0.0558985 0.000653851 0.0552447
0.16 0.0738079 0.00104923 0.0727587
0.224 0.0792134 0.00129365 0.0779198
0.288 0.0739569 0.00153736 0.0724195
0.352 0.0678207 0.00162597 0.0661947
0.416 0.0587584 0.00170536 0.057053
0.48 0.0477435 0.00171679 0.0460267
0.544 0.0405551 0.00171052 0.0388446
0.608 0.0315742 0.00166557 0.0299086
0.672 0.0255746 0.00155401 0.0240206
0.736 0.0198998 0.00136624 0.0185336
0.8 0.0158188 0.00132082 0.014498
0.864 0.0122341 0.0012021 0.011032
0.928 0.00967955 0.00116459 0.00851496
0.992 0.00761336 0.00106006 0.0065533
1.056 0.00608642 0.000968229 0.00511819
1.12 0.00483337 0.000854462 0.00397891
1.184 0.00374261 0.000715087 0.00302752
1.248 0.00305686 0.000688044 0.00236882
1.312 0.00242234 0.000596681 0.00182566
1.376 0.00194851 0.00052744 0.00142107
1.44 0.0015895 0.000467191 0.00112231
1.504 0.00125053 0.000409941 0.000840584
1.568 0.00100294 0.000364956 0.000637983
1.632 0.000834914 0.000318067 0.000516848
1.696 0.000707018 0.00030473 0.000402289
1.76 0.00056754 0.000256207 0.000311333
1.824 0.000481417 0.000232701 0.000248715
1.888 0.000388623 0.000197549 0.000191074
1.952 0.000343215 0.000191213 0.000152002
2.016 0.000269914 0.000154539 0.000115375
2.08 0.000225998 0.000133995 9.20038e-05
2.144 0.000186492 0.000113802 7.26893e-05
2.208 0.000158419 0.000101347 5.70714e-05
2.272 0.000135016 8.61929e-05 4.88228e-05
2.336 0.000112232 7.58906e-05 3.63411e-05
2.4 9.55977e-05 6.64072e-05 2.91905e-05
2.464 7.88082e-05 5.4931e-05 2.38772e-05
2.528 7.15939e-05 5.38128e-05 1.77811e-05
2.592 6.02861e-05 4.67162e-05 1.35699e-05
2.656 5.11075e-05 3.98254e-05 1.1282e-05
2.72 4.47525e-05 3.58086e-05 8.9439e-06
2.784 3.84843e-05 3.10252e-05 7.45908e-06
2.848 3.27479e-05 2.69538e-05 5.79413e-06
2.912 2.85293e-05 2.36526e-05 4.87678e-06
2.976 2.55888e-05 2.21011e-05 3.48762e-06
3.04 2.07677e-05 1.77219e-05 3.04574e-06
3.104 1.86309e-05 1.62469e-05 2.38398e-06
3.168 1.68817e-05 1.48721e-05 2.00966e-06
3.232 1.40514e-05 1.24436e-05 1.60773e-06
3.296 1.28735e-05 1.16867e-05 1.18681e-06
3.36 1.10395e-05 1.01087e-05 9.30819e-07
3.424 9.13371e-06 8.37985e-06 7.5386e-07
3.488 7.23306e-06 6.66229e-06 5.7077e-07
3.552 6.53544e-06 6.07346e-06 4.61977e-07
3.616 6.87624e-06 6.47318e-06 4.03066e-07
3.68 5.57449e-06 5.24986e-06 3.24631e-07
3.744 4.50275e-06 4.24904e-06 2.53706e-07
3.808 3.99739e-06 3.8053e-06 1.92084e-07
3.872 3.73299e-06 3.58604e-06 1.46945e-07
3.936 2.97737e-06 2.85257e-06 1.24799e-07
4 3.14173e-06 3.03973e-06 1.02005e-07
4.064 2.44972e-06 2.3731e-06 7.66214e-08
4.128 2.23861e-06 2.17714e-06 6.14612e-08
4.192 2.07876e-06 2.03072e-06 4.80408e-08
4.256 1.76618e-06 1.72344e-06 4.27451e-08
4.32 1.68529e-06 1.65159e-06 3.36965e-08
4.384 1.26525e-06 1.23762e-06 2.76235e-08
4.448 1.18065e-06 1.15999e-06 2.06585e-08
4.512 1.11848e-06 1.1019e-06 1.6576e-08
4.576 8.6434e-07 8.50903e-07 1.34367e-08
4.64 7.94306e-07 7.82584e-07 1.17217e-08
4.704 7.56737e-07 7.46094e-07 1.06423e-08
4.768 7.43695e-07 7.36205e-07 7.49052e-09
4.832 5.50777e-07 5.44733e-07 6.04383e-09
4.896 6.0616e-07 6.01855e-07 4.30588e-09
4.96 4.75241e-07 4.71146e-07 4.09553e-09
5.024 4.41484e-07 4.38605e-07 2.87865e-09
5.088 3.60983e-07 3.58287e-07 2.69693e-09
5.152 3.66984e-07 3.64952e-07 2.03141e-09
5.216 3.08408e-07 3.06734e-07 1.67382e-09
5.28 2.8195e-07 2.80673e-07 1.27618e-09
5.344 2.41031e-07 2.39942e-07 1.08931e-09
5.408 2.18381e-07 2.1756e-07 8.20563e-10
5.472 2.1023e-07 2.09577e-07 6.53441e-10
5.536 2.09922e-07 2.09408e-07 5.1361e-10
5.6 1.58746e-07 1.5839e-07 3.55773e-10
5.664 1.53739e-07 1.53397e-07 3.4258e-10
5.728 1.24175e-07 1.23898e-07 2.77405e-10
5.792 1.15117e-07 1.14913e-07 2.03657e-10
5.856 1.10672e-07 1.10471e-07 2.01371e-10
5.92 8.96214e-08 8.94938e-08 1.27667e-10
5.984 7.80629e-08 7.79511e-08 1.11825e-10
6.048 8.25024e-08 8.24086e-08 9.37916e-11
6.112 6.88217e-08 6.87478e-08 7.39592e-11
6.176 5.92949e-08 5.92388e-08 5.61586e-11
6.24 5.43438e-08 5.43003e-08 4.34556e-11
6.304 5.47168e-08 5.46758e-08 4.10091e-11
6.368 4.98413e-08 4.98071e-08 3.41947e-11
6.432 3.78492e-08 3.78245e-08 2.46599e-11
