-4.67 536.27 0.00424005 0.00423998 6.85631e-08
-4.57 543.62 0.00252405 0.00252398 6.73574e-08
-4.47 550.969 0.00370174 0.00370166 8.00719e-08
-4.32 557.38 0.00334359 0.0033435 8.41722e-08
-4.17 563.792 0.00451294 0.00451285 9.06962e-08
-4.07 573.196 0.00399385 0.00399371 1.46274e-07
-3.97 582.6 0.00395062 0.00395047 1.51133e-07
-3.82 609.516 0.00602861 0.00602841 2.07779e-07
-3.67 636.432 0.00504013 0.00503973 3.95363e-07
-3.57 658.587 0.00607599 0.00607552 4.67607e-07
-3.47 680.741 0.00653269 0.00653201 6.82998e-07
-3.32 698.891 0.00736573 0.00736487 8.63547e-07
-3.17 717.042 0.0102568 0.0102557 1.05521e-06
-3.07 723.696 0.00808211 0.0080811 1.00884e-06
-2.97 730.349 0.00885064 0.00884954 1.10357e-06
-2.825 736.75 0.00834171 0.00834041 1.30329e-06
-2.68 743.151 0.00834096 0.00833943 1.53118e-06
-2.5775 753.834 0.01026 0.0102584 1.64937e-06
-2.475 764.518 0.00903043 0.00902807 2.35773e-06
-2.325 773.516 0.010379 0.0103771 1.81997e-06
-2.175 782.515 0.00926118 0.00925858 2.60144e-06
-2.0775 797.676 0.0115032 0.0115004 2.76324e-06
-1.98 812.836 0.0100894 0.0100854 4.03949e-06
-1.8375 832.944 0.012036 0.0120326 3.45529e-06
-1.695 853.051 0.0119073 0.0119027 4.57183e-06
-1.595 864.147 0.0123347 0.0123281 6.51231e-06
-1.495 875.242 0.0127543 0.0127481 6.23865e-06
-1.3525 884.468 0.0133205 0.0133136 6.90821e-06
-1.21 893.695 0.0137265 0.0137196 6.89464e-06
-1.115 897.633 0.0170634 0.0170566 6.78057e-06
-1.02 901.571 0.0140467 0.0140393 7.44756e-06
-0.8825 906.226 0.0145885 0.0145811 7.42414e-06
-0.745 910.88 0.0156365 0.0156298 6.64616e-06
-0.655 910.847 0.0156974 0.0156884 9.0202e-06
-0.565 910.814 0.0163672 0.0163585 8.70517e-06
-0.4325 914.032 0.0123984 0.0123896 8.77834e-06
-0.3 917.25 0.0143484 0.0143389 9.4885e-06
-0.2 918.7 0.0164694 0.0164619 7.46209e-06
-0.1 920.151 0.0158781 0.0158681 9.96316e-06
0 920.151 0.0153276 0.0153193 8.28954e-06
