-4.67 35.5852 2.44158e-06 2.44158e-06 2.85774e-19
-4.57 36.0783 4.46917e-07 4.46917e-07 6.7119e-32
-4.47 36.5714 3.26214e-06 3.26214e-06 4.97402e-31
-4.32 36.6301 1.26505e-07 1.26505e-07 9.31889e-31
-4.17 36.6888 8.79921e-07 8.79921e-07 2.27693e-31
-4.07 37.0444 5.134e-07 5.134e-07 6.83905e-31
-3.97 37.4 1.09492e-05 1.09492e-05 1.7219e-30
-3.82 38.6966 9.26664e-06 9.26664e-06 1.10445e-29
-3.67 39.9933 1.62118e-07 1.62118e-07 2.57999e-29
-3.57 41.1866 6.80291e-05 6.80291e-05 1.98389e-29
-3.47 42.3799 2.44451e-06 2.44451e-06 4.54524e-29
-3.32 43.9866 2.34959e-05 2.34959e-05 2.03669e-28
-3.17 45.5934 1.4801e-05 1.4801e-05 6.495e-28
-3.07 45.9344 3.87499e-05 3.87499e-05 7.327e-28
-2.97 46.2755 6.56466e-05 6.56466e-05 2.39081e-27
-2.825 46.2983 4.64953e-07 4.64953e-07 1.01486e-27
-2.68 46.3211 2.80154e-06 2.80154e-06 2.88281e-27
-2.5775 46.5796 1.5725e-07 1.5725e-07 1.33147e-27
-2.475 46.8381 7.11373e-07 7.11373e-07 3.64829e-27
-2.325 47.1377 0.000184312 0.000184312 5.89811e-27
-2.175 47.4374 3.86773e-06 3.86773e-06 4.12579e-27
-2.0775 47.5326 5.15751e-06 5.15751e-06 8.01455e-27
-1.98 47.6279 1.99014e-05 1.99014e-05 4.5811e-27
-1.8375 48.2089 6.8161e-05 6.8161e-05 2.63079e-27
-1.695 48.7899 1.97802e-06 1.97802e-06 7.67574e-27
-1.595 49.2905 5.37674e-05 5.37674e-05 9.06635e-27
-1.495 49.7911 2.16614e-05 2.16614e-05 1.39828e-26
-1.3525 50.4145 1.11233e-06 1.11233e-06 3.70611e-26
-1.21 51.038 9.61246e-05 9.61246e-05 4.31111e-26
-1.115 51.1244 5.45138e-05 5.45138e-05 2.79231e-26
-1.02 51.2109 7.39055e-07 7.39055e-07 5.483e-26
-0.8825 51.3549 9.40418e-06 9.40418e-06 4.969e-26
-0.745 51.4989 6.79779e-07 6.79779e-07 5.6276e-26
-0.655 51.2711 4.11705e-05 4.11705e-05 2.51158e-26
-0.565 51.0433 1.90171e-07 1.90171e-07 5.28668e-26
-0.4325 51.1156 6.41587e-06 6.41587e-06 4.89534e-26
-0.3 51.1879 4.97024e-06 4.97024e-06 7.11767e-26
-0.2 51.1989 1.93053e-06 1.93053e-06 2.88798e-26
-0.1 51.2098 2.74497e-06 2.74497e-06 5.26029e-26
0 51.2098 2.91076e-05 2.91076e-05 4.45344e-26
