-4.67 15.3505 2.52556e-07 2.52556e-07 1.39935e-47
-4.57 15.4691 1.1021e-06 1.1021e-06 1.76003e-48
-4.47 15.5878 7.77955e-09 7.77955e-09 1.27372e-47
-4.32 15.5055 2.23853e-10 2.23853e-10 4.30307e-48
-4.17 15.4233 2.44047e-11 2.44047e-11 9.57556e-48
-4.07 15.4416 5.38987e-09 5.38987e-09 5.12547e-48
-3.97 15.46 3.51989e-09 3.51989e-09 5.23911e-48
-3.82 16.0085 2.26127e-09 2.26127e-09 4.90797e-46
-3.67 16.557 4.6121e-07 4.6121e-07 8.69683e-47
-3.57 17.0309 1.06355e-08 1.06355e-08 2.32168e-45
-3.47 17.5048 1.17935e-09 1.17935e-09 1.90177e-44
-3.32 18.1422 2.85161e-08 2.85161e-08 3.2838e-43
-3.17 18.7797 5.59223e-07 5.59223e-07 1.94759e-43
-3.07 18.7959 5.15404e-06 5.15404e-06 5.70346e-43
-2.97 18.812 9.96331e-10 9.96331e-10 6.94259e-43
-2.825 18.7709 4.80795e-09 4.80795e-09 3.19203e-43
-2.68 18.7298 3.04385e-08 3.04385e-08 1.27887e-43
-2.5775 18.7828 1.74143e-08 1.74143e-08 1.61511e-43
-2.475 18.8359 2.8885e-09 2.8885e-09 1.01774e-43
-2.325 18.8446 1.43268e-08 1.43268e-08 5.83419e-44
-2.175 18.8533 1.16219e-11 1.16219e-11 3.8885e-43
-2.0775 18.9115 4.22461e-09 4.22461e-09 8.37674e-43
-1.98 18.9696 4.96941e-08 4.96941e-08 1.89978e-42
-1.8375 19.3872 5.96863e-08 5.96863e-08 1.80065e-42
-1.695 19.8048 2.9122e-09 2.9122e-09 1.15652e-42
-1.595 19.8295 9.69142e-07 9.69142e-07 1.49305e-41
-1.495 19.8541 1.01498e-08 1.01498e-08 8.26406e-42
-1.3525 20.0923 2.1809e-07 2.1809e-07 3.73821e-42
-1.21 20.3305 6.61238e-06 6.61238e-06 4.24576e-41
-1.115 20.3321 1.25772e-07 1.25772e-07 7.10843e-42
-1.02 20.3338 5.24683e-11 5.24683e-11 7.66596e-42
-0.8825 20.3674 6.78526e-08 6.78526e-08 7.37765e-41
-0.745 20.4011 8.32726e-09 8.32726e-09 2.32025e-42
-0.655 20.297 1.67555e-10 1.67555e-10 5.54481e-42
-0.565 20.1929 1.90443e-08 1.90443e-08 5.20499e-42
-0.4325 20.1963 3.72093e-09 3.72093e-09 2.66225e-41
-0.3 20.1997 3.1815e-06 3.1815e-06 4.20278e-42
-0.2 20.2024 2.4763e-10 2.4763e-10 1.64092e-41
-0.1 20.2052 3.71917e-08 3.71917e-08 5.04396e-42
0 20.2052 3.83121e-09 3.83121e-09 4.99109e-42
