-4.67 73.5627 1.72217e-06 1.72217e-06 3.22109e-22
-4.57 74.302 7.32118e-07 7.32118e-07 7.3389e-22
-4.47 75.0413 4.31377e-06 4.31377e-06 7.86109e-22
-4.32 75.3062 1.51435e-05 1.51435e-05 8.07119e-22
-4.17 75.571 1.42243e-05 1.42243e-05 5.75586e-22
-4.07 76.4355 1.88821e-06 1.88821e-06 3.27847e-22
-3.97 77.3 3.59455e-06 3.59455e-06 1.28752e-15
-3.82 80.3224 7.82525e-06 7.82525e-06 2.94129e-21
-3.67 83.3447 3.62133e-06 3.62133e-06 3.36736e-21
-3.57 86.0996 4.31175e-06 4.31175e-06 7.46526e-21
-3.47 88.8546 2.45974e-06 2.45974e-06 2.93552e-20
-3.32 92.0795 7.74608e-06 7.74608e-06 7.84679e-20
-3.17 95.3043 3.89325e-06 3.89325e-06 8.43842e-20
-3.07 95.9899 2.89297e-05 2.89297e-05 2.59414e-19
-2.97 96.6756 8.36337e-06 8.36337e-06 1.0313e-19
-2.825 97.0756 1.90942e-05 1.90942e-05 1.94123e-19
-2.68 97.4757 9.89731e-06 9.89731e-06 1.95438e-19
-2.5775 98.2451 5.36927e-06 5.36927e-06 3.14535e-19
-2.475 99.0146 1.29582e-05 1.29582e-05 3.18825e-19
-2.325 99.5803 1.95626e-05 1.95626e-05 4.48331e-19
-2.175 100.146 4.5059e-05 4.5059e-05 3.64402e-19
-2.0775 100.608 2.75603e-05 2.75603e-05 6.06298e-19
-1.98 101.069 0.000105742 0.000105742 5.44426e-19
-1.8375 102.728 4.13823e-05 4.13823e-05 9.10882e-19
-1.695 104.388 7.13297e-05 7.13297e-05 8.05341e-19
-1.595 105.572 8.73414e-06 8.73414e-06 1.05186e-18
-1.495 106.755 8.29995e-05 8.29995e-05 1.18371e-18
-1.3525 107.963 2.68577e-05 2.68577e-05 1.2294e-18
-1.21 109.171 3.72067e-05 3.72067e-05 2.88101e-18
-1.115 109.454 2.54446e-05 2.54446e-05 4.24126e-18
-1.02 109.738 3.52103e-05 3.52103e-05 2.2453e-18
-0.8825 110.172 1.47349e-05 1.47349e-05 5.4412e-18
-0.745 110.607 8.61132e-06 8.61132e-06 2.87345e-18
-0.655 110.273 4.00809e-05 4.00809e-05 4.87092e-18
-0.565 109.939 3.5452e-05 3.5452e-05 4.01945e-18
-0.4325 110.117 8.53246e-06 8.53246e-06 3.84987e-18
-0.3 110.295 9.70437e-06 9.70437e-06 4.42515e-18
-0.2 110.422 4.6204e-05 4.6204e-05 3.71851e-18
-0.1 110.548 2.84231e-05 2.84231e-05 6.37229e-18
0 110.548 7.25538e-05 7.25538e-05 3.66303e-18
