-4.67 0.00451711
-4.57 0.00494754
-4.47 0.00488553
-4.32 0.00508871
-4.17 0.00558143
-4.07 0.00610617
-3.97 0.00595969
-3.82 0.00739249
-3.67 0.00753645
-3.57 0.00819455
-3.47 0.0103948
-3.32 0.00994812
-3.17 0.0109864
-3.07 0.011426
-2.97 0.011878
-2.825 0.011132
-2.68 0.011784
-2.5775 0.0122286
-2.475 0.0142006
-2.325 0.0139647
-2.175 0.014567
-2.0775 0.0149031
-1.98 0.0167213
-1.8375 0.0183883
-1.695 0.0193902
-1.595 0.0194746
-1.495 0.020646
-1.3525 0.0214909
-1.21 0.0218006
-1.115 0.0216209
-1.02 0.0222258
-0.8825 0.0233917
-0.745 0.0224055
-0.655 0.0227889
-0.565 0.0238477
-0.4325 0.0236649
-0.3 0.023652
-0.2 0.0251924
-0.1 0.0255632
0 0.0247783
