-4.67 35.5852 3.10679e-09 3.10679e-09 3.88097e-32
-4.57 36.0783 5.70773e-07 5.70773e-07 1.76934e-31
-4.47 36.5714 4.42874e-08 4.42874e-08 7.29067e-32
-4.32 36.6301 1.00549e-06 1.00549e-06 5.45092e-31
-4.17 36.6888 4.76122e-08 4.76122e-08 2.74921e-31
-4.07 37.0444 5.35234e-06 5.35234e-06 1.99786e-31
-3.97 37.4 5.88624e-07 5.88624e-07 1.96644e-31
-3.82 38.6966 1.44189e-06 1.44189e-06 1.40222e-30
-3.67 39.9933 6.99199e-09 6.99199e-09 1.37386e-30
-3.57 41.1866 5.47747e-08 5.47747e-08 1.78666e-29
-3.47 42.3799 1.07739e-07 1.07739e-07 1.97973e-29
-3.32 43.9866 2.42241e-07 2.42241e-07 1.20109e-28
-3.17 45.5934 2.09155e-07 2.09155e-07 5.6554e-28
-3.07 45.9344 2.38648e-06 2.38648e-06 3.98817e-28
-2.97 46.2755 3.40802e-07 3.40802e-07 1.7156e-27
-2.825 46.2983 1.25153e-05 1.25153e-05 3.5055e-28
-2.68 46.3211 3.66188e-06 3.66188e-06 2.9338e-28
-2.5775 46.5796 1.68589e-06 1.68589e-06 6.82268e-28
-2.475 46.8381 2.066e-05 2.066e-05 6.05738e-28
-2.325 47.1377 1.53986e-06 1.53986e-06 1.04216e-27
-2.175 47.4374 1.2664e-07 1.2664e-07 5.47118e-28
-2.0775 47.5326 2.54973e-07 2.54973e-07 1.13139e-27
-1.98 47.6279 3.1683e-07 3.1683e-07 1.14938e-27
-1.8375 48.2089 1.13764e-07 1.13764e-07 2.52542e-27
-1.695 48.7899 1.40132e-07 1.40132e-07 1.66679e-27
-1.595 49.2905 1.64329e-06 1.64329e-06 2.74847e-27
-1.495 49.7911 4.61716e-06 4.61716e-06 3.97042e-27
-1.3525 50.4145 6.08693e-07 6.08693e-07 3.59874e-27
-1.21 51.038 1.99e-07 1.99e-07 1.16833e-26
-1.115 51.1244 6.88676e-07 6.88676e-07 1.6297e-26
-1.02 51.2109 4.57407e-07 4.57407e-07 1.46697e-26
-0.8825 51.3549 1.95536e-06 1.95536e-06 2.48897e-26
-0.745 51.4989 5.57595e-07 5.57595e-07 5.48894e-27
-0.655 51.2711 1.46296e-06 1.46296e-06 9.39656e-27
-0.565 51.0433 3.81211e-07 3.81211e-07 7.48188e-27
-0.4325 51.1156 1.71399e-07 1.71399e-07 8.27579e-27
-0.3 51.1879 3.28337e-06 3.28337e-06 1.16578e-26
-0.2 51.1989 2.43629e-07 2.43629e-07 2.60776e-26
-0.1 51.2098 2.32057e-06 2.32057e-06 9.37273e-27
0 51.2098 4.56907e-07 4.56907e-07 1.0598e-26
