-4.67 135.563 0.000196323 7.55456e-05 0.000120777
-4.57 137.077 3.10906e-05 3.10906e-05 5.601e-15
-4.47 138.592 3.45265e-05 3.45265e-05 4.87002e-16
-4.32 139.234 5.56311e-05 5.56311e-05 4.28628e-16
-4.17 139.876 2.70634e-05 2.70634e-05 4.8167e-16
-4.07 141.838 6.17202e-05 6.17202e-05 1.46313e-14
-3.97 143.8 7.80554e-05 7.80554e-05 1.00332e-15
-3.82 149.953 4.15219e-05 4.15219e-05 1.78822e-15
-3.67 156.106 9.76956e-05 9.76956e-05 2.87592e-15
-3.57 161.584 3.46811e-05 3.46811e-05 4.67687e-15
-3.47 167.063 0.000155867 0.000155867 1.64106e-14
-3.32 172.911 0.000139964 0.000139964 1.58954e-14
-3.17 178.758 6.76208e-05 6.76208e-05 3.64775e-14
-3.07 179.868 5.14347e-05 5.14347e-05 4.15332e-14
-2.97 180.978 2.34068e-05 2.34068e-05 4.05191e-14
-2.825 181.973 4.68551e-05 4.68551e-05 5.65354e-14
-2.68 182.968 0.000124476 0.000124476 3.85093e-14
-2.5775 185.16 0.000129446 0.000129446 5.60462e-14
-2.475 187.352 0.000258058 0.000258058 7.73776e-14
-2.325 189.058 8.06489e-05 8.06489e-05 8.22626e-14
-2.175 190.763 0.00014008 0.00014008 6.85082e-14
-2.0775 192.167 8.44796e-05 8.44796e-05 8.31918e-14
-1.98 193.571 0.000181609 0.000181609 7.80494e-14
-1.8375 196.583 0.000184623 0.000184623 1.61332e-13
-1.695 199.595 0.000186366 0.000186366 1.60708e-13
-1.595 201.875 6.38317e-05 6.38317e-05 1.98919e-13
-1.495 204.154 0.000136963 0.000136963 2.86701e-13
-1.3525 206.112 0.000143165 0.000143165 2.13249e-13
-1.21 208.07 0.000332964 0.000332964 2.65544e-13
-1.115 208.824 0.00018768 0.00018768 2.30543e-13
-1.02 209.578 0.000143376 0.000143376 3.97105e-13
-0.8825 210.323 0.000203474 0.000203474 4.3624e-13
-0.745 211.068 0.00021265 0.00021265 2.18189e-13
-0.655 210.706 8.7836e-05 8.7836e-05 4.57871e-13
-0.565 210.343 7.68506e-05 7.68506e-05 5.0368e-13
-0.4325 210.933 0.000423528 0.000423528 5.49124e-13
-0.3 211.523 0.000137416 0.000137416 6.32454e-13
-0.2 211.723 0.00021532 0.00021532 5.15438e-13
-0.1 211.923 0.00018008 0.00018008 3.73313e-13
0 211.923 0.000151648 0.000151648 7.09349e-13
