-4.67 73.5627 1.60091e-05 1.60091e-05 1.89522e-21
-4.57 74.302 0.000232922 0.000232922 1.0349e-21
-4.47 75.0413 2.76577e-05 2.76577e-05 2.6726e-21
-4.32 75.3062 1.81619e-05 1.81619e-05 1.6394e-21
-4.17 75.571 8.2188e-06 8.2188e-06 1.33365e-15
-4.07 76.4355 4.71912e-05 4.71912e-05 4.11818e-16
-3.97 77.3 3.04694e-05 3.04694e-05 1.0733e-15
-3.82 80.3224 2.02796e-05 2.02796e-05 3.46072e-21
-3.67 83.3447 0.00039732 0.00039732 3.15327e-20
-3.57 86.0996 4.96056e-05 4.96056e-05 4.52332e-20
-3.47 88.8546 2.85536e-05 2.85536e-05 8.94094e-20
-3.32 92.0795 3.14789e-05 3.14789e-05 5.47965e-20
-3.17 95.3043 9.43226e-05 9.43226e-05 3.27392e-19
-3.07 95.9899 7.49669e-05 7.49669e-05 2.32729e-19
-2.97 96.6756 0.0010585 0.0010585 5.4888e-19
-2.825 97.0756 0.000333873 0.000333873 6.35045e-19
-2.68 97.4757 0.000180339 0.000180339 1.15299e-18
-2.5775 98.2451 0.000740945 0.000740945 9.0421e-19
-2.475 99.0146 3.84958e-05 3.84958e-05 9.22963e-19
-2.325 99.5803 7.86327e-05 7.86327e-05 1.36459e-18
-2.175 100.146 0.000115674 0.000115674 1.31532e-18
-2.0775 100.608 4.35055e-05 4.35055e-05 1.31597e-18
-1.98 101.069 4.07413e-05 4.07413e-05 9.31575e-19
-1.8375 102.728 0.000342212 0.000342212 2.34041e-18
-1.695 104.388 0.000200097 0.000200097 2.2253e-18
-1.595 105.572 3.34114e-05 3.34114e-05 3.48231e-18
-1.495 106.755 0.000155899 0.000155899 3.07165e-18
-1.3525 107.963 8.54954e-05 8.54954e-05 8.59863e-18
-1.21 109.171 5.92018e-05 5.92018e-05 6.2604e-18
-1.115 109.454 5.29591e-05 5.29591e-05 5.44328e-18
-1.02 109.738 0.000112164 0.000112164 8.68327e-18
-0.8825 110.172 6.34197e-05 6.34197e-05 6.80036e-18
-0.745 110.607 0.000103554 0.000103554 7.26684e-18
-0.655 110.273 8.37892e-05 8.37892e-05 7.06301e-18
-0.565 109.939 1.85844e-05 1.85844e-05 8.44192e-18
-0.4325 110.117 0.000250186 0.000250186 1.19171e-17
-0.3 110.295 5.4783e-05 5.4783e-05 8.0752e-18
-0.2 110.422 0.00021273 0.00021273 8.21259e-18
-0.1 110.548 0.000409195 0.000409195 1.16612e-17
0 110.548 6.88337e-05 6.88337e-05 1.20915e-17
