-4.67 1028.68 0.0180656 0.018044 2.15543e-05
-4.57 1044.93 0.0206086 0.0205843 2.42487e-05
-4.47 1061.17 0.0248397 0.0248135 2.61056e-05
-4.32 1075.43 0.0249475 0.0249173 3.02117e-05
-4.17 1089.7 0.0224372 0.022402 3.51271e-05
-4.07 1110.85 0.0263068 0.0262658 4.10071e-05
-3.97 1132 0.0251837 0.0251408 4.2848e-05
-3.82 1185.74 0.0324837 0.032423 6.06241e-05
-3.67 1239.49 0.0319063 0.0318145 9.17848e-05
-3.57 1281.03 0.0385702 0.0384479 0.000122296
-3.47 1322.58 0.0427512 0.0426169 0.000134233
-3.32 1346.19 0.042077 0.0419257 0.00015127
-3.17 1369.81 0.0491244 0.0489491 0.000175275
-3.07 1384.57 0.051614 0.051429 0.000184971
-2.97 1399.33 0.0517114 0.0514866 0.00022479
-2.825 1416.63 0.0469197 0.0467152 0.000204437
-2.68 1433.94 0.0489114 0.0486736 0.000237796
-2.5775 1459.33 0.0505435 0.0502939 0.000249647
-2.475 1484.72 0.0560008 0.0556806 0.000320271
-2.325 1506.12 0.0598853 0.0595836 0.000301746
-2.175 1527.53 0.0679095 0.0675202 0.000389365
-2.0775 1563.86 0.0635982 0.0631459 0.000452384
-1.98 1600.18 0.069789 0.0693105 0.000478462
-1.8375 1647.99 0.0818943 0.081316 0.000578353
-1.695 1695.79 0.0912835 0.0904064 0.000877135
-1.595 1720.54 0.0881046 0.0872515 0.000853107
-1.495 1745.29 0.0967694 0.0959101 0.000859289
-1.3525 1763.16 0.0921642 0.0912221 0.000942138
-1.21 1781.04 0.101402 0.100417 0.000984303
-1.115 1789.94 0.103741 0.102688 0.00105224
-1.02 1798.84 0.10816 0.107093 0.00106791
-0.8825 1806.99 0.106631 0.105444 0.00118709
-0.745 1815.14 0.110685 0.109503 0.00118231
-0.655 1816.82 0.104976 0.103728 0.00124785
-0.565 1818.49 0.103104 0.101942 0.00116171
-0.4325 1825.69 0.107325 0.106141 0.0011841
-0.3 1832.89 0.112447 0.111195 0.00125139
-0.2 1835.55 0.116184 0.114936 0.00124776
-0.1 1838.21 0.123764 0.122602 0.00116182
0 1838.21 0.109274 0.10805 0.00122418
