-4.67 15.3505 5.37548e-10 5.37548e-10 5.56866e-48
-4.57 15.4691 4.03753e-09 4.03753e-09 7.99744e-33
-4.47 15.5878 3.64772e-10 3.64772e-10 1.36348e-48
-4.32 15.5055 4.87075e-09 4.87075e-09 3.43133e-48
-4.17 15.4233 2.79976e-11 2.79976e-11 1.44477e-47
-4.07 15.4416 1.59646e-10 1.59646e-10 1.6575e-48
-3.97 15.46 1.86563e-10 1.86563e-10 3.0896e-47
-3.82 16.0085 8.05019e-09 8.05019e-09 2.28775e-47
-3.67 16.557 5.38843e-09 5.38843e-09 9.4275e-47
-3.57 17.0309 7.59685e-07 7.59685e-07 5.43504e-46
-3.47 17.5048 5.2376e-11 5.2376e-11 3.74222e-44
-3.32 18.1422 7.76259e-09 7.76259e-09 1.06619e-44
-3.17 18.7797 4.6985e-09 4.6985e-09 6.12266e-44
-3.07 18.7959 1.17496e-07 1.17496e-07 1.93048e-43
-2.97 18.812 2.37771e-07 2.37771e-07 6.22827e-43
-2.825 18.7709 1.24912e-10 1.24912e-10 8.82513e-44
-2.68 18.7298 7.60491e-10 7.60491e-10 5.68793e-43
-2.5775 18.7828 4.63636e-08 4.63636e-08 7.0562e-43
-2.475 18.8359 4.48264e-09 4.48264e-09 5.21137e-44
-2.325 18.8446 6.91745e-08 6.91745e-08 5.54729e-44
-2.175 18.8533 7.95125e-08 7.95125e-08 2.1793e-44
-2.0775 18.9115 2.30625e-10 2.30625e-10 2.29722e-43
-1.98 18.9696 5.70638e-10 5.70638e-10 9.36469e-43
-1.8375 19.3872 3.04915e-11 3.04915e-11 1.77269e-43
-1.695 19.8048 8.583e-10 8.583e-10 6.99129e-43
-1.595 19.8295 3.82199e-10 3.82199e-10 3.78377e-43
-1.495 19.8541 5.95725e-08 5.95725e-08 9.18992e-42
-1.3525 20.0923 3.05578e-08 3.05578e-08 2.26924e-41
-1.21 20.3305 3.67937e-09 3.67937e-09 8.59788e-43
-1.115 20.3321 2.66208e-10 2.66208e-10 3.70544e-42
-1.02 20.3338 6.78116e-11 6.78116e-11 1.85095e-42
-0.8825 20.3674 2.25967e-09 2.25967e-09 6.13888e-42
-0.745 20.4011 1.31092e-08 1.31092e-08 1.17649e-41
-0.655 20.297 6.61341e-10 6.61341e-10 4.30997e-42
-0.565 20.1929 1.90065e-09 1.90065e-09 6.22756e-42
-0.4325 20.1963 1.2686e-10 1.2686e-10 4.91679e-42
-0.3 20.1997 1.41213e-09 1.41213e-09 1.9595e-41
-0.2 20.2024 1.08748e-10 1.08748e-10 2.20268e-42
-0.1 20.2052 3.84742e-09 3.84742e-09 1.99631e-42
0 20.2052 1.63862e-09 1.63862e-09 1.61616e-41
