-4.67 0.0345871
-4.57 0.0391682
-4.47 0.0320639
-4.32 0.045028
-4.17 0.0447589
-4.07 0.053328
-3.97 0.045789
-3.82 0.0762321
-3.67 0.048236
-3.57 0.0584037
-3.47 0.0866537
-3.32 0.0706962
-3.17 0.0900326
-3.07 0.0762747
-2.97 0.0667692
-2.825 0.0680578
-2.68 0.0868178
-2.5775 0.0864872
-2.475 0.0940974
-2.325 0.0838111
-2.175 0.0784882
-2.0775 0.107834
-1.98 0.143971
-1.8375 0.124849
-1.695 0.130598
-1.595 0.144557
-1.495 0.142681
-1.3525 0.144765
-1.21 0.140044
-1.115 0.155339
-1.02 0.164471
-0.8825 0.168703
-0.745 0.146224
-0.655 0.163408
-0.565 0.14291
-0.4325 0.173662
-0.3 0.17386
-0.2 0.1698
-0.1 0.161316
0 0.158974
0.1 0.159336
0.2 0.171322
0.3 0.170367
0.4325 0.186703
0.565 0.160957
0.655 0.164548
0.745 0.20064
0.8825 0.162138
1.02 0.155656
1.115 0.191727
1.21 0.121474
1.3525 0.161395
1.495 0.132676
1.595 0.150727
1.695 0.133284
1.8375 0.132453
1.98 0.122886
2.0775 0.0994224
2.175 0.0866543
2.325 0.0868218
2.475 0.0970691
2.5775 0.102685
2.68 0.0853788
2.825 0.0783877
2.97 0.110669
3.07 0.0791795
3.17 0.0768216
3.32 0.0710412
3.47 0.0698236
3.57 0.0574189
3.67 0.0567601
3.82 0.0404705
3.97 0.0442701
4.07 0.0439638
4.17 0.0346981
4.32 0.03698
4.47 0.0364809
4.57 0.0335123
4.67 0.0354632
