-4.67 10.0429 6.07226
-4.47 9.48277 6.63628
-4.17 9.71944 7.40232
-3.97 7.97267 7.85691
-3.67 10.9423 8.44898
-3.47 14.3284 8.78851
-3.17 12.0022 9.20661
-2.97 14.7895 9.42267
-2.68 16.3774 9.66961
-2.475 14.2624 9.80991
-2.175 17.6964 9.97266
-1.98 18.9922 10.0793
-1.695 20.5114 10.2589
-1.495 21.6666 10.3936
-1.21 24.0403 10.5731
-1.02 24.4226 10.6742
-0.745 24.8592 10.7977
-0.565 25.0904 10.8566
-0.3 22.7077 10.9155
-0.1 26.3271 10.938
0.1 23.1665 10.938
0.3 24.6478 10.9155
0.565 23.841 10.8566
0.745 24.6285 10.7977
1.02 26.2777 10.6742
1.21 24.6515 10.5731
1.495 22.7453 10.3936
1.695 21.1319 10.2589
1.98 17.8203 10.0793
2.175 16.9492 9.97266
2.475 16.1203 9.8071
2.68 13.503 9.66961
2.97 13.8452 9.42267
3.17 12.4847 9.20661
3.47 12.6219 8.78851
3.67 11.8787 8.44898
3.97 10.4636 7.85691
4.17 8.48085 7.40232
4.47 8.79396 6.63628
4.67 8.34835 6.07226
