-4.67 12.2213 6.07226
-4.57 12.4092 6.35427
-4.47 12.7467 6.63628
-4.32 10.1293 7.0193
-4.17 10.9035 7.40232
-4.07 10.9601 7.62961
-3.97 11.8722 7.85691
-3.82 11.3894 8.15294
-3.67 14.4243 8.44898
-3.57 14.8213 8.61874
-3.47 14.7551 8.78851
-3.32 17.0514 8.99757
-3.17 16.0185 9.20661
-3.07 18.5331 9.31464
-2.97 18.5237 9.42267
-2.825 16.0761 9.54614
-2.68 18.6243 9.66961
-2.5775 19.0702 9.73976
-2.475 18.8446 9.80991
-2.325 18.6278 9.89128
-2.175 22.322 9.97266
-2.0775 21.8569 10.026
-1.98 24.3621 10.0793
-1.8375 23.5586 10.1691
-1.695 25.0498 10.2589
-1.595 27.8358 10.3262
-1.495 25.8227 10.3936
-1.3525 26.4888 10.4833
-1.21 29.3197 10.5731
-1.115 30.0655 10.6237
-1.02 29.8643 10.6742
-0.8825 32.3958 10.7359
-0.745 32.4269 10.7977
-0.655 30.3742 10.8271
-0.565 30.4826 10.8566
-0.4325 31.6384 10.8861
-0.3 29.3006 10.9155
-0.2 30.5339 10.9267
-0.1 30.8939 10.938
0 32.1469 10.938
