-4.67 5.13901 6.07226
-4.47 6.81044 6.63628
-4.17 5.03954 7.40232
-3.97 5.2021 7.85691
-3.67 6.79897 8.44898
-3.47 7.0661 8.78851
-3.17 7.60431 9.20661
-2.97 7.24016 9.42267
-2.68 8.17168 9.66961
-2.475 9.53481 9.80991
-2.175 9.38294 9.97266
-1.98 11.3502 10.0793
-1.695 14.9393 10.2589
-1.495 13.3457 10.3936
-1.21 13.4508 10.5731
-1.02 15.9526 10.6742
-0.745 15.8695 10.7977
-0.565 16.4086 10.8566
-0.3 14.6139 10.9155
-0.1 15.184 10.938
0.1 17.2553 10.938
0.3 14.541 10.9155
0.565 14.7168 10.8566
0.745 14.5746 10.7977
1.02 13.4231 10.6742
1.21 12.6688 10.5731
1.495 12.7833 10.3936
1.695 12.5571 10.2589
1.98 10.6808 10.0793
2.175 9.08459 9.97266
2.475 9.92792 9.8071
2.68 9.82157 9.66961
2.97 7.37105 9.42267
3.17 6.95102 9.20661
3.47 6.53118 8.78851
3.67 6.46252 8.44898
3.97 5.80543 7.85691
4.17 4.86047 7.40232
4.47 5.49407 6.63628
4.67 4.95176 6.07226
