-4.67 2.21048 6.07226
-4.57 2.13795 6.35427
-4.47 2.18389 6.63628
-4.32 2.11005 7.0193
-4.17 2.49393 7.40232
-4.07 2.30296 7.62961
-3.97 2.2526 7.85691
-3.82 2.84567 8.15294
-3.67 3.05778 8.44898
-3.57 3.12468 8.61874
-3.47 3.45137 8.78851
-3.32 3.24228 8.99757
-3.17 3.55146 9.20661
-3.07 3.57257 9.31464
-2.97 3.647 9.42267
-2.825 3.92732 9.54614
-2.68 4.00012 9.66961
-2.5775 3.82775 9.73976
-2.475 4.57124 9.80991
-2.325 4.85991 9.89128
-2.175 4.09823 9.97266
-2.0775 5.21362 10.026
-1.98 5.87617 10.0793
-1.8375 5.33622 10.1691
-1.695 5.43978 10.2589
-1.595 5.70942 10.3262
-1.495 6.10064 10.3936
-1.3525 5.90835 10.4833
-1.21 7.32196 10.5731
-1.115 6.88128 10.6237
-1.02 7.23367 10.6742
-0.8825 8.38455 10.7359
-0.745 5.66578 10.7977
-0.655 7.26811 10.8271
-0.565 6.97893 10.8566
-0.4325 7.35009 10.8861
-0.3 8.22505 10.9155
-0.2 9.11795 10.9267
-0.1 6.91231 10.938
0 7.54316 10.938
