-4.67 4.58714 6.07226
-4.57 4.40413 6.35427
-4.47 4.98157 6.63628
-4.32 4.39448 7.0193
-4.17 4.29307 7.40232
-4.07 3.85896 7.62961
-3.97 4.88681 7.85691
-3.82 5.64409 8.15294
-3.67 5.64334 8.44898
-3.57 5.23173 8.61874
-3.47 6.24522 8.78851
-3.32 7.54204 8.99757
-3.17 5.49694 9.20661
-3.07 7.1801 9.31464
-2.97 6.16331 9.42267
-2.825 7.36518 9.54614
-2.68 8.21262 9.66961
-2.5775 6.89857 9.73976
-2.475 7.93713 9.80991
-2.325 7.7543 9.89128
-2.175 7.73982 9.97266
-2.0775 8.26198 10.026
-1.98 9.98096 10.0793
-1.8375 9.39678 10.1691
-1.695 10.3545 10.2589
-1.595 9.77105 10.3262
-1.495 10.9856 10.3936
-1.3525 11.1634 10.4833
-1.21 12.7994 10.5731
-1.115 12.7874 10.6237
-1.02 11.9429 10.6742
-0.8825 10.269 10.7359
-0.745 11.1731 10.7977
-0.655 12.622 10.8271
-0.565 10.083 10.8566
-0.4325 12.2142 10.8861
-0.3 11.3356 10.9155
-0.2 12.5247 10.9267
-0.1 12.2349 10.938
0 12.8732 10.938
