-4.67 4.88516 6.07226
-4.47 3.58547 6.63628
-4.17 4.12342 7.40232
-3.97 3.7192 7.85691
-3.67 4.03626 8.44898
-3.47 4.88527 8.78851
-3.17 5.20702 9.20661
-2.97 5.54751 9.42267
-2.68 6.25872 9.66961
-2.475 6.20466 9.80991
-2.175 7.23264 9.97266
-1.98 6.77863 10.0793
-1.695 9.32891 10.2589
-1.495 9.29191 10.3936
-1.21 9.63535 10.5731
-1.02 9.58951 10.6742
-0.745 10.4033 10.7977
-0.565 10.1858 10.8566
-0.3 11.1037 10.9155
-0.1 10.6375 10.938
0.1 9.84892 10.938
0.3 9.78392 10.9155
0.565 10.8888 10.8566
0.745 10.2053 10.7977
1.02 10.2036 10.6742
1.21 10.0497 10.5731
1.495 9.76614 10.3936
1.695 7.85165 10.2589
1.98 7.49618 10.0793
2.175 7.30884 9.97266
2.475 6.65312 9.8071
2.68 5.31443 9.66961
2.97 4.84336 9.42267
3.17 5.45377 9.20661
3.47 5.04652 8.78851
3.67 4.64564 8.44898
3.97 4.04582 7.85691
4.17 3.192 7.40232
4.47 3.79205 6.63628
4.67 3.61252 6.07226
