-4.67 10.3049 6.07226
-4.57 9.80799 6.35427
-4.47 9.75423 6.63628
-4.32 9.83645 7.0193
-4.17 10.0102 7.40232
-4.07 10.1858 7.62961
-3.97 8.27738 7.85691
-3.82 11.2288 8.15294
-3.67 11.3177 8.44898
-3.57 11.0577 8.61874
-3.47 14.7986 8.78851
-3.32 13.6746 8.99757
-3.17 12.4724 9.20661
-3.07 13.5464 9.31464
-2.97 15.2948 9.42267
-2.825 14.5719 9.54614
-2.68 16.9239 9.66961
-2.5775 17.5751 9.73976
-2.475 14.8944 9.80991
-2.325 18.7727 9.89128
-2.175 18.3589 9.97266
-2.0775 17.5421 10.026
-1.98 19.6945 10.0793
-1.8375 20.1737 10.1691
-1.695 21.3229 10.2589
-1.595 24.0522 10.3262
-1.495 22.5702 10.3936
-1.3525 22.2377 10.4833
-1.21 24.9497 10.5731
-1.115 24.2757 10.6237
-1.02 25.4559 10.6742
-0.8825 26.6171 10.7359
-0.745 25.9455 10.7977
-0.655 24.9332 10.8271
-0.565 26.1154 10.8566
-0.4325 26.6395 10.8861
-0.3 23.7104 10.9155
-0.2 28.2602 10.9267
-0.1 27.4007 10.938
0 23.1957 10.938
