-4.67 7.38949 6.07226
-4.57 6.25289 6.35427
-4.47 6.07286 6.63628
-4.32 6.07486 7.0193
-4.17 5.68299 7.40232
-4.07 6.35016 7.62961
-3.97 5.91332 7.85691
-3.82 8.77625 8.15294
-3.67 7.2257 8.44898
-3.57 8.99847 8.61874
-3.47 9.00536 8.78851
-3.32 8.65419 8.99757
-3.17 10.6553 9.20661
-3.07 9.94549 9.31464
-2.97 10.8233 9.42267
-2.825 10.3488 9.54614
-2.68 9.78515 9.66961
-2.5775 13.1934 9.73976
-2.475 11.454 9.80991
-2.325 11.7839 9.89128
-2.175 12.8026 9.97266
-2.0775 11.6854 10.026
-1.98 13.3863 10.0793
-1.8375 15.4697 10.1691
-1.695 14.7157 10.2589
-1.595 17.9697 10.3262
-1.495 16.6094 10.3936
-1.3525 19.5719 10.4833
-1.21 16.8887 10.5731
-1.115 16.312 10.6237
-1.02 17.5789 10.6742
-0.8825 20.0218 10.7359
-0.745 17.6377 10.7977
-0.655 18.5356 10.8271
-0.565 20.7904 10.8566
-0.4325 17.7934 10.8861
-0.3 18.8866 10.9155
-0.2 17.5378 10.9267
-0.1 20.1992 10.938
0 21.4003 10.938
