-4.67 5.93909 6.07226
-4.57 5.5109 6.35427
-4.47 6.21246 6.63628
-4.32 5.67789 7.0193
-4.17 5.58677 7.40232
-4.07 5.15308 7.62961
-3.97 5.99039 7.85691
-3.82 7.13675 8.15294
-3.67 7.05958 8.44898
-3.57 6.9515 8.61874
-3.47 7.91534 8.78851
-3.32 9.2193 8.99757
-3.17 7.35799 9.20661
-3.07 9.07629 9.31464
-2.97 8.14953 9.42267
-2.825 9.40569 9.54614
-2.68 9.78966 9.66961
-2.5775 9.04462 9.73976
-2.475 10.1185 9.80991
-2.325 10.0461 9.89128
-2.175 10.0362 9.97266
-2.0775 10.529 10.026
-1.98 12.6569 10.0793
-1.8375 11.9646 10.1691
-1.695 12.9442 10.2589
-1.595 12.2907 10.3262
-1.495 13.8111 10.3936
-1.3525 14.0511 10.4833
-1.21 16.0408 10.5731
-1.115 15.7452 10.6237
-1.02 15.0702 10.6742
-0.8825 13.2298 10.7359
-0.745 14.3165 10.7977
-0.655 16.1453 10.8271
-0.565 13.1758 10.8566
-0.4325 15.3583 10.8861
-0.3 14.6124 10.9155
-0.2 15.6536 10.9267
-0.1 15.6433 10.938
0 16.045 10.938
