-4.67 4.36545 1.46219
-4.47 4.38925 1.598
-4.17 4.13507 1.78246
-3.97 4.90485 1.89193
-3.67 5.42403 2.0345
-3.47 6.70611 2.11626
-3.17 7.39777 2.21694
-2.97 9.22295 2.26896
-2.68 8.48457 2.32843
-2.475 8.48336 2.36221
-2.175 7.6234 2.4014
-1.98 11.2964 2.42708
-1.695 11.2654 2.47032
-1.495 11.6215 2.50275
-1.21 12.9395 2.54599
-1.02 13.211 2.57032
-0.745 12.6607 2.60005
-0.565 13.4625 2.61424
-0.3 14.1328 2.62843
-0.1 13.7296 2.63383
0.1 12.9067 2.63383
0.3 13.9276 2.62843
0.565 11.9667 2.61424
0.745 10.8327 2.60005
1.02 14.1042 2.57032
1.21 11.9964 2.54599
1.495 11.4025 2.50275
1.695 11.5598 2.47032
1.98 8.66399 2.42708
2.175 8.93959 2.4014
2.475 7.73743 2.36153
2.68 7.40371 2.32843
2.97 7.25227 2.26896
3.17 7.68393 2.21694
3.47 6.6367 2.11626
3.67 6.73703 2.0345
3.97 5.70994 1.89193
4.17 3.88988 1.78246
4.47 6.13354 1.598
4.67 4.99604 1.46219
