-4.67 8.39997 0.989614
-4.47 6.39469 1.08154
-4.17 7.97065 1.20638
-3.97 6.88942 1.28046
-3.67 7.50512 1.37695
-3.47 12.7401 1.43229
-3.17 9.1821 1.50043
-2.97 10.502 1.53564
-2.68 10.3337 1.57589
-2.475 13.8456 1.59875
-2.175 11.8511 1.62527
-1.98 15.5733 1.64265
-1.695 15.6399 1.67192
-1.495 15.2769 1.69387
-1.21 18.1941 1.72314
-1.02 20.157 1.7396
-0.745 18.5319 1.75973
-0.565 20.7336 1.76933
-0.3 24.3726 1.77893
-0.1 19.3347 1.78259
0.1 20.3545 1.78259
0.3 20.36 1.77893
0.565 17.8192 1.76933
0.745 17.5496 1.75973
1.02 17.7572 1.7396
1.21 18.7509 1.72314
1.495 17.4363 1.69387
1.695 15.9292 1.67192
1.98 14.6371 1.64265
2.175 11.9897 1.62527
2.475 12.8441 1.59829
2.68 11.4662 1.57589
2.97 10.1335 1.53564
3.17 11.4268 1.50043
3.47 12.7199 1.43229
3.67 7.63722 1.37695
3.97 7.27252 1.28046
4.17 7.09537 1.20638
4.47 10.2665 1.08154
4.67 8.27088 0.989614
