-4.67 5.47493 0.989614
-4.47 4.71277 1.08154
-4.17 5.22568 1.20638
-3.97 5.50385 1.28046
-3.67 5.51742 1.37695
-3.47 9.10481 1.43229
-3.17 8.76348 1.50043
-2.97 6.63859 1.53564
-2.68 8.35828 1.57589
-2.475 8.75547 1.59875
-2.175 7.33126 1.62527
-1.98 12.2903 1.64265
-1.695 12.6724 1.67192
-1.495 12.6841 1.69387
-1.21 12.2366 1.72314
-1.02 14.2279 1.7396
-0.745 12.8175 1.75973
-0.565 12.5031 1.76933
-0.3 14.8934 1.77893
-0.1 13.8176 1.78259
0.1 14.3049 1.78259
0.3 14.4313 1.77893
0.565 14.2019 1.76933
0.745 16.1864 1.75973
1.02 13.5492 1.7396
1.21 10.812 1.72314
1.495 11.598 1.69387
1.695 11.7565 1.67192
1.98 11.4983 1.64265
2.175 8.39748 1.62527
2.475 9.09234 1.59829
2.68 8.05324 1.57589
2.97 9.75454 1.53564
3.17 7.40934 1.50043
3.47 7.24352 1.43229
3.67 5.96047 1.37695
3.97 5.47681 1.28046
4.17 4.57327 1.20638
4.47 4.97046 1.08154
4.67 5.33424 0.989614
