-4.67 15.3505 1.68014e-11 1.68014e-11 7.41702e-37
-4.57 15.4691 1.39634e-07 1.39634e-07 7.02903e-35
-4.47 15.5878 3.89985e-12 3.89985e-12 7.02727e-35
-4.32 15.5055 1.16989e-12 1.16989e-12 1.206e-37
-4.17 15.4233 9.22808e-11 9.22808e-11 1.61381e-35
-4.07 15.4416 8.00019e-10 8.00019e-10 8.68015e-34
-3.97 15.46 9.29848e-10 9.29848e-10 1.70037e-34
-3.82 16.0085 3.13101e-10 3.13101e-10 2.87264e-36
-3.67 16.557 2.32352e-12 2.32352e-12 2.45606e-33
-3.57 17.0309 1.03577e-09 1.03577e-09 5.49926e-33
-3.47 17.5048 8.11439e-09 8.11439e-09 7.84679e-34
-3.32 18.1422 7.25041e-09 7.25041e-09 5.20483e-33
-3.17 18.7797 1.5608e-08 1.5608e-08 4.93065e-32
-3.07 18.7959 1.61386e-09 1.61386e-09 5.08885e-32
-2.97 18.812 4.03012e-08 4.03012e-08 8.55009e-32
-2.825 18.7709 2.81985e-09 2.81985e-09 1.21604e-30
-2.68 18.7298 2.68307e-11 2.68307e-11 1.0299e-32
-2.5775 18.7828 4.41251e-11 4.41251e-11 2.34506e-32
-2.475 18.8359 2.29668e-10 2.29668e-10 1.61798e-31
-2.325 18.8446 2.763e-08 2.763e-08 8.21494e-33
-2.175 18.8533 4.95579e-12 4.95579e-12 1.26287e-33
-2.0775 18.9115 8.60821e-10 8.60821e-10 3.63857e-33
-1.98 18.9696 4.62468e-12 4.62468e-12 1.68588e-30
-1.8375 19.3872 5.88355e-10 5.88355e-10 4.35391e-32
-1.695 19.8048 1.00983e-07 1.00983e-07 5.83164e-30
-1.595 19.8295 2.31167e-08 2.31167e-08 1.53783e-32
-1.495 19.8541 1.58026e-08 1.58026e-08 3.08731e-31
-1.3525 20.0923 6.0392e-11 6.0392e-11 2.16938e-31
-1.21 20.3305 1.22411e-08 1.22411e-08 7.37008e-32
-1.115 20.3321 7.57111e-11 7.57111e-11 1.73374e-31
-1.02 20.3338 1.13748e-11 1.13748e-11 4.26744e-31
-0.8825 20.3674 2.08138e-11 2.08138e-11 2.62264e-29
-0.745 20.4011 4.44875e-07 4.44875e-07 5.82874e-32
-0.655 20.297 2.13288e-05 2.13288e-05 8.22861e-30
-0.565 20.1929 4.07436e-09 4.07436e-09 1.24812e-31
-0.4325 20.1963 1.62591e-11 1.62591e-11 1.83876e-32
-0.3 20.1997 8.78871e-09 8.78871e-09 1.19546e-31
-0.2 20.2024 1.51858e-08 1.51858e-08 3.54686e-31
-0.1 20.2052 4.592e-09 4.592e-09 9.81167e-31
0 20.2052 1.25464e-07 1.25464e-07 2.71286e-31
0.1 20.2052 5.67219e-07 5.67219e-07 4.17996e-30
0.2 20.2024 6.28496e-10 6.28496e-10 3.9912e-30
0.3 20.1997 9.4246e-07 9.4246e-07 3.18336e-31
0.4325 20.1963 8.50416e-10 8.50416e-10 6.66197e-31
0.565 20.1929 1.85517e-12 1.85517e-12 7.80521e-29
0.655 20.297 6.10965e-10 6.10965e-10 9.76896e-31
0.745 20.4011 1.07066e-09 1.07066e-09 2.04936e-31
0.8825 20.3674 1.70999e-12 1.70999e-12 1.92544e-29
1.02 20.3338 5.21538e-09 5.21538e-09 5.02045e-30
1.115 20.3321 3.15352e-11 3.15352e-11 1.73658e-32
1.21 20.3305 9.85676e-11 9.85676e-11 1.03264e-28
1.3525 20.0923 1.09364e-10 1.09364e-10 1.83629e-29
1.495 19.8541 1.03256e-06 1.03256e-06 2.93762e-32
1.595 19.8295 1.12737e-09 1.12737e-09 7.17526e-32
1.695 19.8048 6.3165e-10 6.3165e-10 9.32543e-31
1.8375 19.3872 3.52934e-07 3.52934e-07 1.31407e-30
1.98 18.9696 3.60679e-06 3.60679e-06 4.91832e-32
2.0775 18.9115 1.71653e-12 1.71653e-12 3.60288e-32
2.175 18.8533 9.98462e-14 9.98462e-14 1.75137e-31
2.325 18.8446 7.77068e-10 7.77068e-10 1.01645e-32
2.475 18.8359 5.12349e-10 5.12349e-10 3.95029e-31
2.5775 18.7828 4.88359e-10 4.88359e-10 6.16134e-31
2.68 18.7298 4.04432e-10 4.04432e-10 1.79461e-32
2.825 18.7709 5.33222e-12 5.33222e-12 2.1852e-31
2.97 18.812 3.11812e-09 3.11812e-09 1.98041e-31
3.07 18.7959 4.26455e-07 4.26455e-07 2.53751e-32
3.17 18.7797 2.42534e-12 2.42534e-12 4.43345e-31
3.32 18.1422 6.89031e-10 6.89031e-10 1.73495e-32
3.47 17.5048 2.48586e-11 2.48586e-11 7.45805e-34
3.57 17.0309 6.78964e-10 6.78964e-10 3.53346e-32
3.67 16.557 4.96195e-12 4.96195e-12 1.59177e-33
3.82 16.0085 1.82601e-12 1.82601e-12 1.51436e-35
3.97 15.46 1.01301e-14 1.01301e-14 3.97101e-33
4.07 15.4416 2.88908e-10 2.88908e-10 1.51468e-35
4.17 15.4233 1.49424e-08 1.49424e-08 7.22904e-35
4.32 15.5055 9.14529e-09 9.14529e-09 5.58041e-36
4.47 15.5878 4.4902e-12 4.4902e-12 1.64429e-34
4.57 15.4691 1.09645e-10 1.09645e-10 9.39525e-35
4.67 15.3505 0.000118693 0.000118693 8.61032e-35
