-4.67 1028.68 0.213859 0.211521 0.00233797
-4.57 1044.93 0.343784 0.340599 0.00318555
-4.47 1061.17 0.253529 0.250372 0.00315686
-4.32 1075.43 0.339395 0.33757 0.00182496
-4.17 1089.7 0.320658 0.316842 0.0038157
-4.07 1110.85 0.503816 0.500916 0.00289965
-3.97 1132 0.473217 0.468216 0.00500077
-3.82 1185.74 0.55529 0.550442 0.00484728
-3.67 1239.49 0.558361 0.550959 0.00740232
-3.57 1281.03 0.664293 0.654603 0.00968983
-3.47 1322.58 0.62715 0.617889 0.00926088
-3.32 1346.19 0.589688 0.581159 0.00852861
-3.17 1369.81 0.859139 0.845833 0.0133067
-3.07 1384.57 0.650749 0.634714 0.0160348
-2.97 1399.33 1.08736 1.07578 0.0115799
-2.825 1416.63 1.16417 1.15042 0.0137533
-2.68 1433.94 0.745751 0.72663 0.0191215
-2.5775 1459.33 0.814569 0.79716 0.0174086
-2.475 1484.72 1.08826 1.071 0.0172593
-2.325 1506.12 0.91465 0.896853 0.0177978
-2.175 1527.53 0.797805 0.776912 0.0208927
-2.0775 1563.86 1.00608 0.983148 0.0229295
-1.98 1600.18 1.42744 1.39193 0.035512
-1.8375 1647.99 1.8207 1.77813 0.0425698
-1.695 1695.79 1.34543 1.30129 0.0441415
-1.595 1720.54 0.855779 0.813821 0.0419577
-1.495 1745.29 1.47377 1.42665 0.0471149
-1.3525 1763.16 1.50707 1.4548 0.0522714
-1.21 1781.04 1.97966 1.93557 0.0440957
-1.115 1789.94 1.24073 1.18788 0.052847
-1.02 1798.84 1.2563 1.20538 0.0509205
-0.8825 1806.99 1.88652 1.81532 0.0711991
-0.745 1815.14 1.60987 1.55009 0.0597761
-0.655 1816.82 1.50844 1.45138 0.0570554
-0.565 1818.49 1.95591 1.89274 0.0631704
-0.4325 1825.69 2.46256 2.40941 0.0531486
-0.3 1832.89 2.44026 2.3837 0.0565608
-0.2 1835.55 2.0373 1.97626 0.061039
-0.1 1838.21 1.05581 1.00785 0.0479541
0 1838.21 1.92257 1.86566 0.0569065
0.1 1838.21 1.71835 1.65942 0.058922
0.2 1835.55 1.49917 1.44296 0.056216
0.3 1832.89 1.99113 1.92003 0.0710953
0.4325 1825.69 1.45886 1.3917 0.0671659
0.565 1818.49 1.65663 1.5985 0.0581348
0.655 1816.82 1.2083 1.16843 0.0398744
0.745 1815.14 1.22054 1.16127 0.0592628
0.8825 1806.99 1.34659 1.30116 0.0454304
1.02 1798.84 1.60393 1.54542 0.0585103
1.115 1789.94 1.65796 1.5819 0.076058
1.21 1781.04 1.29414 1.24214 0.0520032
1.3525 1763.16 1.15562 1.08261 0.0730056
1.495 1745.29 1.33096 1.28412 0.0468369
1.595 1720.54 1.02384 0.97953 0.0443129
1.695 1695.79 1.72826 1.67986 0.0484017
1.8375 1647.99 1.30723 1.26481 0.0424145
1.98 1600.18 0.995295 0.969922 0.0253731
2.0775 1563.86 1.24748 1.21671 0.0307631
2.175 1527.53 1.08832 1.065 0.0233263
2.325 1506.12 1.20134 1.17557 0.025773
2.475 1484.72 0.827658 0.808727 0.0189317
2.5775 1459.33 0.778741 0.75858 0.0201614
2.68 1433.94 0.809919 0.791215 0.0187035
2.825 1416.63 0.636687 0.617741 0.0189454
2.97 1399.33 0.770875 0.752919 0.0179561
3.07 1384.57 0.672296 0.655821 0.0164747
3.17 1369.81 0.95219 0.942062 0.0101284
3.32 1346.19 0.715644 0.706127 0.00951685
3.47 1322.58 0.876093 0.867562 0.00853188
3.57 1281.03 0.443859 0.435179 0.00868
3.67 1239.49 0.570332 0.563802 0.00653034
3.82 1185.74 0.37698 0.371347 0.00563335
3.97 1132 0.348895 0.344934 0.00396105
4.07 1110.85 0.380447 0.377212 0.00323455
4.17 1089.7 0.312974 0.308975 0.0039987
4.32 1075.43 0.375785 0.366938 0.00884705
4.47 1061.17 0.332039 0.328743 0.00329628
4.57 1044.93 0.52113 0.518253 0.00287696
4.67 1028.68 0.249334 0.247739 0.00159516
