-4.67 228.662 0.00569117 0.00569116 6.73695e-09
-4.57 231.139 0.00266559 0.00266559 3.90102e-09
-4.47 233.617 0.000972316 0.000972303 1.32195e-08
-4.32 235.649 0.00349827 0.00349826 8.02153e-09
-4.17 237.68 0.00096383 0.000963819 1.10329e-08
-4.07 241.19 0.00098465 0.000984636 1.39228e-08
-3.97 244.7 0.00062479 0.00062477 1.90897e-08
-3.82 255.304 0.00397734 0.00397733 1.21524e-08
-3.67 265.909 0.0124929 0.0124929 5.32367e-08
-3.57 274.988 0.00229712 0.00229707 4.52974e-08
-3.47 284.068 0.0174966 0.0174966 4.39001e-08
-3.32 293.678 0.00912999 0.00912983 1.59025e-07
-3.17 303.287 0.00388689 0.00388677 1.21812e-07
-3.07 305.711 0.0113176 0.0113174 1.55135e-07
-2.97 308.135 0.00902806 0.00902789 1.71476e-07
-2.825 310.2 0.00300159 0.00300128 3.05155e-07
-2.68 312.264 0.00207647 0.0020762 2.68597e-07
-2.5775 316.238 0.00294192 0.00294173 1.90881e-07
-2.475 320.211 0.00572138 0.00572109 2.8552e-07
-2.325 323.451 0.00821099 0.00821076 2.26361e-07
-2.175 326.69 0.00952008 0.0095196 4.77878e-07
-2.0775 330.399 0.00973344 0.00973303 4.07228e-07
-1.98 334.109 0.0222267 0.0222265 2.1302e-07
-1.8375 339.882 0.0118024 0.0118018 5.93586e-07
-1.695 345.656 0.0066772 0.00667657 6.37353e-07
-1.595 349.539 0.00710299 0.00710258 4.05345e-07
-1.495 353.423 0.00538177 0.00538154 2.28272e-07
-1.3525 356.827 0.020677 0.0206761 9.03841e-07
-1.21 360.231 0.0160485 0.0160478 7.59998e-07
-1.115 361.774 0.0171189 0.0171176 1.24229e-06
-1.02 363.318 0.014203 0.0142025 4.95787e-07
-0.8825 364.993 0.0114845 0.0114836 8.76693e-07
-0.745 366.668 0.0268851 0.0268846 5.29545e-07
-0.655 366.361 0.0145018 0.0144999 1.93844e-06
-0.565 366.053 0.00524588 0.00524514 7.43869e-07
-0.4325 367.062 0.00466158 0.00466037 1.21289e-06
-0.3 368.071 0.0129483 0.0129474 9.184e-07
-0.2 368.379 0.0131725 0.0131716 8.40374e-07
-0.1 368.687 0.0165379 0.0165372 6.61675e-07
0 368.687 0.00370161 0.00370061 9.98173e-07
0.1 368.687 0.00917976 0.00917818 1.58606e-06
0.2 368.379 0.0355017 0.0355005 1.12317e-06
0.3 368.071 0.00777055 0.00776858 1.974e-06
0.4325 367.062 0.0330205 0.0330195 1.0229e-06
0.565 366.053 0.0160007 0.0159998 8.43027e-07
0.655 366.361 0.0122168 0.012216 8.10554e-07
0.745 366.668 0.00753693 0.00753527 1.65551e-06
0.8825 364.993 0.0107265 0.0107251 1.47051e-06
1.02 363.318 0.00743016 0.00742984 3.17039e-07
1.115 361.774 0.0184866 0.0184859 7.08312e-07
1.21 360.231 0.0247391 0.0247382 9.39236e-07
1.3525 356.827 0.0180092 0.0180085 7.05774e-07
1.495 353.423 0.0073696 0.00736884 7.58509e-07
1.595 349.539 0.0242879 0.0242875 3.6818e-07
1.695 345.656 0.00154775 0.00154678 9.74961e-07
1.8375 339.882 0.018507 0.0185065 5.05702e-07
1.98 334.109 0.0106996 0.0106991 5.13401e-07
2.0775 330.399 0.00395901 0.00395855 4.64275e-07
2.175 326.69 0.00405378 0.00405354 2.45771e-07
2.325 323.451 0.00761747 0.00761732 1.55553e-07
2.475 320.211 0.00468267 0.00468236 3.09073e-07
2.5775 316.238 0.00416032 0.00415998 3.36886e-07
2.68 312.264 0.00178064 0.00178026 3.80707e-07
2.825 310.2 0.00343343 0.00343325 1.78032e-07
2.97 308.135 0.0114662 0.011466 1.34894e-07
3.07 305.711 0.00264369 0.00264355 1.42196e-07
3.17 303.287 0.0132357 0.0132355 1.98568e-07
3.32 293.678 0.00271451 0.00271436 1.42709e-07
3.47 284.068 0.00401653 0.00401644 9.44355e-08
3.57 274.988 0.00287924 0.00287909 1.50178e-07
3.67 265.909 0.0100886 0.0100886 4.41352e-08
3.82 255.304 0.000753664 0.000753653 1.05598e-08
3.97 244.7 0.00270622 0.0027062 2.34694e-08
4.07 241.19 0.00472934 0.00472932 2.01307e-08
4.17 237.68 0.00253482 0.0025348 2.49056e-08
4.32 235.649 0.000632125 0.000632115 9.99567e-09
4.47 233.617 0.00172925 0.00172923 1.58943e-08
4.57 231.139 0.00315321 0.00315321 3.67059e-09
4.67 228.662 0.000452032 0.00045203 2.89001e-09
