-4.67 358.743 0.00296718 0.00296658 5.97916e-07
-4.57 363.228 0.0110598 0.0110576 2.20568e-06
-4.47 367.713 0.00875134 0.00874989 1.45411e-06
-4.32 371.089 0.0225711 0.0225704 7.63359e-07
-4.17 374.465 0.00673829 0.00673717 1.11665e-06
-4.07 380.582 0.00325813 0.00325636 1.76984e-06
-3.97 386.7 0.00654923 0.00654735 1.8745e-06
-3.82 403.798 0.0127193 0.0127162 3.10432e-06
-3.67 420.896 0.0553958 0.0553895 6.27374e-06
-3.57 435.656 0.0153639 0.0153575 6.45856e-06
-3.47 450.415 0.0109499 0.0109424 7.49222e-06
-3.32 463.719 0.0278892 0.0278793 9.90755e-06
-3.17 477.023 0.0333765 0.0333547 2.18191e-05
-3.07 481.307 0.0371256 0.0371159 9.65425e-06
-2.97 485.591 0.0867149 0.086705 9.97323e-06
-2.825 489.355 0.0451055 0.0450963 9.26011e-06
-2.68 493.118 0.0499284 0.0499199 8.54658e-06
-2.5775 499.686 0.0399582 0.0399426 1.55951e-05
-2.475 506.254 0.0726132 0.072602 1.12056e-05
-2.325 511.904 0.0431435 0.0431274 1.61156e-05
-2.175 517.554 0.0155903 0.0155587 3.16165e-05
-2.0775 524.963 0.0623392 0.062319 2.02043e-05
-1.98 532.372 0.0658597 0.0658439 1.58257e-05
-1.8375 544.639 0.0260892 0.026074 1.5186e-05
-1.695 556.907 0.0260413 0.0260173 2.40761e-05
-1.595 563.791 0.0402763 0.0402536 2.27411e-05
-1.495 570.675 0.0455478 0.0454977 5.01879e-05
-1.3525 576.159 0.215441 0.2154 4.10041e-05
-1.21 581.643 0.0636888 0.063646 4.28274e-05
-1.115 584.263 0.041017 0.0409494 6.75354e-05
-1.02 586.882 0.0484768 0.0484104 6.63813e-05
-0.8825 589.807 0.0473376 0.0472956 4.20687e-05
-0.745 592.733 0.068877 0.0688407 3.62995e-05
-0.655 592.305 0.0402676 0.0401978 6.98712e-05
-0.565 591.878 0.0483839 0.0483103 7.36325e-05
-0.4325 593.942 0.0383574 0.0382914 6.59595e-05
-0.3 596.006 0.0814577 0.0814042 5.34993e-05
-0.2 596.843 0.0535889 0.0535514 3.74582e-05
-0.1 597.68 0.136909 0.136852 5.72455e-05
0 597.68 0.0393832 0.0393314 5.1859e-05
0.1 597.68 0.0599687 0.0599047 6.39568e-05
0.2 596.843 0.0266908 0.0266284 6.24173e-05
0.3 596.006 0.0662704 0.0662272 4.3264e-05
0.4325 593.942 0.057778 0.0577235 5.45024e-05
0.565 591.878 0.0804932 0.0804526 4.06141e-05
0.655 592.305 0.0388516 0.0387544 9.72668e-05
0.745 592.733 0.0711255 0.0710916 3.38868e-05
0.8825 589.807 0.0417618 0.0417047 5.71101e-05
1.02 586.882 0.0397653 0.0396852 8.01032e-05
1.115 584.263 0.0375002 0.0374511 4.91179e-05
1.21 581.643 0.0779056 0.07786 4.56361e-05
1.3525 576.159 0.0508415 0.0507995 4.19632e-05
1.495 570.675 0.0582299 0.0581824 4.75106e-05
1.595 563.791 0.0663202 0.0662831 3.71335e-05
1.695 556.907 0.146527 0.146479 4.78155e-05
1.8375 544.639 0.0555219 0.0554946 2.73167e-05
1.98 532.372 0.0297935 0.029762 3.14892e-05
2.0775 524.963 0.0133352 0.0133215 1.36608e-05
2.175 517.554 0.0342283 0.0342169 1.14095e-05
2.325 511.904 0.0856443 0.0856274 1.68728e-05
2.475 506.254 0.0535214 0.0535132 8.22805e-06
2.5775 499.686 0.0886177 0.0885863 3.14413e-05
2.68 493.118 0.0126174 0.0126108 6.59033e-06
2.825 489.355 0.0317378 0.0317304 7.41605e-06
2.97 485.591 0.012416 0.0124032 1.28247e-05
3.07 481.307 0.0595707 0.0595639 6.87867e-06
3.17 477.023 0.0246906 0.0246829 7.61299e-06
3.32 463.719 0.00885932 0.00885063 8.68511e-06
3.47 450.415 0.0185789 0.0185752 3.66986e-06
3.57 435.656 0.0527747 0.0527669 7.7802e-06
3.67 420.896 0.0105562 0.0105514 4.85466e-06
3.82 403.798 0.0107288 0.0107267 2.08357e-06
3.97 386.7 0.0069549 0.0069528 2.10668e-06
4.07 380.582 0.00992682 0.00992465 2.17353e-06
4.17 374.465 0.012386 0.0123847 1.26133e-06
4.32 371.089 0.010976 0.0109748 1.16882e-06
4.47 367.713 0.0132393 0.0132385 8.41317e-07
4.57 363.228 0.00294045 0.00293904 1.40563e-06
4.67 358.743 0.0353143 0.0353131 1.2739e-06
