-4.67 0.0981179
-4.57 0.11673
-4.47 0.10666
-4.32 0.121493
-4.17 0.117613
-4.07 0.142357
-3.97 0.137649
-3.82 0.17077
-3.67 0.172298
-3.57 0.19797
-3.47 0.220551
-3.32 0.223437
-3.17 0.244063
-3.07 0.28236
-2.97 0.310616
-2.825 0.288272
-2.68 0.291993
-2.5775 0.327612
-2.475 0.302312
-2.325 0.318761
-2.175 0.290195
-2.0775 0.315747
-1.98 0.410297
-1.8375 0.426876
-1.695 0.418657
-1.595 0.418372
-1.495 0.443352
-1.3525 0.503538
-1.21 0.517961
-1.115 0.445589
-1.02 0.493466
-0.8825 0.565686
-0.745 0.505048
-0.655 0.476324
-0.565 0.544802
-0.4325 0.615947
-0.3 0.574707
-0.2 0.566538
-0.1 0.516892
0 0.558519
0.1 0.512722
0.2 0.523764
0.3 0.557087
0.4325 0.509952
0.565 0.48806
0.655 0.427702
0.745 0.442029
0.8825 0.490841
1.02 0.541185
1.115 0.509649
1.21 0.46481
1.3525 0.424161
1.495 0.436977
1.595 0.385693
1.695 0.44727
1.8375 0.408044
1.98 0.325567
2.0775 0.374819
2.175 0.329361
2.325 0.33988
2.475 0.282471
2.5775 0.285423
2.68 0.258618
2.825 0.24037
2.97 0.249784
3.07 0.246355
3.17 0.256827
3.32 0.230477
3.47 0.224272
3.57 0.177807
3.67 0.200902
3.82 0.151123
3.97 0.154988
4.07 0.134134
4.17 0.108692
4.32 0.118804
4.47 0.133299
4.57 0.133452
4.67 0.103044
